#depth	H	H+	H2
 1.90816e+18	1.19e-04	1.00e+00	1.05e-20
 1.14489e+19	1.19e-04	1.00e+00	9.91e-21
 4.96121e+19	1.23e-04	1.00e+00	1.14e-20
 1.43459e+20	1.32e-04	1.00e+00	1.64e-20
 2.64620e+20	1.43e-04	1.00e+00	2.40e-20
 3.64462e+20	1.53e-04	1.00e+00	3.17e-20
 4.46259e+20	1.61e-04	1.00e+00	3.99e-20
 5.37799e+20	1.71e-04	1.00e+00	5.14e-20
 6.38934e+20	1.81e-04	1.00e+00	6.69e-20
 7.32503e+20	1.92e-04	1.00e+00	8.47e-20
 8.34103e+20	2.03e-04	1.00e+00	1.09e-19
 9.46040e+20	2.16e-04	1.00e+00	1.42e-19
 1.04924e+21	2.29e-04	1.00e+00	1.79e-19
 1.16123e+21	2.42e-04	1.00e+00	2.30e-19
 1.28689e+21	2.58e-04	1.00e+00	3.00e-19
 1.40328e+21	2.73e-04	1.00e+00	3.81e-19
 1.52754e+21	2.89e-04	1.00e+00	4.91e-19
 1.66676e+21	3.07e-04	1.00e+00	6.44e-19
 1.79755e+21	3.25e-04	1.00e+00	8.21e-19
 1.93969e+21	3.44e-04	1.00e+00	1.08e-18
 2.09865e+21	3.66e-04	1.00e+00	1.43e-18
 2.24399e+21	3.86e-04	1.00e+00	1.83e-18
 2.39743e+21	4.09e-04	1.00e+00	2.39e-18
 2.56947e+21	4.33e-04	1.00e+00	3.20e-18
 2.73154e+21	4.57e-04	1.00e+00	4.14e-18
 2.87439e+21	4.77e-04	1.00e+00	5.26e-18
 3.02640e+21	5.00e-04	1.00e+00	6.79e-18
 3.19268e+21	5.24e-04	9.99e-01	8.74e-18
 3.34621e+21	5.47e-04	9.99e-01	1.12e-17
 3.51449e+21	5.73e-04	9.99e-01	1.47e-17
 3.69488e+21	5.99e-04	9.99e-01	1.97e-17
 3.85728e+21	6.23e-04	9.99e-01	2.59e-17
 4.03469e+21	6.52e-04	9.99e-01	3.52e-17
 4.22527e+21	6.81e-04	9.99e-01	4.89e-17
 4.39704e+21	7.07e-04	9.99e-01	6.71e-17
 4.58439e+21	7.38e-04	9.99e-01	9.63e-17
 4.78386e+21	7.69e-04	9.99e-01	1.42e-16
 4.96114e+21	7.98e-04	9.99e-01	2.08e-16
 5.15363e+21	8.32e-04	9.99e-01	3.70e-16
 5.35997e+21	8.68e-04	9.99e-01	5.76e-16
 5.54188e+21	8.99e-04	9.99e-01	1.49e-15
 5.64990e+21	9.14e-04	9.99e-01	2.51e-15
 5.70427e+21	9.25e-04	9.99e-01	3.36e-15
 5.77495e+21	9.39e-04	9.99e-01	4.27e-15
 5.86683e+21	9.61e-04	9.99e-01	6.69e-15
 5.98629e+21	9.89e-04	9.99e-01	1.10e-14
 6.14158e+21	1.02e-03	9.99e-01	1.63e-14
 6.34345e+21	1.08e-03	9.99e-01	3.23e-14
 6.55886e+21	1.13e-03	9.99e-01	4.60e-14
 6.75047e+21	1.19e-03	9.99e-01	5.89e-14
 6.95817e+21	1.26e-03	9.99e-01	7.39e-14
 7.22818e+21	1.36e-03	9.99e-01	9.61e-14
 7.48508e+21	1.46e-03	9.99e-01	1.22e-13
 7.66752e+21	1.54e-03	9.98e-01	1.45e-13
 7.81619e+21	1.61e-03	9.98e-01	1.68e-13
 7.97837e+21	1.70e-03	9.98e-01	1.98e-13
 8.18920e+21	1.81e-03	9.98e-01	2.44e-13
 8.40602e+21	1.94e-03	9.98e-01	2.99e-13
 8.58762e+21	2.05e-03	9.98e-01	3.54e-13
 8.78071e+21	2.18e-03	9.98e-01	4.27e-13
 9.03172e+21	2.36e-03	9.98e-01	5.42e-13
 9.28569e+21	2.55e-03	9.97e-01	6.80e-13
 9.49014e+21	2.71e-03	9.97e-01	8.18e-13
 9.70255e+21	2.91e-03	9.97e-01	9.99e-13
 9.97869e+21	3.18e-03	9.97e-01	1.29e-12
 1.02566e+22	3.48e-03	9.97e-01	1.66e-12
 1.04716e+22	3.73e-03	9.96e-01	2.02e-12
 1.06859e+22	4.01e-03	9.96e-01	2.47e-12
 1.09264e+22	4.36e-03	9.96e-01	3.10e-12
 1.11473e+22	4.72e-03	9.95e-01	3.82e-12
 1.13401e+22	5.07e-03	9.95e-01	4.62e-12
 1.15504e+22	5.50e-03	9.95e-01	5.72e-12
 1.17766e+22	6.01e-03	9.94e-01	7.21e-12
 1.19696e+22	6.51e-03	9.93e-01	8.83e-12
 1.21328e+22	6.98e-03	9.93e-01	1.06e-11
 1.23112e+22	7.55e-03	9.92e-01	1.29e-11
 1.25068e+22	8.27e-03	9.92e-01	1.61e-11
 1.26785e+22	8.99e-03	9.91e-01	1.98e-11
 1.28239e+22	9.67e-03	9.90e-01	2.37e-11
 1.29816e+22	1.05e-02	9.89e-01	2.91e-11
 1.31546e+22	1.16e-02	9.88e-01	3.64e-11
 1.33069e+22	1.26e-02	9.87e-01	4.50e-11
 1.34369e+22	1.37e-02	9.86e-01	5.44e-11
 1.35787e+22	1.50e-02	9.85e-01	6.71e-11
 1.37358e+22	1.66e-02	9.83e-01	8.56e-11
 1.38649e+22	1.82e-02	9.82e-01	1.06e-10
 1.39595e+22	1.96e-02	9.80e-01	1.24e-10
 1.40573e+22	2.11e-02	9.79e-01	1.47e-10
 1.41844e+22	2.34e-02	9.77e-01	1.86e-10
 1.43181e+22	2.62e-02	9.74e-01	2.41e-10
 1.44296e+22	2.91e-02	9.71e-01	3.03e-10
 1.45279e+22	3.19e-02	9.68e-01	3.73e-10
 1.46399e+22	3.57e-02	9.64e-01	4.81e-10
 1.47659e+22	4.10e-02	9.59e-01	6.50e-10
 1.48804e+22	4.70e-02	9.53e-01	8.78e-10
 1.49769e+22	5.31e-02	9.47e-01	1.15e-09
 1.50795e+22	6.07e-02	9.39e-01	1.53e-09
 1.51901e+22	7.14e-02	9.29e-01	2.18e-09
 1.52808e+22	8.27e-02	9.17e-01	2.99e-09
 1.53492e+22	9.29e-02	9.07e-01	3.83e-09
 1.54191e+22	1.04e-01	8.96e-01	4.88e-09
 1.54974e+22	1.20e-01	8.80e-01	6.62e-09
 1.55510e+22	1.35e-01	8.65e-01	8.47e-09
 1.55725e+22	1.40e-01	8.60e-01	9.21e-09
 1.55878e+22	1.44e-01	8.56e-01	9.75e-09
 1.56072e+22	1.50e-01	8.50e-01	1.06e-08
 1.56324e+22	1.57e-01	8.43e-01	1.18e-08
 1.56601e+22	1.66e-01	8.34e-01	1.32e-08
 1.56864e+22	1.75e-01	8.25e-01	1.49e-08
 1.57105e+22	1.84e-01	8.16e-01	1.64e-08
 1.57342e+22	1.93e-01	8.07e-01	1.83e-08
 1.57588e+22	2.02e-01	7.98e-01	2.01e-08
 1.57841e+22	2.13e-01	7.87e-01	2.25e-08
 1.58096e+22	2.24e-01	7.76e-01	2.53e-08
 1.58332e+22	2.35e-01	7.65e-01	2.81e-08
 1.58560e+22	2.46e-01	7.54e-01	3.09e-08
 1.58799e+22	2.57e-01	7.43e-01	3.39e-08
 1.59066e+22	2.70e-01	7.30e-01	3.80e-08
 1.59342e+22	2.85e-01	7.15e-01	4.27e-08
 1.59595e+22	2.99e-01	7.01e-01	4.75e-08
 1.59833e+22	3.12e-01	6.88e-01	5.25e-08
 1.60077e+22	3.26e-01	6.74e-01	5.79e-08
 1.60337e+22	3.42e-01	6.58e-01	6.42e-08
 1.60609e+22	3.58e-01	6.42e-01	7.15e-08
 1.60880e+22	3.75e-01	6.25e-01	7.94e-08
 1.61151e+22	3.92e-01	6.08e-01	8.79e-08
 1.61427e+22	4.09e-01	5.91e-01	9.72e-08
 1.61714e+22	4.28e-01	5.72e-01	1.08e-07
 1.62010e+22	4.47e-01	5.53e-01	1.20e-07
 1.62312e+22	4.67e-01	5.33e-01	1.33e-07
 1.62620e+22	4.87e-01	5.13e-01	1.47e-07
 1.62938e+22	5.08e-01	4.92e-01	1.62e-07
 1.63271e+22	5.31e-01	4.69e-01	1.80e-07
 1.63541e+22	5.49e-01	4.51e-01	1.94e-07
 1.63712e+22	5.59e-01	4.41e-01	2.03e-07
 1.63868e+22	5.68e-01	4.32e-01	2.11e-07
 1.64067e+22	5.80e-01	4.20e-01	2.23e-07
 1.64299e+22	5.94e-01	4.06e-01	2.37e-07
 1.64520e+22	6.09e-01	3.91e-01	2.51e-07
 1.64706e+22	6.20e-01	3.80e-01	2.61e-07
 1.64887e+22	6.31e-01	3.69e-01	2.73e-07
 1.65089e+22	6.43e-01	3.57e-01	2.85e-07
 1.65301e+22	6.56e-01	3.44e-01	2.99e-07
 1.65500e+22	6.68e-01	3.32e-01	3.12e-07
 1.65682e+22	6.78e-01	3.22e-01	3.23e-07
 1.65869e+22	6.89e-01	3.11e-01	3.35e-07
 1.66072e+22	7.00e-01	3.00e-01	3.48e-07
 1.66277e+22	7.12e-01	2.88e-01	3.60e-07
 1.66468e+22	7.22e-01	2.78e-01	3.72e-07
 1.66649e+22	7.32e-01	2.68e-01	3.83e-07
 1.66835e+22	7.41e-01	2.59e-01	3.94e-07
 1.67033e+22	7.51e-01	2.49e-01	4.04e-07
 1.67237e+22	7.61e-01	2.39e-01	4.15e-07
 1.67431e+22	7.71e-01	2.29e-01	4.25e-07
 1.67614e+22	7.79e-01	2.21e-01	4.33e-07
 1.67800e+22	7.87e-01	2.13e-01	4.41e-07
 1.68001e+22	7.96e-01	2.04e-01	4.49e-07
 1.68205e+22	8.05e-01	1.95e-01	4.57e-07
 1.68397e+22	8.13e-01	1.87e-01	4.63e-07
 1.68582e+22	8.20e-01	1.80e-01	4.68e-07
 1.68776e+22	8.27e-01	1.73e-01	4.72e-07
 1.68979e+22	8.34e-01	1.66e-01	4.76e-07
 1.69178e+22	8.41e-01	1.59e-01	4.79e-07
 1.69368e+22	8.47e-01	1.53e-01	4.80e-07
 1.69555e+22	8.53e-01	1.47e-01	4.82e-07
 1.69751e+22	8.58e-01	1.42e-01	4.82e-07
 1.69953e+22	8.64e-01	1.36e-01	4.81e-07
 1.70150e+22	8.70e-01	1.30e-01	4.80e-07
 1.70344e+22	8.74e-01	1.26e-01	4.78e-07
 1.70543e+22	8.79e-01	1.21e-01	4.76e-07
 1.70748e+22	8.84e-01	1.16e-01	4.72e-07
 1.70954e+22	8.88e-01	1.12e-01	4.68e-07
 1.71159e+22	8.92e-01	1.08e-01	4.62e-07
 1.71365e+22	8.96e-01	1.04e-01	4.56e-07
 1.71570e+22	8.99e-01	1.01e-01	4.50e-07
 1.71772e+22	9.02e-01	9.78e-02	4.43e-07
 1.71971e+22	9.05e-01	9.50e-02	4.36e-07
 1.72169e+22	9.08e-01	9.24e-02	4.30e-07
 1.72365e+22	9.10e-01	8.99e-02	4.23e-07
 1.72562e+22	9.12e-01	8.76e-02	4.16e-07
 1.72760e+22	9.15e-01	8.55e-02	4.10e-07
 1.72960e+22	9.17e-01	8.34e-02	4.01e-07
 1.73161e+22	9.18e-01	8.15e-02	3.92e-07
 1.73365e+22	9.20e-01	7.97e-02	3.82e-07
 1.73565e+22	9.22e-01	7.80e-02	3.74e-07
 1.73768e+22	9.23e-01	7.65e-02	3.66e-07
 1.73982e+22	9.25e-01	7.49e-02	3.58e-07
 1.74198e+22	9.27e-01	7.34e-02	3.50e-07
 1.74419e+22	9.28e-01	7.20e-02	3.43e-07
 1.74648e+22	9.29e-01	7.06e-02	3.35e-07
 1.74869e+22	9.31e-01	6.94e-02	3.28e-07
 1.75070e+22	9.31e-01	6.86e-02	3.22e-07
 1.75253e+22	9.32e-01	6.78e-02	3.17e-07
 1.75419e+22	9.33e-01	6.73e-02	3.12e-07
 1.75601e+22	9.34e-01	6.65e-02	3.07e-07
 1.75798e+22	9.34e-01	6.56e-02	3.01e-07
 1.75977e+22	9.35e-01	6.52e-02	2.96e-07
 1.76140e+22	9.35e-01	6.45e-02	2.94e-07
 1.76319e+22	9.36e-01	6.38e-02	2.90e-07
 1.76551e+22	9.37e-01	6.29e-02	2.86e-07
 1.76802e+22	9.38e-01	6.18e-02	2.81e-07
 1.77030e+22	9.39e-01	6.11e-02	2.77e-07
 1.77237e+22	9.39e-01	6.07e-02	2.74e-07
 1.77465e+22	9.40e-01	6.01e-02	2.70e-07
 1.77710e+22	9.41e-01	5.93e-02	2.67e-07
 1.77979e+22	9.41e-01	5.86e-02	2.62e-07
 1.78270e+22	9.42e-01	5.77e-02	2.58e-07
 1.78534e+22	9.43e-01	5.71e-02	2.56e-07
 1.78823e+22	9.43e-01	5.66e-02	2.53e-07
 1.79136e+22	9.44e-01	5.58e-02	2.49e-07
 1.79421e+22	9.45e-01	5.54e-02	2.46e-07
 1.79732e+22	9.45e-01	5.50e-02	2.44e-07
 1.80138e+22	9.46e-01	5.40e-02	2.41e-07
 1.80575e+22	9.47e-01	5.31e-02	2.38e-07
 1.80974e+22	9.47e-01	5.25e-02	2.35e-07
 1.81410e+22	9.48e-01	5.20e-02	2.32e-07
 1.81881e+22	9.49e-01	5.11e-02	2.30e-07
 1.82310e+22	9.49e-01	5.06e-02	2.27e-07
 1.82779e+22	9.50e-01	5.01e-02	2.24e-07
 1.83286e+22	9.51e-01	4.93e-02	2.21e-07
 1.83748e+22	9.51e-01	4.88e-02	2.19e-07
 1.84254e+22	9.52e-01	4.82e-02	2.16e-07
 1.84800e+22	9.53e-01	4.74e-02	2.13e-07
 1.85296e+22	9.53e-01	4.69e-02	2.10e-07
 1.85748e+22	9.54e-01	4.65e-02	2.08e-07
 1.86160e+22	9.54e-01	4.61e-02	2.06e-07
 1.86611e+22	9.54e-01	4.56e-02	2.03e-07
 1.87097e+22	9.55e-01	4.49e-02	2.00e-07
 1.87540e+22	9.55e-01	4.45e-02	1.99e-07
 1.88026e+22	9.56e-01	4.40e-02	1.96e-07
 1.88549e+22	9.57e-01	4.33e-02	1.94e-07
 1.89026e+22	9.57e-01	4.29e-02	1.92e-07
 1.89549e+22	9.58e-01	4.24e-02	1.89e-07
 1.90113e+22	9.58e-01	4.17e-02	1.86e-07
 1.90626e+22	9.59e-01	4.13e-02	1.83e-07
 1.91093e+22	9.59e-01	4.09e-02	1.81e-07
 1.91605e+22	9.59e-01	4.05e-02	1.78e-07
 1.92157e+22	9.60e-01	3.99e-02	1.75e-07
 1.92660e+22	9.61e-01	3.95e-02	1.73e-07
 1.93211e+22	9.61e-01	3.90e-02	1.70e-07
 1.93806e+22	9.62e-01	3.84e-02	1.68e-07
 1.94347e+22	9.62e-01	3.80e-02	1.66e-07
 1.94940e+22	9.62e-01	3.76e-02	1.63e-07
 1.95581e+22	9.63e-01	3.70e-02	1.61e-07
 1.96163e+22	9.63e-01	3.67e-02	1.60e-07
 1.96802e+22	9.64e-01	3.63e-02	1.57e-07
 1.97491e+22	9.64e-01	3.57e-02	1.55e-07
 1.98119e+22	9.65e-01	3.54e-02	1.54e-07
 1.98806e+22	9.65e-01	3.50e-02	1.51e-07
 1.99548e+22	9.66e-01	3.43e-02	1.49e-07
 2.00224e+22	9.66e-01	3.40e-02	1.48e-07
 2.00964e+22	9.66e-01	3.35e-02	1.46e-07
 2.01762e+22	9.67e-01	3.30e-02	1.44e-07
 2.02489e+22	9.67e-01	3.26e-02	1.42e-07
 2.03286e+22	9.68e-01	3.22e-02	1.40e-07
 2.04146e+22	9.68e-01	3.17e-02	1.38e-07
 2.04929e+22	9.69e-01	3.13e-02	1.37e-07
 2.05786e+22	9.69e-01	3.08e-02	1.35e-07
 2.06712e+22	9.70e-01	3.03e-02	1.33e-07
 2.07555e+22	9.70e-01	3.00e-02	1.31e-07
 2.08478e+22	9.71e-01	2.95e-02	1.29e-07
 2.09475e+22	9.71e-01	2.90e-02	1.28e-07
 2.10382e+22	9.71e-01	2.86e-02	1.26e-07
 2.11376e+22	9.72e-01	2.82e-02	1.25e-07
 2.12449e+22	9.72e-01	2.77e-02	1.23e-07
 2.13425e+22	9.73e-01	2.73e-02	1.22e-07
 2.14495e+22	9.73e-01	2.69e-02	1.20e-07
 2.15650e+22	9.74e-01	2.64e-02	1.19e-07
 2.16701e+22	9.74e-01	2.60e-02	1.18e-07
 2.17853e+22	9.74e-01	2.56e-02	1.16e-07
 2.19097e+22	9.75e-01	2.51e-02	1.15e-07
 2.20228e+22	9.75e-01	2.48e-02	1.14e-07
 2.21258e+22	9.76e-01	2.44e-02	1.13e-07
 2.22195e+22	9.76e-01	2.41e-02	1.12e-07
 2.23222e+22	9.76e-01	2.38e-02	1.11e-07
 2.24330e+22	9.77e-01	2.34e-02	1.10e-07
 2.25339e+22	9.77e-01	2.32e-02	1.09e-07
 2.26445e+22	9.77e-01	2.28e-02	1.08e-07
 2.27638e+22	9.78e-01	2.25e-02	1.07e-07
 2.28724e+22	9.78e-01	2.22e-02	1.07e-07
 2.29914e+22	9.78e-01	2.19e-02	1.06e-07
 2.31199e+22	9.79e-01	2.15e-02	1.05e-07
 2.32368e+22	9.79e-01	2.12e-02	1.04e-07
 2.33649e+22	9.79e-01	2.09e-02	1.03e-07
 2.35032e+22	9.79e-01	2.05e-02	1.02e-07
 2.36291e+22	9.80e-01	2.03e-02	1.02e-07
 2.37670e+22	9.80e-01	1.99e-02	1.01e-07
 2.39159e+22	9.80e-01	1.96e-02	1.00e-07
 2.40514e+22	9.81e-01	1.93e-02	9.98e-08
 2.41998e+22	9.81e-01	1.90e-02	9.90e-08
 2.43601e+22	9.81e-01	1.86e-02	9.83e-08
 2.45060e+22	9.82e-01	1.84e-02	9.78e-08
 2.46658e+22	9.82e-01	1.80e-02	9.70e-08
 2.48384e+22	9.82e-01	1.77e-02	9.64e-08
 2.49954e+22	9.83e-01	1.74e-02	9.59e-08
 2.51674e+22	9.83e-01	1.71e-02	9.52e-08
 2.53532e+22	9.83e-01	1.68e-02	9.47e-08
 2.55222e+22	9.83e-01	1.66e-02	9.41e-08
 2.56761e+22	9.84e-01	1.63e-02	9.39e-08
 2.58446e+22	9.84e-01	1.60e-02	9.33e-08
 2.60266e+22	9.84e-01	1.57e-02	9.29e-08
 2.62260e+22	9.85e-01	1.54e-02	9.23e-08
 2.64413e+22	9.85e-01	1.51e-02	9.16e-08
 2.66372e+22	9.85e-01	1.49e-02	9.14e-08
 2.68518e+22	9.85e-01	1.46e-02	9.10e-08
 2.70836e+22	9.86e-01	1.43e-02	9.06e-08
 2.72945e+22	9.86e-01	1.40e-02	9.02e-08
 2.74864e+22	9.86e-01	1.38e-02	9.00e-08
 2.76967e+22	9.86e-01	1.35e-02	8.98e-08
 2.79237e+22	9.87e-01	1.33e-02	8.95e-08
 2.81303e+22	9.87e-01	1.31e-02	8.93e-08
 2.83567e+22	9.87e-01	1.28e-02	8.91e-08
 2.86011e+22	9.87e-01	1.26e-02	8.88e-08
 2.88235e+22	9.88e-01	1.24e-02	8.85e-08
 2.90673e+22	9.88e-01	1.21e-02	8.83e-08
 2.93304e+22	9.88e-01	1.19e-02	8.81e-08
 2.95698e+22	9.88e-01	1.17e-02	8.80e-08
 2.98322e+22	9.89e-01	1.14e-02	8.79e-08
 3.01733e+22	9.89e-01	1.11e-02	8.75e-08
 3.05478e+22	9.89e-01	1.08e-02	8.73e-08
 3.09241e+22	9.89e-01	1.05e-02	8.72e-08
 3.13181e+22	9.90e-01	1.02e-02	8.70e-08
 3.17238e+22	9.90e-01	9.96e-03	8.69e-08
 3.21392e+22	9.90e-01	9.68e-03	8.68e-08
 3.25623e+22	9.91e-01	9.41e-03	8.67e-08
 3.29952e+22	9.91e-01	9.15e-03	8.67e-08
 3.34387e+22	9.91e-01	8.89e-03	8.66e-08
 3.38919e+22	9.91e-01	8.64e-03	8.66e-08
 3.43551e+22	9.92e-01	8.39e-03	8.66e-08
 3.48282e+22	9.92e-01	8.15e-03	8.67e-08
 3.53118e+22	9.92e-01	7.92e-03	8.67e-08
 3.58069e+22	9.92e-01	7.69e-03	8.68e-08
 3.63129e+22	9.93e-01	7.47e-03	8.69e-08
 3.68299e+22	9.93e-01	7.25e-03	8.70e-08
 3.73576e+22	9.93e-01	7.04e-03	8.71e-08
 3.78959e+22	9.93e-01	6.83e-03	8.73e-08
 3.84471e+22	9.93e-01	6.63e-03	8.74e-08
 3.90116e+22	9.94e-01	6.44e-03	8.76e-08
 3.95876e+22	9.94e-01	6.25e-03	8.78e-08
 4.01766e+22	9.94e-01	6.06e-03	8.81e-08
 4.07781e+22	9.94e-01	5.88e-03	8.83e-08
 4.13930e+22	9.94e-01	5.70e-03	8.86e-08
 4.20259e+22	9.94e-01	5.53e-03	8.90e-08
 4.26839e+22	9.95e-01	5.36e-03	8.94e-08
 4.33662e+22	9.95e-01	5.20e-03	8.98e-08
 4.40660e+22	9.95e-01	5.04e-03	9.04e-08
 4.47858e+22	9.95e-01	4.88e-03	9.10e-08
 4.55265e+22	9.95e-01	4.72e-03	9.17e-08
 4.62875e+22	9.95e-01	4.58e-03	9.25e-08
 4.70720e+22	9.96e-01	4.43e-03	9.33e-08
 4.78838e+22	9.96e-01	4.29e-03	9.41e-08
 4.87235e+22	9.96e-01	4.15e-03	9.50e-08
 4.95982e+22	9.96e-01	4.01e-03	9.60e-08
 5.05141e+22	9.96e-01	3.88e-03	9.71e-08
 5.14673e+22	9.96e-01	3.74e-03	9.82e-08
 5.24565e+22	9.96e-01	3.61e-03	9.94e-08
 5.34833e+22	9.97e-01	3.49e-03	1.01e-07
 5.45523e+22	9.97e-01	3.37e-03	1.02e-07
 5.56665e+22	9.97e-01	3.24e-03	1.04e-07
 5.68280e+22	9.97e-01	3.13e-03	1.05e-07
 5.80458e+22	9.97e-01	3.01e-03	1.07e-07
 5.93248e+22	9.97e-01	2.90e-03	1.09e-07
 6.06669e+22	9.97e-01	2.79e-03	1.11e-07
 6.20749e+22	9.97e-01	2.68e-03	1.13e-07
 6.35546e+22	9.97e-01	2.57e-03	1.15e-07
 6.51117e+22	9.98e-01	2.47e-03	1.18e-07
 6.67554e+22	9.98e-01	2.37e-03	1.20e-07
 6.84884e+22	9.98e-01	2.27e-03	1.23e-07
 7.02975e+22	9.98e-01	2.16e-03	1.27e-07
 7.20942e+22	9.98e-01	2.08e-03	1.30e-07
 7.39276e+22	9.98e-01	2.00e-03	1.33e-07
 7.59447e+22	9.98e-01	1.91e-03	1.37e-07
 7.81097e+22	9.98e-01	1.83e-03	1.42e-07
 8.03456e+22	9.98e-01	1.75e-03	1.46e-07
 8.26436e+22	9.98e-01	1.67e-03	1.51e-07
 8.50459e+22	9.98e-01	1.60e-03	1.57e-07
 8.75801e+22	9.98e-01	1.53e-03	1.62e-07
 9.02488e+22	9.99e-01	1.46e-03	1.69e-07
 9.30328e+22	9.99e-01	1.40e-03	1.76e-07
 9.59024e+22	9.99e-01	1.34e-03	1.83e-07
 9.89286e+22	9.99e-01	1.28e-03	1.91e-07
 1.02195e+23	9.99e-01	1.22e-03	2.01e-07
 1.05668e+23	9.99e-01	1.16e-03	2.11e-07
 1.09318e+23	9.99e-01	1.11e-03	2.23e-07
 1.13166e+23	9.99e-01	1.06e-03	2.35e-07
 1.17254e+23	9.99e-01	1.01e-03	2.50e-07
 1.21617e+23	9.99e-01	9.60e-04	2.66e-07
 1.26242e+23	9.99e-01	9.14e-04	2.85e-07
 1.31061e+23	9.99e-01	8.71e-04	3.06e-07
 1.36044e+23	9.99e-01	8.31e-04	3.29e-07
 1.41207e+23	9.99e-01	7.94e-04	3.55e-07
 1.46558e+23	9.99e-01	7.60e-04	3.83e-07
 1.52095e+23	9.99e-01	7.27e-04	4.15e-07
 1.57823e+23	9.99e-01	6.97e-04	4.51e-07
 1.63752e+23	9.99e-01	6.69e-04	4.91e-07
 1.69891e+23	9.99e-01	6.43e-04	5.36e-07
 1.76232e+23	9.99e-01	6.19e-04	5.87e-07
 1.82771e+23	9.99e-01	5.97e-04	6.43e-07
 1.89524e+23	9.99e-01	5.76e-04	7.06e-07
 1.96506e+23	9.99e-01	5.57e-04	7.77e-07
 2.03699e+23	9.99e-01	5.40e-04	8.57e-07
 2.11078e+23	9.99e-01	5.24e-04	9.45e-07
 2.18672e+23	9.99e-01	5.09e-04	1.04e-06
 2.26504e+23	1.00e+00	4.95e-04	1.15e-06
 2.34225e+23	1.00e+00	4.83e-04	1.27e-06
 2.41351e+23	1.00e+00	4.73e-04	1.39e-06
 2.47764e+23	1.00e+00	4.65e-04	1.51e-06
 2.53536e+23	1.00e+00	4.58e-04	1.62e-06
 2.58730e+23	1.00e+00	4.52e-04	1.72e-06
 2.63406e+23	1.00e+00	4.48e-04	1.82e-06
 2.67613e+23	1.00e+00	4.44e-04	1.91e-06
 2.71400e+23	1.00e+00	4.41e-04	1.99e-06
 2.74808e+23	1.00e+00	4.38e-04	2.07e-06
 2.77950e+23	1.00e+00	4.35e-04	2.14e-06
 2.81005e+23	1.00e+00	4.33e-04	2.21e-06
 2.84060e+23	1.00e+00	4.31e-04	2.27e-06
 2.87114e+23	1.00e+00	4.29e-04	2.34e-06
 2.90169e+23	1.00e+00	4.27e-04	2.41e-06
 2.93224e+23	1.00e+00	4.26e-04	2.48e-06
 2.96279e+23	1.00e+00	4.24e-04	2.55e-06
 2.99334e+23	1.00e+00	4.23e-04	2.62e-06
 3.02389e+23	1.00e+00	4.21e-04	2.70e-06
 3.04699e+23	1.00e+00	4.20e-04	2.76e-06
