#depth	O	O+	O+2	O+3	O+4	O+5	O+6	O+7	O+8	O[1]	O[2]	O[3]
 1.90816e+18	1.98e-09	3.62e-05	1.74e-02	3.43e-01	4.10e-01	1.87e-01	4.29e-02	1.79e-04	0.00e+00	1.98e-09	3.17e-15	3.63e-15
 1.14489e+19	2.03e-09	3.70e-05	1.77e-02	3.45e-01	4.10e-01	1.85e-01	4.22e-02	1.75e-04	1.49e-07	2.03e-09	3.26e-15	3.73e-15
 4.96121e+19	2.29e-09	4.03e-05	1.87e-02	3.54e-01	4.09e-01	1.79e-01	3.94e-02	1.58e-04	0.00e+00	2.29e-09	3.66e-15	4.20e-15
 1.43459e+20	2.99e-09	4.85e-05	2.13e-02	3.75e-01	4.04e-01	1.66e-01	3.40e-02	1.27e-04	0.00e+00	2.99e-09	4.72e-15	5.43e-15
 2.64620e+20	4.06e-09	5.98e-05	2.50e-02	4.00e-01	3.95e-01	1.51e-01	2.83e-02	9.66e-05	0.00e+00	4.06e-09	6.31e-15	7.26e-15
 3.64462e+20	5.17e-09	7.04e-05	2.82e-02	4.20e-01	3.87e-01	1.40e-01	2.44e-02	7.74e-05	0.00e+00	5.17e-09	7.95e-15	9.16e-15
 4.46259e+20	6.33e-09	8.08e-05	3.10e-02	4.36e-01	3.80e-01	1.31e-01	2.16e-02	6.46e-05	0.00e+00	6.33e-09	9.68e-15	1.12e-14
 5.37799e+20	7.92e-09	9.42e-05	3.44e-02	4.53e-01	3.72e-01	1.21e-01	1.89e-02	5.29e-05	0.00e+00	7.92e-09	1.20e-14	1.39e-14
 6.38934e+20	1.00e-08	1.11e-04	3.83e-02	4.71e-01	3.63e-01	1.12e-01	1.63e-02	4.26e-05	0.00e+00	1.00e-08	1.52e-14	1.75e-14
 7.32503e+20	1.24e-08	1.28e-04	4.22e-02	4.87e-01	3.53e-01	1.04e-01	1.42e-02	3.49e-05	0.00e+00	1.24e-08	1.86e-14	2.15e-14
 8.34103e+20	1.55e-08	1.48e-04	4.67e-02	5.03e-01	3.43e-01	9.52e-02	1.23e-02	2.84e-05	0.00e+00	1.55e-08	2.32e-14	2.68e-14
 9.46040e+20	1.96e-08	1.73e-04	5.18e-02	5.19e-01	3.31e-01	8.68e-02	1.05e-02	2.26e-05	0.00e+00	1.96e-08	2.92e-14	3.38e-14
 1.04924e+21	2.41e-08	1.99e-04	5.69e-02	5.34e-01	3.20e-01	7.97e-02	9.11e-03	1.84e-05	0.00e+00	2.41e-08	3.57e-14	4.13e-14
 1.16123e+21	3.00e-08	2.30e-04	6.26e-02	5.48e-01	3.09e-01	7.25e-02	7.82e-03	1.48e-05	0.00e+00	3.00e-08	4.43e-14	5.14e-14
 1.28689e+21	3.79e-08	2.69e-04	6.94e-02	5.63e-01	2.96e-01	6.53e-02	6.61e-03	1.16e-05	0.00e+00	3.79e-08	5.57e-14	6.46e-14
 1.40328e+21	4.66e-08	3.08e-04	7.60e-02	5.75e-01	2.83e-01	5.93e-02	5.67e-03	9.33e-06	0.00e+00	4.66e-08	6.81e-14	7.91e-14
 1.52754e+21	5.78e-08	3.54e-04	8.34e-02	5.87e-01	2.71e-01	5.35e-02	4.83e-03	7.44e-06	0.00e+00	5.78e-08	8.42e-14	9.78e-14
 1.66676e+21	7.26e-08	4.11e-04	9.22e-02	5.99e-01	2.57e-01	4.77e-02	4.04e-03	5.79e-06	0.00e+00	7.26e-08	1.05e-13	1.22e-13
 1.79755e+21	8.90e-08	4.69e-04	1.01e-01	6.08e-01	2.44e-01	4.28e-02	3.43e-03	4.60e-06	0.00e+00	8.90e-08	1.28e-13	1.49e-13
 1.93969e+21	1.11e-07	5.41e-04	1.11e-01	6.17e-01	2.31e-01	3.80e-02	2.88e-03	3.60e-06	0.00e+00	1.11e-07	1.59e-13	1.85e-13
 2.09865e+21	1.39e-07	6.27e-04	1.22e-01	6.24e-01	2.17e-01	3.34e-02	2.37e-03	2.75e-06	0.00e+00	1.39e-07	1.99e-13	2.32e-13
 2.24399e+21	1.69e-07	7.12e-04	1.34e-01	6.30e-01	2.04e-01	2.96e-02	2.00e-03	2.16e-06	0.00e+00	1.69e-07	2.41e-13	2.81e-13
 2.39743e+21	2.09e-07	8.16e-04	1.46e-01	6.34e-01	1.91e-01	2.61e-02	1.67e-03	1.68e-06	0.00e+00	2.09e-07	2.97e-13	3.46e-13
 2.56947e+21	2.59e-07	9.39e-04	1.61e-01	6.36e-01	1.78e-01	2.27e-02	1.37e-03	1.28e-06	0.00e+00	2.59e-07	3.67e-13	4.27e-13
 2.73154e+21	3.14e-07	1.06e-03	1.76e-01	6.36e-01	1.66e-01	1.99e-02	1.14e-03	9.97e-07	0.00e+00	3.14e-07	4.44e-13	5.17e-13
 2.87439e+21	3.71e-07	1.18e-03	1.89e-01	6.35e-01	1.56e-01	1.77e-02	9.71e-04	0.00e+00	0.00e+00	3.71e-07	5.21e-13	6.07e-13
 3.02640e+21	4.44e-07	1.33e-03	2.05e-01	6.32e-01	1.45e-01	1.57e-02	8.21e-04	0.00e+00	0.00e+00	4.44e-07	6.22e-13	7.25e-13
 3.19268e+21	5.31e-07	1.50e-03	2.22e-01	6.28e-01	1.34e-01	1.37e-02	6.84e-04	0.00e+00	0.00e+00	5.31e-07	7.42e-13	8.66e-13
 3.34621e+21	6.25e-07	1.67e-03	2.39e-01	6.22e-01	1.25e-01	1.21e-02	5.80e-04	0.00e+00	0.00e+00	6.25e-07	8.70e-13	1.01e-12
 3.51449e+21	7.52e-07	1.88e-03	2.59e-01	6.13e-01	1.15e-01	1.05e-02	4.83e-04	0.00e+00	0.00e+00	7.52e-07	1.04e-12	1.22e-12
 3.69488e+21	9.00e-07	2.12e-03	2.81e-01	6.03e-01	1.05e-01	9.07e-03	3.99e-04	0.00e+00	0.00e+00	9.00e-07	1.25e-12	1.45e-12
 3.85728e+21	1.05e-06	2.36e-03	3.01e-01	5.91e-01	9.67e-02	7.93e-03	3.36e-04	0.00e+00	0.00e+00	1.05e-06	1.46e-12	1.70e-12
 4.03469e+21	1.27e-06	2.67e-03	3.26e-01	5.77e-01	8.78e-02	6.82e-03	2.78e-04	0.00e+00	0.00e+00	1.27e-06	1.75e-12	2.03e-12
 4.22527e+21	1.52e-06	3.01e-03	3.53e-01	5.59e-01	7.90e-02	5.80e-03	2.27e-04	0.00e+00	0.00e+00	1.52e-06	2.08e-12	2.43e-12
 4.39704e+21	1.78e-06	3.36e-03	3.78e-01	5.42e-01	7.15e-02	5.00e-03	1.89e-04	0.00e+00	0.00e+00	1.78e-06	2.44e-12	2.84e-12
 4.58439e+21	2.14e-06	3.82e-03	4.08e-01	5.20e-01	6.37e-02	4.23e-03	1.54e-04	0.00e+00	0.00e+00	2.14e-06	2.93e-12	3.42e-12
 4.78386e+21	2.57e-06	4.33e-03	4.40e-01	4.96e-01	5.61e-02	3.53e-03	1.23e-04	0.00e+00	0.00e+00	2.57e-06	3.51e-12	4.08e-12
 4.96114e+21	3.02e-06	4.84e-03	4.70e-01	4.72e-01	4.98e-02	3.00e-03	1.01e-04	0.00e+00	0.00e+00	3.02e-06	4.12e-12	4.79e-12
 5.15363e+21	3.64e-06	5.51e-03	5.04e-01	4.44e-01	4.34e-02	2.49e-03	8.11e-05	0.00e+00	0.00e+00	3.64e-06	4.94e-12	5.75e-12
 5.35997e+21	4.41e-06	6.29e-03	5.41e-01	4.13e-01	3.71e-02	2.03e-03	6.36e-05	0.00e+00	0.00e+00	4.41e-06	5.97e-12	6.94e-12
 5.54188e+21	5.18e-06	7.05e-03	5.74e-01	3.85e-01	3.21e-02	1.68e-03	5.11e-05	0.00e+00	0.00e+00	5.18e-06	7.00e-12	8.14e-12
 5.64990e+21	5.61e-06	7.46e-03	5.93e-01	3.68e-01	2.94e-02	1.51e-03	4.50e-05	0.00e+00	0.00e+00	5.61e-06	7.57e-12	8.81e-12
 5.70427e+21	5.92e-06	7.75e-03	6.03e-01	3.59e-01	2.81e-02	1.42e-03	4.20e-05	0.00e+00	0.00e+00	5.92e-06	7.99e-12	9.30e-12
 5.77495e+21	6.32e-06	8.10e-03	6.17e-01	3.48e-01	2.63e-02	1.31e-03	3.83e-05	0.00e+00	0.00e+00	6.32e-06	8.52e-12	9.91e-12
 5.86683e+21	6.97e-06	8.67e-03	6.34e-01	3.32e-01	2.42e-02	1.18e-03	3.38e-05	0.00e+00	0.00e+00	6.97e-06	9.39e-12	1.09e-11
 5.98629e+21	7.85e-06	9.41e-03	6.55e-01	3.12e-01	2.15e-02	1.03e-03	2.88e-05	0.00e+00	0.00e+00	7.85e-06	1.06e-11	1.23e-11
 6.14158e+21	9.06e-06	1.04e-02	6.83e-01	2.87e-01	1.85e-02	8.54e-04	2.32e-05	0.00e+00	0.00e+00	9.06e-06	1.22e-11	1.41e-11
 6.34345e+21	1.11e-05	1.19e-02	7.17e-01	2.55e-01	1.50e-02	6.68e-04	1.74e-05	0.00e+00	0.00e+00	1.11e-05	1.49e-11	1.73e-11
 6.55886e+21	1.36e-05	1.37e-02	7.51e-01	2.23e-01	1.19e-02	5.10e-04	1.27e-05	0.00e+00	0.00e+00	1.36e-05	1.82e-11	2.11e-11
 6.75047e+21	1.62e-05	1.54e-02	7.79e-01	1.96e-01	9.57e-03	3.98e-04	9.48e-06	0.00e+00	0.00e+00	1.62e-05	2.16e-11	2.52e-11
 6.95817e+21	1.97e-05	1.74e-02	8.06e-01	1.69e-01	7.50e-03	3.02e-04	6.84e-06	0.00e+00	0.00e+00	1.97e-05	2.62e-11	3.05e-11
 7.22818e+21	2.53e-05	2.04e-02	8.35e-01	1.39e-01	5.42e-03	2.10e-04	4.44e-06	0.00e+00	0.00e+00	2.53e-05	3.35e-11	3.89e-11
 7.48508e+21	3.16e-05	2.34e-02	8.58e-01	1.15e-01	4.02e-03	1.50e-04	2.97e-06	0.00e+00	0.00e+00	3.16e-05	4.14e-11	4.81e-11
 7.66752e+21	3.69e-05	2.57e-02	8.71e-01	1.00e-01	3.26e-03	1.19e-04	2.24e-06	0.00e+00	0.00e+00	3.69e-05	4.79e-11	5.57e-11
 7.81619e+21	4.19e-05	2.76e-02	8.80e-01	8.99e-02	2.76e-03	9.83e-05	1.78e-06	0.00e+00	0.00e+00	4.19e-05	5.40e-11	6.27e-11
 7.97837e+21	4.81e-05	2.99e-02	8.88e-01	7.96e-02	2.30e-03	7.98e-05	1.39e-06	0.00e+00	0.00e+00	4.81e-05	6.16e-11	7.15e-11
 8.18920e+21	5.73e-05	3.30e-02	8.97e-01	6.81e-02	1.83e-03	6.14e-05	1.01e-06	0.00e+00	0.00e+00	5.73e-05	7.28e-11	8.44e-11
 8.40602e+21	6.78e-05	3.63e-02	9.04e-01	5.85e-02	1.48e-03	4.77e-05	7.47e-07	0.00e+00	0.00e+00	6.78e-05	8.56e-11	9.91e-11
 8.58762e+21	7.80e-05	3.91e-02	9.08e-01	5.16e-02	1.25e-03	3.88e-05	0.00e+00	0.00e+00	0.00e+00	7.80e-05	9.79e-11	1.13e-10
 8.78071e+21	9.04e-05	4.24e-02	9.11e-01	4.51e-02	1.05e-03	3.12e-05	0.00e+00	0.00e+00	0.00e+00	9.04e-05	1.13e-10	1.30e-10
 9.03172e+21	1.09e-04	4.67e-02	9.14e-01	3.81e-02	8.54e-04	2.37e-05	0.00e+00	0.00e+00	0.00e+00	1.09e-04	1.36e-10	1.56e-10
 9.28569e+21	1.31e-04	5.14e-02	9.15e-01	3.24e-02	7.11e-04	1.83e-05	0.00e+00	0.00e+00	0.00e+00	1.31e-04	1.63e-10	1.85e-10
 9.49014e+21	1.52e-04	5.54e-02	9.15e-01	2.85e-02	6.22e-04	1.50e-05	0.00e+00	0.00e+00	0.00e+00	1.52e-04	1.88e-10	2.13e-10
 9.70255e+21	1.77e-04	5.98e-02	9.15e-01	2.49e-02	5.44e-04	1.21e-05	0.00e+00	0.00e+00	0.00e+00	1.77e-04	2.19e-10	2.47e-10
 9.97869e+21	2.15e-04	6.59e-02	9.12e-01	2.10e-02	4.66e-04	9.23e-06	0.00e+00	0.00e+00	0.00e+00	2.15e-04	2.67e-10	2.98e-10
 1.02566e+22	2.62e-04	7.27e-02	9.09e-01	1.78e-02	4.07e-04	7.13e-06	0.00e+00	0.00e+00	0.00e+00	2.62e-04	3.28e-10	3.61e-10
 1.04716e+22	3.05e-04	7.83e-02	9.05e-01	1.57e-02	3.71e-04	5.86e-06	0.00e+00	0.00e+00	0.00e+00	3.05e-04	3.85e-10	4.20e-10
 1.06859e+22	3.56e-04	8.43e-02	9.01e-01	1.38e-02	3.39e-04	4.80e-06	0.00e+00	0.00e+00	0.00e+00	3.56e-04	4.54e-10	4.88e-10
 1.09264e+22	4.25e-04	9.17e-02	8.96e-01	1.20e-02	3.10e-04	3.85e-06	0.00e+00	0.00e+00	0.00e+00	4.25e-04	5.48e-10	5.80e-10
 1.11473e+22	5.02e-04	9.93e-02	8.89e-01	1.05e-02	2.88e-04	3.14e-06	0.00e+00	0.00e+00	0.00e+00	5.02e-04	6.57e-10	6.83e-10
 1.13401e+22	5.83e-04	1.07e-01	8.83e-01	9.36e-03	2.70e-04	2.63e-06	0.00e+00	0.00e+00	0.00e+00	5.83e-04	7.74e-10	7.91e-10
 1.15504e+22	6.87e-04	1.15e-01	8.76e-01	8.21e-03	2.53e-04	2.15e-06	0.00e+00	0.00e+00	0.00e+00	6.87e-04	9.29e-10	9.30e-10
 1.17766e+22	8.26e-04	1.25e-01	8.66e-01	7.14e-03	2.37e-04	1.74e-06	0.00e+00	0.00e+00	0.00e+00	8.26e-04	1.14e-09	1.12e-09
 1.19696e+22	9.73e-04	1.36e-01	8.57e-01	6.33e-03	2.24e-04	1.44e-06	0.00e+00	0.00e+00	0.00e+00	9.73e-04	1.38e-09	1.31e-09
 1.21328e+22	1.12e-03	1.45e-01	8.48e-01	5.69e-03	2.15e-04	1.22e-06	0.00e+00	0.00e+00	0.00e+00	1.12e-03	1.62e-09	1.52e-09
 1.23112e+22	1.31e-03	1.56e-01	8.37e-01	5.04e-03	2.04e-04	1.02e-06	0.00e+00	0.00e+00	0.00e+00	1.31e-03	1.95e-09	1.77e-09
 1.25068e+22	1.58e-03	1.70e-01	8.24e-01	4.40e-03	1.94e-04	8.31e-07	0.00e+00	0.00e+00	0.00e+00	1.58e-03	2.40e-09	2.13e-09
 1.26785e+22	1.87e-03	1.84e-01	8.10e-01	3.89e-03	1.85e-04	0.00e+00	0.00e+00	0.00e+00	0.00e+00	1.87e-03	2.93e-09	2.52e-09
 1.28239e+22	2.17e-03	1.97e-01	7.97e-01	3.49e-03	1.77e-04	0.00e+00	0.00e+00	0.00e+00	0.00e+00	2.17e-03	3.47e-09	2.93e-09
 1.29816e+22	2.55e-03	2.12e-01	7.82e-01	3.08e-03	1.70e-04	0.00e+00	0.00e+00	0.00e+00	0.00e+00	2.55e-03	4.20e-09	3.45e-09
 1.31546e+22	3.08e-03	2.32e-01	7.62e-01	2.67e-03	1.61e-04	0.00e+00	0.00e+00	0.00e+00	0.00e+00	3.08e-03	5.23e-09	4.16e-09
 1.33069e+22	3.68e-03	2.51e-01	7.43e-01	2.34e-03	1.53e-04	0.00e+00	0.00e+00	0.00e+00	0.00e+00	3.68e-03	6.40e-09	4.97e-09
 1.34369e+22	4.30e-03	2.70e-01	7.24e-01	2.08e-03	1.46e-04	0.00e+00	0.00e+00	0.00e+00	0.00e+00	4.30e-03	7.65e-09	5.81e-09
 1.35787e+22	5.10e-03	2.91e-01	7.02e-01	1.81e-03	1.39e-04	0.00e+00	0.00e+00	0.00e+00	0.00e+00	5.10e-03	9.31e-09	6.90e-09
 1.37358e+22	6.24e-03	3.18e-01	6.74e-01	1.54e-03	1.30e-04	0.00e+00	0.00e+00	0.00e+00	0.00e+00	6.24e-03	1.17e-08	8.44e-09
 1.38649e+22	7.44e-03	3.44e-01	6.47e-01	1.33e-03	1.22e-04	0.00e+00	0.00e+00	0.00e+00	0.00e+00	7.44e-03	1.42e-08	1.01e-08
 1.39595e+22	8.50e-03	3.64e-01	6.26e-01	1.19e-03	1.17e-04	0.00e+00	0.00e+00	0.00e+00	0.00e+00	8.50e-03	1.65e-08	1.15e-08
 1.40573e+22	9.74e-03	3.86e-01	6.03e-01	1.06e-03	1.11e-04	0.00e+00	0.00e+00	0.00e+00	0.00e+00	9.74e-03	1.92e-08	1.32e-08
 1.41844e+22	1.17e-02	4.16e-01	5.72e-01	8.93e-04	1.03e-04	0.00e+00	0.00e+00	0.00e+00	0.00e+00	1.17e-02	2.34e-08	1.58e-08
 1.43181e+22	1.43e-02	4.51e-01	5.34e-01	7.38e-04	9.37e-05	0.00e+00	0.00e+00	0.00e+00	0.00e+00	1.43e-02	2.91e-08	1.94e-08
 1.44296e+22	1.71e-02	4.83e-01	4.99e-01	6.20e-04	8.58e-05	0.00e+00	0.00e+00	0.00e+00	0.00e+00	1.71e-02	3.52e-08	2.31e-08
 1.45279e+22	2.01e-02	5.12e-01	4.67e-01	5.27e-04	7.88e-05	0.00e+00	0.00e+00	0.00e+00	0.00e+00	2.01e-02	4.16e-08	2.70e-08
 1.46399e+22	2.42e-02	5.46e-01	4.29e-01	4.32e-04	7.07e-05	0.00e+00	0.00e+00	0.00e+00	0.00e+00	2.42e-02	5.04e-08	3.24e-08
 1.47659e+22	3.00e-02	5.86e-01	3.84e-01	3.38e-04	6.13e-05	0.00e+00	0.00e+00	0.00e+00	0.00e+00	3.00e-02	6.30e-08	4.01e-08
 1.48804e+22	3.70e-02	6.24e-01	3.39e-01	2.64e-04	5.26e-05	0.00e+00	0.00e+00	0.00e+00	0.00e+00	3.70e-02	7.79e-08	4.93e-08
 1.49769e+22	4.43e-02	6.55e-01	3.01e-01	2.10e-04	4.54e-05	0.00e+00	0.00e+00	0.00e+00	0.00e+00	4.43e-02	9.35e-08	5.87e-08
 1.50795e+22	5.35e-02	6.84e-01	2.62e-01	1.63e-04	3.83e-05	0.00e+00	0.00e+00	0.00e+00	0.00e+00	5.35e-02	1.13e-07	7.04e-08
 1.51901e+22	6.67e-02	7.15e-01	2.18e-01	1.20e-04	3.06e-05	0.00e+00	0.00e+00	0.00e+00	0.00e+00	6.67e-02	1.40e-07	8.70e-08
 1.52808e+22	8.08e-02	7.36e-01	1.83e-01	9.07e-05	2.46e-05	0.00e+00	0.00e+00	0.00e+00	0.00e+00	8.08e-02	1.69e-07	1.04e-07
 1.53492e+22	9.34e-02	7.49e-01	1.57e-01	7.27e-05	2.05e-05	0.00e+00	0.00e+00	0.00e+00	0.00e+00	9.34e-02	1.94e-07	1.20e-07
 1.54191e+22	1.07e-01	7.58e-01	1.35e-01	5.83e-05	1.69e-05	0.00e+00	0.00e+00	0.00e+00	0.00e+00	1.07e-01	2.21e-07	1.36e-07
 1.54974e+22	1.27e-01	7.63e-01	1.10e-01	4.44e-05	1.32e-05	0.00e+00	0.00e+00	0.00e+00	0.00e+00	1.27e-01	2.58e-07	1.59e-07
 1.55510e+22	1.45e-01	7.62e-01	9.26e-02	3.57e-05	1.06e-05	0.00e+00	0.00e+00	0.00e+00	0.00e+00	1.45e-01	2.91e-07	1.79e-07
 1.55725e+22	1.52e-01	7.61e-01	8.67e-02	3.29e-05	9.81e-06	0.00e+00	0.00e+00	0.00e+00	0.00e+00	1.52e-01	3.04e-07	1.86e-07
 1.55878e+22	1.57e-01	7.60e-01	8.29e-02	3.13e-05	9.30e-06	0.00e+00	0.00e+00	0.00e+00	0.00e+00	1.57e-01	3.12e-07	1.91e-07
 1.56072e+22	1.64e-01	7.58e-01	7.81e-02	2.91e-05	8.62e-06	0.00e+00	0.00e+00	0.00e+00	0.00e+00	1.64e-01	3.24e-07	1.98e-07
 1.56324e+22	1.73e-01	7.55e-01	7.21e-02	2.65e-05	7.79e-06	0.00e+00	0.00e+00	0.00e+00	0.00e+00	1.73e-01	3.39e-07	2.08e-07
 1.56601e+22	1.83e-01	7.51e-01	6.58e-02	2.39e-05	6.96e-06	0.00e+00	0.00e+00	0.00e+00	0.00e+00	1.83e-01	3.57e-07	2.18e-07
 1.56864e+22	1.95e-01	7.45e-01	6.00e-02	2.16e-05	6.19e-06	0.00e+00	0.00e+00	0.00e+00	0.00e+00	1.95e-01	3.75e-07	2.29e-07
 1.57105e+22	2.05e-01	7.40e-01	5.52e-02	1.98e-05	5.59e-06	0.00e+00	0.00e+00	0.00e+00	0.00e+00	2.05e-01	3.91e-07	2.39e-07
 1.57342e+22	2.15e-01	7.34e-01	5.06e-02	1.81e-05	5.01e-06	0.00e+00	0.00e+00	0.00e+00	0.00e+00	2.15e-01	4.08e-07	2.49e-07
 1.57588e+22	2.26e-01	7.27e-01	4.63e-02	1.65e-05	4.49e-06	0.00e+00	0.00e+00	0.00e+00	0.00e+00	2.26e-01	4.24e-07	2.59e-07
 1.57841e+22	2.39e-01	7.19e-01	4.20e-02	1.50e-05	3.98e-06	0.00e+00	0.00e+00	0.00e+00	0.00e+00	2.39e-01	4.43e-07	2.70e-07
 1.58096e+22	2.52e-01	7.10e-01	3.79e-02	1.36e-05	3.50e-06	0.00e+00	0.00e+00	0.00e+00	0.00e+00	2.52e-01	4.62e-07	2.82e-07
 1.58332e+22	2.65e-01	7.01e-01	3.44e-02	1.24e-05	3.10e-06	0.00e+00	0.00e+00	0.00e+00	0.00e+00	2.65e-01	4.79e-07	2.92e-07
 1.58560e+22	2.77e-01	6.91e-01	3.14e-02	1.14e-05	2.77e-06	0.00e+00	0.00e+00	0.00e+00	0.00e+00	2.77e-01	4.95e-07	3.02e-07
 1.58799e+22	2.90e-01	6.82e-01	2.85e-02	1.05e-05	2.46e-06	0.00e+00	0.00e+00	0.00e+00	0.00e+00	2.90e-01	5.11e-07	3.12e-07
 1.59066e+22	3.05e-01	6.69e-01	2.55e-02	9.52e-06	2.14e-06	0.00e+00	0.00e+00	0.00e+00	0.00e+00	3.05e-01	5.30e-07	3.23e-07
 1.59342e+22	3.22e-01	6.55e-01	2.25e-02	8.59e-06	1.84e-06	0.00e+00	0.00e+00	0.00e+00	0.00e+00	3.22e-01	5.49e-07	3.34e-07
 1.59595e+22	3.38e-01	6.42e-01	2.01e-02	7.83e-06	1.60e-06	0.00e+00	0.00e+00	0.00e+00	0.00e+00	3.38e-01	5.66e-07	3.45e-07
 1.59833e+22	3.53e-01	6.29e-01	1.80e-02	7.19e-06	1.40e-06	0.00e+00	0.00e+00	0.00e+00	0.00e+00	3.53e-01	5.81e-07	3.54e-07
 1.60077e+22	3.68e-01	6.16e-01	1.61e-02	6.60e-06	1.22e-06	0.00e+00	0.00e+00	0.00e+00	0.00e+00	3.68e-01	5.96e-07	3.63e-07
 1.60337e+22	3.85e-01	6.01e-01	1.43e-02	6.03e-06	1.05e-06	0.00e+00	0.00e+00	0.00e+00	0.00e+00	3.85e-01	6.11e-07	3.71e-07
 1.60609e+22	4.03e-01	5.85e-01	1.25e-02	5.48e-06	8.94e-07	0.00e+00	0.00e+00	0.00e+00	0.00e+00	4.03e-01	6.25e-07	3.80e-07
 1.60880e+22	4.21e-01	5.68e-01	1.10e-02	5.00e-06	0.00e+00	0.00e+00	0.00e+00	0.00e+00	0.00e+00	4.21e-01	6.38e-07	3.88e-07
 1.61151e+22	4.39e-01	5.51e-01	9.58e-03	4.56e-06	0.00e+00	0.00e+00	0.00e+00	0.00e+00	0.00e+00	4.39e-01	6.50e-07	3.95e-07
 1.61427e+22	4.58e-01	5.34e-01	8.33e-03	4.16e-06	0.00e+00	0.00e+00	0.00e+00	0.00e+00	0.00e+00	4.58e-01	6.60e-07	4.01e-07
 1.61714e+22	4.77e-01	5.16e-01	7.19e-03	3.79e-06	0.00e+00	0.00e+00	0.00e+00	0.00e+00	0.00e+00	4.77e-01	6.70e-07	4.07e-07
 1.62010e+22	4.97e-01	4.97e-01	6.16e-03	3.44e-06	0.00e+00	0.00e+00	0.00e+00	0.00e+00	0.00e+00	4.97e-01	6.78e-07	4.11e-07
 1.62312e+22	5.18e-01	4.77e-01	5.24e-03	3.12e-06	0.00e+00	0.00e+00	0.00e+00	0.00e+00	0.00e+00	5.18e-01	6.83e-07	4.15e-07
 1.62620e+22	5.38e-01	4.57e-01	4.44e-03	2.83e-06	0.00e+00	0.00e+00	0.00e+00	0.00e+00	0.00e+00	5.38e-01	6.88e-07	4.17e-07
 1.62938e+22	5.60e-01	4.36e-01	3.72e-03	2.56e-06	0.00e+00	0.00e+00	0.00e+00	0.00e+00	0.00e+00	5.60e-01	6.90e-07	4.18e-07
 1.63271e+22	5.82e-01	4.15e-01	3.09e-03	2.30e-06	0.00e+00	0.00e+00	0.00e+00	0.00e+00	0.00e+00	5.82e-01	6.89e-07	4.18e-07
 1.63541e+22	6.00e-01	3.97e-01	2.63e-03	2.11e-06	0.00e+00	0.00e+00	0.00e+00	0.00e+00	0.00e+00	6.00e-01	6.88e-07	4.17e-07
 1.63712e+22	6.10e-01	3.87e-01	2.39e-03	2.01e-06	0.00e+00	0.00e+00	0.00e+00	0.00e+00	0.00e+00	6.10e-01	6.86e-07	4.15e-07
 1.63868e+22	6.19e-01	3.79e-01	2.20e-03	1.93e-06	0.00e+00	0.00e+00	0.00e+00	0.00e+00	0.00e+00	6.19e-01	6.84e-07	4.14e-07
 1.64067e+22	6.30e-01	3.68e-01	1.97e-03	1.83e-06	0.00e+00	0.00e+00	0.00e+00	0.00e+00	0.00e+00	6.30e-01	6.80e-07	4.12e-07
 1.64299e+22	6.44e-01	3.54e-01	1.72e-03	1.70e-06	0.00e+00	0.00e+00	0.00e+00	0.00e+00	0.00e+00	6.44e-01	6.75e-07	4.09e-07
 1.64520e+22	6.59e-01	3.40e-01	1.51e-03	1.59e-06	0.00e+00	0.00e+00	0.00e+00	0.00e+00	0.00e+00	6.59e-01	6.70e-07	4.05e-07
 1.64706e+22	6.69e-01	3.30e-01	1.35e-03	1.51e-06	0.00e+00	0.00e+00	0.00e+00	0.00e+00	0.00e+00	6.69e-01	6.65e-07	4.02e-07
 1.64887e+22	6.79e-01	3.20e-01	1.22e-03	1.43e-06	0.00e+00	0.00e+00	0.00e+00	0.00e+00	0.00e+00	6.79e-01	6.59e-07	3.99e-07
 1.65089e+22	6.91e-01	3.08e-01	1.08e-03	1.35e-06	0.00e+00	0.00e+00	0.00e+00	0.00e+00	0.00e+00	6.91e-01	6.53e-07	3.95e-07
 1.65301e+22	7.03e-01	2.96e-01	9.47e-04	1.27e-06	0.00e+00	0.00e+00	0.00e+00	0.00e+00	0.00e+00	7.03e-01	6.45e-07	3.90e-07
 1.65500e+22	7.14e-01	2.85e-01	8.38e-04	1.19e-06	0.00e+00	0.00e+00	0.00e+00	0.00e+00	0.00e+00	7.14e-01	6.37e-07	3.85e-07
 1.65682e+22	7.24e-01	2.76e-01	7.50e-04	1.13e-06	0.00e+00	0.00e+00	0.00e+00	0.00e+00	0.00e+00	7.24e-01	6.30e-07	3.80e-07
 1.65869e+22	7.33e-01	2.66e-01	6.71e-04	1.07e-06	0.00e+00	0.00e+00	0.00e+00	0.00e+00	0.00e+00	7.33e-01	6.22e-07	3.76e-07
 1.66072e+22	7.44e-01	2.56e-01	5.92e-04	1.01e-06	0.00e+00	0.00e+00	0.00e+00	0.00e+00	0.00e+00	7.44e-01	6.13e-07	3.70e-07
 1.66277e+22	7.54e-01	2.45e-01	5.22e-04	9.52e-07	0.00e+00	0.00e+00	0.00e+00	0.00e+00	0.00e+00	7.54e-01	6.04e-07	3.64e-07
 1.66468e+22	7.64e-01	2.35e-01	4.63e-04	0.00e+00	0.00e+00	0.00e+00	0.00e+00	0.00e+00	0.00e+00	7.64e-01	5.94e-07	3.58e-07
 1.66649e+22	7.73e-01	2.27e-01	4.15e-04	0.00e+00	0.00e+00	0.00e+00	0.00e+00	0.00e+00	0.00e+00	7.73e-01	5.86e-07	3.53e-07
 1.66835e+22	7.81e-01	2.18e-01	3.71e-04	0.00e+00	0.00e+00	0.00e+00	0.00e+00	0.00e+00	0.00e+00	7.81e-01	5.77e-07	3.47e-07
 1.67033e+22	7.90e-01	2.10e-01	3.30e-04	0.00e+00	0.00e+00	0.00e+00	0.00e+00	0.00e+00	0.00e+00	7.90e-01	5.67e-07	3.41e-07
 1.67237e+22	7.99e-01	2.00e-01	2.91e-04	0.00e+00	0.00e+00	0.00e+00	0.00e+00	0.00e+00	0.00e+00	7.99e-01	5.55e-07	3.33e-07
 1.67431e+22	8.08e-01	1.92e-01	2.59e-04	0.00e+00	0.00e+00	0.00e+00	0.00e+00	0.00e+00	0.00e+00	8.08e-01	5.44e-07	3.25e-07
 1.67614e+22	8.15e-01	1.85e-01	2.33e-04	0.00e+00	0.00e+00	0.00e+00	0.00e+00	0.00e+00	0.00e+00	8.15e-01	5.34e-07	3.18e-07
 1.67800e+22	8.22e-01	1.78e-01	2.09e-04	0.00e+00	0.00e+00	0.00e+00	0.00e+00	0.00e+00	0.00e+00	8.22e-01	5.24e-07	3.10e-07
 1.68001e+22	8.30e-01	1.70e-01	1.86e-04	0.00e+00	0.00e+00	0.00e+00	0.00e+00	0.00e+00	0.00e+00	8.30e-01	5.13e-07	3.02e-07
 1.68205e+22	8.38e-01	1.62e-01	1.66e-04	0.00e+00	0.00e+00	0.00e+00	0.00e+00	0.00e+00	0.00e+00	8.38e-01	5.01e-07	2.94e-07
 1.68397e+22	8.45e-01	1.55e-01	1.49e-04	0.00e+00	0.00e+00	0.00e+00	0.00e+00	0.00e+00	0.00e+00	8.45e-01	4.91e-07	2.86e-07
 1.68582e+22	8.51e-01	1.49e-01	1.35e-04	0.00e+00	0.00e+00	0.00e+00	0.00e+00	0.00e+00	0.00e+00	8.51e-01	4.81e-07	2.79e-07
 1.68776e+22	8.57e-01	1.43e-01	1.23e-04	0.00e+00	0.00e+00	0.00e+00	0.00e+00	0.00e+00	0.00e+00	8.57e-01	4.71e-07	2.72e-07
 1.68979e+22	8.63e-01	1.37e-01	1.11e-04	0.00e+00	0.00e+00	0.00e+00	0.00e+00	0.00e+00	0.00e+00	8.63e-01	4.61e-07	2.64e-07
 1.69178e+22	8.69e-01	1.30e-01	1.01e-04	0.00e+00	0.00e+00	0.00e+00	0.00e+00	0.00e+00	0.00e+00	8.69e-01	4.51e-07	2.57e-07
 1.69368e+22	8.75e-01	1.25e-01	9.23e-05	0.00e+00	0.00e+00	0.00e+00	0.00e+00	0.00e+00	0.00e+00	8.75e-01	4.42e-07	2.51e-07
 1.69555e+22	8.79e-01	1.21e-01	8.51e-05	0.00e+00	0.00e+00	0.00e+00	0.00e+00	0.00e+00	0.00e+00	8.79e-01	4.34e-07	2.45e-07
 1.69751e+22	8.84e-01	1.16e-01	7.85e-05	0.00e+00	0.00e+00	0.00e+00	0.00e+00	0.00e+00	0.00e+00	8.84e-01	4.25e-07	2.38e-07
 1.69953e+22	8.89e-01	1.11e-01	7.24e-05	0.00e+00	0.00e+00	0.00e+00	0.00e+00	0.00e+00	0.00e+00	8.89e-01	4.16e-07	2.32e-07
 1.70150e+22	8.94e-01	1.06e-01	6.73e-05	0.00e+00	0.00e+00	0.00e+00	0.00e+00	0.00e+00	0.00e+00	8.94e-01	4.08e-07	2.27e-07
 1.70344e+22	8.98e-01	1.02e-01	6.31e-05	0.00e+00	0.00e+00	0.00e+00	0.00e+00	0.00e+00	0.00e+00	8.98e-01	4.01e-07	2.21e-07
 1.70543e+22	9.02e-01	9.80e-02	5.92e-05	0.00e+00	0.00e+00	0.00e+00	0.00e+00	0.00e+00	0.00e+00	9.02e-01	3.93e-07	2.16e-07
 1.70748e+22	9.06e-01	9.41e-02	5.57e-05	0.00e+00	0.00e+00	0.00e+00	0.00e+00	0.00e+00	0.00e+00	9.06e-01	3.86e-07	2.11e-07
 1.70954e+22	9.10e-01	9.04e-02	5.27e-05	0.00e+00	0.00e+00	0.00e+00	0.00e+00	0.00e+00	0.00e+00	9.10e-01	3.79e-07	2.06e-07
 1.71159e+22	9.13e-01	8.70e-02	5.02e-05	0.00e+00	0.00e+00	0.00e+00	0.00e+00	0.00e+00	0.00e+00	9.13e-01	3.72e-07	2.02e-07
 1.71365e+22	9.16e-01	8.38e-02	4.80e-05	0.00e+00	0.00e+00	0.00e+00	0.00e+00	0.00e+00	0.00e+00	9.16e-01	3.66e-07	1.97e-07
 1.71570e+22	9.19e-01	8.09e-02	4.61e-05	0.00e+00	0.00e+00	0.00e+00	0.00e+00	0.00e+00	0.00e+00	9.19e-01	3.60e-07	1.93e-07
 1.71772e+22	9.22e-01	7.82e-02	4.45e-05	0.00e+00	0.00e+00	0.00e+00	0.00e+00	0.00e+00	0.00e+00	9.22e-01	3.54e-07	1.90e-07
 1.71971e+22	9.24e-01	7.58e-02	4.31e-05	0.00e+00	0.00e+00	0.00e+00	0.00e+00	0.00e+00	0.00e+00	9.24e-01	3.49e-07	1.86e-07
 1.72169e+22	9.26e-01	7.36e-02	4.20e-05	0.00e+00	0.00e+00	0.00e+00	0.00e+00	0.00e+00	0.00e+00	9.26e-01	3.44e-07	1.83e-07
 1.72365e+22	9.28e-01	7.15e-02	4.10e-05	0.00e+00	0.00e+00	0.00e+00	0.00e+00	0.00e+00	0.00e+00	9.28e-01	3.40e-07	1.80e-07
 1.72562e+22	9.30e-01	6.95e-02	4.01e-05	0.00e+00	0.00e+00	0.00e+00	0.00e+00	0.00e+00	0.00e+00	9.30e-01	3.36e-07	1.77e-07
 1.72760e+22	9.32e-01	6.77e-02	3.93e-05	0.00e+00	0.00e+00	0.00e+00	0.00e+00	0.00e+00	0.00e+00	9.32e-01	3.32e-07	1.75e-07
 1.72960e+22	9.34e-01	6.60e-02	3.87e-05	0.00e+00	0.00e+00	0.00e+00	0.00e+00	0.00e+00	0.00e+00	9.34e-01	3.28e-07	1.72e-07
 1.73161e+22	9.36e-01	6.43e-02	3.81e-05	0.00e+00	0.00e+00	0.00e+00	0.00e+00	0.00e+00	0.00e+00	9.36e-01	3.24e-07	1.70e-07
 1.73365e+22	9.37e-01	6.27e-02	3.76e-05	0.00e+00	0.00e+00	0.00e+00	0.00e+00	0.00e+00	0.00e+00	9.37e-01	3.21e-07	1.68e-07
 1.73565e+22	9.39e-01	6.13e-02	3.71e-05	0.00e+00	0.00e+00	0.00e+00	0.00e+00	0.00e+00	0.00e+00	9.39e-01	3.18e-07	1.66e-07
 1.73768e+22	9.40e-01	6.00e-02	3.68e-05	0.00e+00	0.00e+00	0.00e+00	0.00e+00	0.00e+00	0.00e+00	9.40e-01	3.15e-07	1.64e-07
 1.73982e+22	9.41e-01	5.86e-02	3.64e-05	0.00e+00	0.00e+00	0.00e+00	0.00e+00	0.00e+00	0.00e+00	9.41e-01	3.12e-07	1.62e-07
 1.74198e+22	9.43e-01	5.74e-02	3.61e-05	0.00e+00	0.00e+00	0.00e+00	0.00e+00	0.00e+00	0.00e+00	9.43e-01	3.09e-07	1.60e-07
 1.74419e+22	9.44e-01	5.62e-02	3.58e-05	0.00e+00	0.00e+00	0.00e+00	0.00e+00	0.00e+00	0.00e+00	9.44e-01	3.06e-07	1.58e-07
 1.74648e+22	9.45e-01	5.50e-02	3.55e-05	0.00e+00	0.00e+00	0.00e+00	0.00e+00	0.00e+00	0.00e+00	9.45e-01	3.03e-07	1.56e-07
 1.74869e+22	9.46e-01	5.39e-02	3.53e-05	0.00e+00	0.00e+00	0.00e+00	0.00e+00	0.00e+00	0.00e+00	9.46e-01	3.01e-07	1.55e-07
 1.75070e+22	9.47e-01	5.32e-02	3.52e-05	0.00e+00	0.00e+00	0.00e+00	0.00e+00	0.00e+00	0.00e+00	9.47e-01	2.99e-07	1.53e-07
 1.75253e+22	9.47e-01	5.25e-02	3.51e-05	0.00e+00	0.00e+00	0.00e+00	0.00e+00	0.00e+00	0.00e+00	9.47e-01	2.97e-07	1.52e-07
 1.75419e+22	9.48e-01	5.20e-02	3.50e-05	0.00e+00	0.00e+00	0.00e+00	0.00e+00	0.00e+00	0.00e+00	9.48e-01	2.96e-07	1.51e-07
 1.75601e+22	9.49e-01	5.13e-02	3.49e-05	0.00e+00	0.00e+00	0.00e+00	0.00e+00	0.00e+00	0.00e+00	9.49e-01	2.94e-07	1.50e-07
 1.75798e+22	9.49e-01	5.05e-02	3.47e-05	0.00e+00	0.00e+00	0.00e+00	0.00e+00	0.00e+00	0.00e+00	9.49e-01	2.92e-07	1.49e-07
 1.75977e+22	9.50e-01	5.01e-02	3.47e-05	0.00e+00	0.00e+00	0.00e+00	0.00e+00	0.00e+00	0.00e+00	9.50e-01	2.91e-07	1.48e-07
 1.76140e+22	9.50e-01	4.95e-02	3.46e-05	0.00e+00	0.00e+00	0.00e+00	0.00e+00	0.00e+00	0.00e+00	9.50e-01	2.89e-07	1.47e-07
 1.76319e+22	9.51e-01	4.90e-02	3.44e-05	0.00e+00	0.00e+00	0.00e+00	0.00e+00	0.00e+00	0.00e+00	9.51e-01	2.87e-07	1.46e-07
 1.76551e+22	9.52e-01	4.81e-02	3.43e-05	0.00e+00	0.00e+00	0.00e+00	0.00e+00	0.00e+00	0.00e+00	9.52e-01	2.84e-07	1.45e-07
 1.76802e+22	9.53e-01	4.72e-02	3.41e-05	0.00e+00	0.00e+00	0.00e+00	0.00e+00	0.00e+00	0.00e+00	9.53e-01	2.82e-07	1.44e-07
 1.77030e+22	9.53e-01	4.66e-02	3.39e-05	0.00e+00	0.00e+00	0.00e+00	0.00e+00	0.00e+00	0.00e+00	9.53e-01	2.80e-07	1.43e-07
 1.77237e+22	9.54e-01	4.62e-02	3.38e-05	0.00e+00	0.00e+00	0.00e+00	0.00e+00	0.00e+00	0.00e+00	9.54e-01	2.78e-07	1.42e-07
 1.77465e+22	9.54e-01	4.57e-02	3.37e-05	0.00e+00	0.00e+00	0.00e+00	0.00e+00	0.00e+00	0.00e+00	9.54e-01	2.76e-07	1.41e-07
 1.77710e+22	9.55e-01	4.50e-02	3.36e-05	0.00e+00	0.00e+00	0.00e+00	0.00e+00	0.00e+00	0.00e+00	9.55e-01	2.74e-07	1.40e-07
 1.77979e+22	9.56e-01	4.43e-02	3.34e-05	0.00e+00	0.00e+00	0.00e+00	0.00e+00	0.00e+00	0.00e+00	9.56e-01	2.72e-07	1.39e-07
 1.78270e+22	9.56e-01	4.36e-02	3.33e-05	0.00e+00	0.00e+00	0.00e+00	0.00e+00	0.00e+00	0.00e+00	9.56e-01	2.70e-07	1.38e-07
 1.78534e+22	9.57e-01	4.31e-02	3.31e-05	0.00e+00	0.00e+00	0.00e+00	0.00e+00	0.00e+00	0.00e+00	9.57e-01	2.68e-07	1.37e-07
 1.78823e+22	9.57e-01	4.26e-02	3.30e-05	0.00e+00	0.00e+00	0.00e+00	0.00e+00	0.00e+00	0.00e+00	9.57e-01	2.67e-07	1.37e-07
 1.79136e+22	9.58e-01	4.20e-02	3.28e-05	0.00e+00	0.00e+00	0.00e+00	0.00e+00	0.00e+00	0.00e+00	9.58e-01	2.65e-07	1.36e-07
 1.79421e+22	9.58e-01	4.16e-02	3.27e-05	0.00e+00	0.00e+00	0.00e+00	0.00e+00	0.00e+00	0.00e+00	9.58e-01	2.63e-07	1.35e-07
 1.79732e+22	9.59e-01	4.12e-02	3.25e-05	0.00e+00	0.00e+00	0.00e+00	0.00e+00	0.00e+00	0.00e+00	9.59e-01	2.62e-07	1.34e-07
 1.80138e+22	9.60e-01	4.04e-02	3.23e-05	0.00e+00	0.00e+00	0.00e+00	0.00e+00	0.00e+00	0.00e+00	9.60e-01	2.60e-07	1.33e-07
 1.80575e+22	9.60e-01	3.96e-02	3.20e-05	0.00e+00	0.00e+00	0.00e+00	0.00e+00	0.00e+00	0.00e+00	9.60e-01	2.58e-07	1.32e-07
 1.80974e+22	9.61e-01	3.91e-02	3.18e-05	0.00e+00	0.00e+00	0.00e+00	0.00e+00	0.00e+00	0.00e+00	9.61e-01	2.57e-07	1.32e-07
 1.81410e+22	9.61e-01	3.86e-02	3.16e-05	0.00e+00	0.00e+00	0.00e+00	0.00e+00	0.00e+00	0.00e+00	9.61e-01	2.55e-07	1.31e-07
 1.81881e+22	9.62e-01	3.79e-02	3.13e-05	0.00e+00	0.00e+00	0.00e+00	0.00e+00	0.00e+00	0.00e+00	9.62e-01	2.54e-07	1.30e-07
 1.82310e+22	9.63e-01	3.74e-02	3.11e-05	0.00e+00	0.00e+00	0.00e+00	0.00e+00	0.00e+00	0.00e+00	9.63e-01	2.52e-07	1.29e-07
 1.82779e+22	9.63e-01	3.69e-02	3.09e-05	0.00e+00	0.00e+00	0.00e+00	0.00e+00	0.00e+00	0.00e+00	9.63e-01	2.51e-07	1.28e-07
 1.83286e+22	9.64e-01	3.62e-02	3.06e-05	0.00e+00	0.00e+00	0.00e+00	0.00e+00	0.00e+00	0.00e+00	9.64e-01	2.49e-07	1.27e-07
 1.83748e+22	9.64e-01	3.58e-02	3.04e-05	0.00e+00	0.00e+00	0.00e+00	0.00e+00	0.00e+00	0.00e+00	9.64e-01	2.48e-07	1.26e-07
 1.84254e+22	9.65e-01	3.53e-02	3.02e-05	0.00e+00	0.00e+00	0.00e+00	0.00e+00	0.00e+00	0.00e+00	9.65e-01	2.46e-07	1.25e-07
 1.84800e+22	9.65e-01	3.46e-02	2.98e-05	0.00e+00	0.00e+00	0.00e+00	0.00e+00	0.00e+00	0.00e+00	9.65e-01	2.44e-07	1.24e-07
 1.85296e+22	9.66e-01	3.41e-02	2.95e-05	0.00e+00	0.00e+00	0.00e+00	0.00e+00	0.00e+00	0.00e+00	9.66e-01	2.43e-07	1.23e-07
 1.85748e+22	9.66e-01	3.37e-02	2.93e-05	0.00e+00	0.00e+00	0.00e+00	0.00e+00	0.00e+00	0.00e+00	9.66e-01	2.42e-07	1.23e-07
 1.86160e+22	9.67e-01	3.34e-02	2.90e-05	0.00e+00	0.00e+00	0.00e+00	0.00e+00	0.00e+00	0.00e+00	9.67e-01	2.41e-07	1.22e-07
 1.86611e+22	9.67e-01	3.29e-02	2.88e-05	0.00e+00	0.00e+00	0.00e+00	0.00e+00	0.00e+00	0.00e+00	9.67e-01	2.39e-07	1.21e-07
 1.87097e+22	9.68e-01	3.23e-02	2.85e-05	0.00e+00	0.00e+00	0.00e+00	0.00e+00	0.00e+00	0.00e+00	9.68e-01	2.38e-07	1.20e-07
 1.87540e+22	9.68e-01	3.20e-02	2.83e-05	0.00e+00	0.00e+00	0.00e+00	0.00e+00	0.00e+00	0.00e+00	9.68e-01	2.37e-07	1.19e-07
 1.88026e+22	9.68e-01	3.15e-02	2.80e-05	0.00e+00	0.00e+00	0.00e+00	0.00e+00	0.00e+00	0.00e+00	9.68e-01	2.35e-07	1.18e-07
 1.88549e+22	9.69e-01	3.09e-02	2.77e-05	0.00e+00	0.00e+00	0.00e+00	0.00e+00	0.00e+00	0.00e+00	9.69e-01	2.34e-07	1.18e-07
 1.89026e+22	9.69e-01	3.06e-02	2.75e-05	0.00e+00	0.00e+00	0.00e+00	0.00e+00	0.00e+00	0.00e+00	9.69e-01	2.33e-07	1.17e-07
 1.89549e+22	9.70e-01	3.01e-02	2.72e-05	0.00e+00	0.00e+00	0.00e+00	0.00e+00	0.00e+00	0.00e+00	9.70e-01	2.31e-07	1.16e-07
 1.90113e+22	9.70e-01	2.95e-02	2.69e-05	0.00e+00	0.00e+00	0.00e+00	0.00e+00	0.00e+00	0.00e+00	9.70e-01	2.30e-07	1.15e-07
 1.90626e+22	9.71e-01	2.91e-02	2.67e-05	0.00e+00	0.00e+00	0.00e+00	0.00e+00	0.00e+00	0.00e+00	9.71e-01	2.29e-07	1.14e-07
 1.91093e+22	9.71e-01	2.88e-02	2.65e-05	0.00e+00	0.00e+00	0.00e+00	0.00e+00	0.00e+00	0.00e+00	9.71e-01	2.28e-07	1.13e-07
 1.91605e+22	9.72e-01	2.84e-02	2.62e-05	0.00e+00	0.00e+00	0.00e+00	0.00e+00	0.00e+00	0.00e+00	9.72e-01	2.27e-07	1.12e-07
 1.92157e+22	9.72e-01	2.79e-02	2.59e-05	0.00e+00	0.00e+00	0.00e+00	0.00e+00	0.00e+00	0.00e+00	9.72e-01	2.25e-07	1.11e-07
 1.92660e+22	9.72e-01	2.75e-02	2.57e-05	0.00e+00	0.00e+00	0.00e+00	0.00e+00	0.00e+00	0.00e+00	9.72e-01	2.24e-07	1.11e-07
 1.93211e+22	9.73e-01	2.71e-02	2.55e-05	0.00e+00	0.00e+00	0.00e+00	0.00e+00	0.00e+00	0.00e+00	9.73e-01	2.23e-07	1.10e-07
 1.93806e+22	9.73e-01	2.66e-02	2.52e-05	0.00e+00	0.00e+00	0.00e+00	0.00e+00	0.00e+00	0.00e+00	9.73e-01	2.22e-07	1.09e-07
 1.94347e+22	9.74e-01	2.62e-02	2.50e-05	0.00e+00	0.00e+00	0.00e+00	0.00e+00	0.00e+00	0.00e+00	9.74e-01	2.20e-07	1.08e-07
 1.94940e+22	9.74e-01	2.59e-02	2.48e-05	0.00e+00	0.00e+00	0.00e+00	0.00e+00	0.00e+00	0.00e+00	9.74e-01	2.17e-07	1.06e-07
 1.95581e+22	9.75e-01	2.54e-02	2.45e-05	0.00e+00	0.00e+00	0.00e+00	0.00e+00	0.00e+00	0.00e+00	9.75e-01	2.14e-07	1.05e-07
 1.96163e+22	9.75e-01	2.51e-02	2.43e-05	0.00e+00	0.00e+00	0.00e+00	0.00e+00	0.00e+00	0.00e+00	9.75e-01	2.12e-07	1.04e-07
 1.96802e+22	9.75e-01	2.47e-02	2.41e-05	0.00e+00	0.00e+00	0.00e+00	0.00e+00	0.00e+00	0.00e+00	9.75e-01	2.10e-07	1.02e-07
 1.97491e+22	9.76e-01	2.42e-02	2.38e-05	0.00e+00	0.00e+00	0.00e+00	0.00e+00	0.00e+00	0.00e+00	9.76e-01	2.06e-07	1.00e-07
 1.98119e+22	9.76e-01	2.39e-02	2.36e-05	0.00e+00	0.00e+00	0.00e+00	0.00e+00	0.00e+00	0.00e+00	9.76e-01	2.05e-07	9.94e-08
 1.98806e+22	9.76e-01	2.35e-02	2.33e-05	0.00e+00	0.00e+00	0.00e+00	0.00e+00	0.00e+00	0.00e+00	9.76e-01	2.02e-07	9.77e-08
 1.99548e+22	9.77e-01	2.30e-02	2.31e-05	0.00e+00	0.00e+00	0.00e+00	0.00e+00	0.00e+00	0.00e+00	9.77e-01	1.99e-07	9.58e-08
 2.00224e+22	9.77e-01	2.27e-02	2.29e-05	0.00e+00	0.00e+00	0.00e+00	0.00e+00	0.00e+00	0.00e+00	9.77e-01	1.98e-07	9.47e-08
 2.00964e+22	9.78e-01	2.23e-02	2.26e-05	0.00e+00	0.00e+00	0.00e+00	0.00e+00	0.00e+00	0.00e+00	9.78e-01	1.95e-07	9.29e-08
 2.01762e+22	9.78e-01	2.19e-02	2.24e-05	0.00e+00	0.00e+00	0.00e+00	0.00e+00	0.00e+00	0.00e+00	9.78e-01	1.93e-07	9.14e-08
 2.02489e+22	9.78e-01	2.15e-02	2.21e-05	0.00e+00	0.00e+00	0.00e+00	0.00e+00	0.00e+00	0.00e+00	9.78e-01	1.91e-07	9.00e-08
 2.03286e+22	9.79e-01	2.11e-02	2.19e-05	0.00e+00	0.00e+00	0.00e+00	0.00e+00	0.00e+00	0.00e+00	9.79e-01	1.88e-07	8.82e-08
 2.04146e+22	9.79e-01	2.07e-02	2.16e-05	0.00e+00	0.00e+00	0.00e+00	0.00e+00	0.00e+00	0.00e+00	9.79e-01	1.86e-07	8.67e-08
 2.04929e+22	9.80e-01	2.04e-02	2.14e-05	0.00e+00	0.00e+00	0.00e+00	0.00e+00	0.00e+00	0.00e+00	9.80e-01	1.84e-07	8.53e-08
 2.05786e+22	9.80e-01	2.00e-02	2.12e-05	0.00e+00	0.00e+00	0.00e+00	0.00e+00	0.00e+00	0.00e+00	9.80e-01	1.81e-07	8.36e-08
 2.06712e+22	9.80e-01	1.95e-02	2.09e-05	0.00e+00	0.00e+00	0.00e+00	0.00e+00	0.00e+00	0.00e+00	9.80e-01	1.78e-07	8.19e-08
 2.07555e+22	9.81e-01	1.92e-02	2.07e-05	0.00e+00	0.00e+00	0.00e+00	0.00e+00	0.00e+00	0.00e+00	9.81e-01	1.76e-07	8.05e-08
 2.08478e+22	9.81e-01	1.88e-02	2.04e-05	0.00e+00	0.00e+00	0.00e+00	0.00e+00	0.00e+00	0.00e+00	9.81e-01	1.73e-07	7.86e-08
 2.09475e+22	9.82e-01	1.84e-02	2.02e-05	0.00e+00	0.00e+00	0.00e+00	0.00e+00	0.00e+00	0.00e+00	9.82e-01	1.70e-07	7.69e-08
 2.10382e+22	9.82e-01	1.81e-02	1.99e-05	0.00e+00	0.00e+00	0.00e+00	0.00e+00	0.00e+00	0.00e+00	9.82e-01	1.68e-07	7.55e-08
 2.11376e+22	9.82e-01	1.77e-02	1.97e-05	0.00e+00	0.00e+00	0.00e+00	0.00e+00	0.00e+00	0.00e+00	9.82e-01	1.65e-07	7.36e-08
 2.12449e+22	9.83e-01	1.73e-02	1.94e-05	0.00e+00	0.00e+00	0.00e+00	0.00e+00	0.00e+00	0.00e+00	9.83e-01	1.62e-07	7.19e-08
 2.13425e+22	9.83e-01	1.70e-02	1.92e-05	0.00e+00	0.00e+00	0.00e+00	0.00e+00	0.00e+00	0.00e+00	9.83e-01	1.60e-07	7.05e-08
 2.14495e+22	9.83e-01	1.66e-02	1.90e-05	0.00e+00	0.00e+00	0.00e+00	0.00e+00	0.00e+00	0.00e+00	9.83e-01	1.56e-07	6.85e-08
 2.15650e+22	9.84e-01	1.62e-02	1.87e-05	0.00e+00	0.00e+00	0.00e+00	0.00e+00	0.00e+00	0.00e+00	9.84e-01	1.54e-07	6.67e-08
 2.16701e+22	9.84e-01	1.59e-02	1.85e-05	0.00e+00	0.00e+00	0.00e+00	0.00e+00	0.00e+00	0.00e+00	9.84e-01	1.51e-07	6.53e-08
 2.17853e+22	9.84e-01	1.55e-02	1.82e-05	0.00e+00	0.00e+00	0.00e+00	0.00e+00	0.00e+00	0.00e+00	9.84e-01	1.48e-07	6.34e-08
 2.19097e+22	9.85e-01	1.51e-02	1.80e-05	0.00e+00	0.00e+00	0.00e+00	0.00e+00	0.00e+00	0.00e+00	9.85e-01	1.46e-07	6.17e-08
 2.20228e+22	9.85e-01	1.48e-02	1.77e-05	0.00e+00	0.00e+00	0.00e+00	0.00e+00	0.00e+00	0.00e+00	9.85e-01	1.43e-07	6.03e-08
 2.21258e+22	9.85e-01	1.45e-02	1.75e-05	0.00e+00	0.00e+00	0.00e+00	0.00e+00	0.00e+00	0.00e+00	9.85e-01	1.41e-07	5.90e-08
 2.22195e+22	9.86e-01	1.43e-02	1.74e-05	0.00e+00	0.00e+00	0.00e+00	0.00e+00	0.00e+00	0.00e+00	9.86e-01	1.40e-07	5.80e-08
 2.23222e+22	9.86e-01	1.40e-02	1.72e-05	0.00e+00	0.00e+00	0.00e+00	0.00e+00	0.00e+00	0.00e+00	9.86e-01	1.37e-07	5.67e-08
 2.24330e+22	9.86e-01	1.37e-02	1.70e-05	0.00e+00	0.00e+00	0.00e+00	0.00e+00	0.00e+00	0.00e+00	9.86e-01	1.35e-07	5.55e-08
 2.25339e+22	9.86e-01	1.35e-02	1.68e-05	0.00e+00	0.00e+00	0.00e+00	0.00e+00	0.00e+00	0.00e+00	9.86e-01	1.34e-07	5.46e-08
 2.26445e+22	9.87e-01	1.32e-02	1.66e-05	0.00e+00	0.00e+00	0.00e+00	0.00e+00	0.00e+00	0.00e+00	9.87e-01	1.31e-07	5.33e-08
 2.27638e+22	9.87e-01	1.29e-02	1.64e-05	0.00e+00	0.00e+00	0.00e+00	0.00e+00	0.00e+00	0.00e+00	9.87e-01	1.29e-07	5.20e-08
 2.28724e+22	9.87e-01	1.27e-02	1.62e-05	0.00e+00	0.00e+00	0.00e+00	0.00e+00	0.00e+00	0.00e+00	9.87e-01	1.28e-07	5.09e-08
 2.29914e+22	9.88e-01	1.25e-02	1.60e-05	0.00e+00	0.00e+00	0.00e+00	0.00e+00	0.00e+00	0.00e+00	9.88e-01	1.26e-07	4.95e-08
 2.31199e+22	9.88e-01	1.22e-02	1.58e-05	0.00e+00	0.00e+00	0.00e+00	0.00e+00	0.00e+00	0.00e+00	9.88e-01	1.24e-07	4.81e-08
 2.32368e+22	9.88e-01	1.19e-02	1.56e-05	0.00e+00	0.00e+00	0.00e+00	0.00e+00	0.00e+00	0.00e+00	9.88e-01	1.22e-07	4.71e-08
 2.33649e+22	9.88e-01	1.17e-02	1.54e-05	0.00e+00	0.00e+00	0.00e+00	0.00e+00	0.00e+00	0.00e+00	9.88e-01	1.20e-07	4.57e-08
 2.35032e+22	9.89e-01	1.14e-02	1.52e-05	0.00e+00	0.00e+00	0.00e+00	0.00e+00	0.00e+00	0.00e+00	9.89e-01	1.18e-07	4.45e-08
 2.36291e+22	9.89e-01	1.12e-02	1.50e-05	0.00e+00	0.00e+00	0.00e+00	0.00e+00	0.00e+00	0.00e+00	9.89e-01	1.16e-07	4.35e-08
 2.37670e+22	9.89e-01	1.09e-02	1.48e-05	0.00e+00	0.00e+00	0.00e+00	0.00e+00	0.00e+00	0.00e+00	9.89e-01	1.13e-07	4.21e-08
 2.39159e+22	9.89e-01	1.06e-02	1.46e-05	0.00e+00	0.00e+00	0.00e+00	0.00e+00	0.00e+00	0.00e+00	9.89e-01	1.11e-07	4.09e-08
 2.40514e+22	9.90e-01	1.04e-02	1.44e-05	0.00e+00	0.00e+00	0.00e+00	0.00e+00	0.00e+00	0.00e+00	9.90e-01	1.10e-07	4.00e-08
 2.41998e+22	9.90e-01	1.02e-02	1.42e-05	0.00e+00	0.00e+00	0.00e+00	0.00e+00	0.00e+00	0.00e+00	9.90e-01	1.07e-07	3.87e-08
 2.43601e+22	9.90e-01	9.91e-03	1.40e-05	0.00e+00	0.00e+00	0.00e+00	0.00e+00	0.00e+00	0.00e+00	9.90e-01	1.05e-07	3.75e-08
 2.45060e+22	9.90e-01	9.71e-03	1.38e-05	0.00e+00	0.00e+00	0.00e+00	0.00e+00	0.00e+00	0.00e+00	9.90e-01	1.04e-07	3.66e-08
 2.46658e+22	9.91e-01	9.45e-03	1.36e-05	0.00e+00	0.00e+00	0.00e+00	0.00e+00	0.00e+00	0.00e+00	9.91e-01	1.01e-07	3.53e-08
 2.48384e+22	9.91e-01	9.20e-03	1.34e-05	0.00e+00	0.00e+00	0.00e+00	0.00e+00	0.00e+00	0.00e+00	9.91e-01	9.93e-08	3.42e-08
 2.49954e+22	9.91e-01	9.00e-03	1.32e-05	0.00e+00	0.00e+00	0.00e+00	0.00e+00	0.00e+00	0.00e+00	9.91e-01	9.77e-08	3.33e-08
 2.51674e+22	9.91e-01	8.75e-03	1.30e-05	0.00e+00	0.00e+00	0.00e+00	0.00e+00	0.00e+00	0.00e+00	9.91e-01	9.53e-08	3.21e-08
 2.53532e+22	9.91e-01	8.52e-03	1.28e-05	0.00e+00	0.00e+00	0.00e+00	0.00e+00	0.00e+00	0.00e+00	9.91e-01	9.35e-08	3.11e-08
 2.55222e+22	9.92e-01	8.35e-03	1.26e-05	0.00e+00	0.00e+00	0.00e+00	0.00e+00	0.00e+00	0.00e+00	9.92e-01	9.16e-08	3.01e-08
 2.56761e+22	9.92e-01	8.14e-03	1.25e-05	0.00e+00	0.00e+00	0.00e+00	0.00e+00	0.00e+00	0.00e+00	9.92e-01	9.07e-08	2.94e-08
 2.58446e+22	9.92e-01	7.93e-03	1.23e-05	0.00e+00	0.00e+00	0.00e+00	0.00e+00	0.00e+00	0.00e+00	9.92e-01	8.85e-08	2.84e-08
 2.60266e+22	9.92e-01	7.73e-03	1.21e-05	0.00e+00	0.00e+00	0.00e+00	0.00e+00	0.00e+00	0.00e+00	9.92e-01	8.70e-08	2.75e-08
 2.62260e+22	9.92e-01	7.50e-03	1.19e-05	0.00e+00	0.00e+00	0.00e+00	0.00e+00	0.00e+00	0.00e+00	9.92e-01	8.47e-08	2.64e-08
 2.64413e+22	9.93e-01	7.26e-03	1.17e-05	0.00e+00	0.00e+00	0.00e+00	0.00e+00	0.00e+00	0.00e+00	9.93e-01	8.26e-08	2.53e-08
 2.66372e+22	9.93e-01	7.09e-03	1.15e-05	0.00e+00	0.00e+00	0.00e+00	0.00e+00	0.00e+00	0.00e+00	9.93e-01	8.14e-08	2.46e-08
 2.68518e+22	9.93e-01	6.87e-03	1.13e-05	0.00e+00	0.00e+00	0.00e+00	0.00e+00	0.00e+00	0.00e+00	9.93e-01	7.93e-08	2.36e-08
 2.70836e+22	9.93e-01	6.67e-03	1.11e-05	0.00e+00	0.00e+00	0.00e+00	0.00e+00	0.00e+00	0.00e+00	9.93e-01	7.77e-08	2.27e-08
 2.72945e+22	9.93e-01	6.49e-03	1.09e-05	0.00e+00	0.00e+00	0.00e+00	0.00e+00	0.00e+00	0.00e+00	9.93e-01	7.61e-08	2.19e-08
 2.74864e+22	9.94e-01	6.33e-03	1.08e-05	0.00e+00	0.00e+00	0.00e+00	0.00e+00	0.00e+00	0.00e+00	9.94e-01	7.48e-08	2.13e-08
 2.76967e+22	9.94e-01	6.17e-03	1.06e-05	0.00e+00	0.00e+00	0.00e+00	0.00e+00	0.00e+00	0.00e+00	9.94e-01	7.31e-08	2.05e-08
 2.79237e+22	9.94e-01	5.99e-03	1.04e-05	0.00e+00	0.00e+00	0.00e+00	0.00e+00	0.00e+00	0.00e+00	9.94e-01	7.15e-08	1.97e-08
 2.81303e+22	9.94e-01	5.86e-03	1.03e-05	0.00e+00	0.00e+00	0.00e+00	0.00e+00	0.00e+00	0.00e+00	9.94e-01	7.01e-08	1.90e-08
 2.83567e+22	9.94e-01	5.67e-03	1.01e-05	0.00e+00	0.00e+00	0.00e+00	0.00e+00	0.00e+00	0.00e+00	9.94e-01	6.84e-08	1.82e-08
 2.86011e+22	9.94e-01	5.51e-03	9.93e-06	0.00e+00	0.00e+00	0.00e+00	0.00e+00	0.00e+00	0.00e+00	9.94e-01	6.69e-08	1.75e-08
 2.88235e+22	9.95e-01	5.36e-03	9.77e-06	0.00e+00	0.00e+00	0.00e+00	0.00e+00	0.00e+00	0.00e+00	9.95e-01	6.55e-08	1.69e-08
 2.90673e+22	9.95e-01	5.19e-03	9.60e-06	0.00e+00	0.00e+00	0.00e+00	0.00e+00	0.00e+00	0.00e+00	9.95e-01	6.37e-08	1.61e-08
 2.93304e+22	9.95e-01	5.03e-03	9.42e-06	0.00e+00	0.00e+00	0.00e+00	0.00e+00	0.00e+00	0.00e+00	9.95e-01	6.22e-08	1.54e-08
 2.95698e+22	9.95e-01	4.90e-03	9.26e-06	0.00e+00	0.00e+00	0.00e+00	0.00e+00	0.00e+00	0.00e+00	9.95e-01	6.10e-08	1.48e-08
 2.98322e+22	9.95e-01	4.66e-03	9.09e-06	0.00e+00	0.00e+00	0.00e+00	0.00e+00	0.00e+00	0.00e+00	9.95e-01	5.93e-08	1.41e-08
 3.01733e+22	9.96e-01	4.27e-03	8.88e-06	0.00e+00	0.00e+00	0.00e+00	0.00e+00	0.00e+00	0.00e+00	9.96e-01	5.68e-08	1.32e-08
 3.05478e+22	9.96e-01	4.02e-03	8.65e-06	0.00e+00	0.00e+00	0.00e+00	0.00e+00	0.00e+00	0.00e+00	9.96e-01	5.50e-08	1.24e-08
 3.09241e+22	9.96e-01	3.80e-03	8.44e-06	0.00e+00	0.00e+00	0.00e+00	0.00e+00	0.00e+00	0.00e+00	9.96e-01	5.30e-08	1.16e-08
 3.13181e+22	9.96e-01	3.58e-03	8.22e-06	0.00e+00	0.00e+00	0.00e+00	0.00e+00	0.00e+00	0.00e+00	9.96e-01	5.11e-08	1.08e-08
 3.17238e+22	9.97e-01	3.37e-03	8.01e-06	0.00e+00	0.00e+00	0.00e+00	0.00e+00	0.00e+00	0.00e+00	9.97e-01	4.92e-08	1.01e-08
 3.21392e+22	9.97e-01	3.17e-03	7.80e-06	0.00e+00	0.00e+00	0.00e+00	0.00e+00	0.00e+00	0.00e+00	9.97e-01	4.73e-08	9.36e-09
 3.25623e+22	9.97e-01	2.97e-03	7.59e-06	0.00e+00	0.00e+00	0.00e+00	0.00e+00	0.00e+00	0.00e+00	9.97e-01	4.55e-08	8.70e-09
 3.29952e+22	9.97e-01	2.79e-03	7.39e-06	0.00e+00	0.00e+00	0.00e+00	0.00e+00	0.00e+00	0.00e+00	9.97e-01	4.37e-08	8.07e-09
 3.34387e+22	9.97e-01	2.61e-03	7.19e-06	0.00e+00	0.00e+00	0.00e+00	0.00e+00	0.00e+00	0.00e+00	9.97e-01	4.20e-08	7.47e-09
 3.38919e+22	9.98e-01	2.43e-03	6.99e-06	0.00e+00	0.00e+00	0.00e+00	0.00e+00	0.00e+00	0.00e+00	9.98e-01	4.02e-08	6.92e-09
 3.43551e+22	9.98e-01	2.27e-03	6.80e-06	0.00e+00	0.00e+00	0.00e+00	0.00e+00	0.00e+00	0.00e+00	9.98e-01	3.84e-08	6.40e-09
 3.48282e+22	9.98e-01	2.12e-03	6.62e-06	0.00e+00	0.00e+00	0.00e+00	0.00e+00	0.00e+00	0.00e+00	9.98e-01	3.67e-08	5.91e-09
