#depth	Ar	Ar+	Ar+2	Ar+3	Ar+4	Ar+5	Ar+6	Ar+7	Ar+8	Ar+9	Ar+10	Ar+11	Ar+12	Ar+13	Ar+14	Ar+15	Ar+16	Ar+17	Ar+18
 1.54284e+19	1.61e-34	3.46e-27	3.49e-21	3.21e-17	8.02e-14	9.97e-12	4.80e-10	2.31e-08	2.71e-05	2.05e-03	3.41e-02	1.60e-01	3.96e-01	2.86e-01	8.73e-02	2.25e-02	1.22e-02	3.19e-04	2.73e-06
 9.25702e+19	0.00e+00	6.33e-27	6.08e-21	5.32e-17	1.26e-13	1.49e-11	6.77e-10	3.09e-08	3.43e-05	2.46e-03	3.87e-02	1.72e-01	4.04e-01	2.74e-01	7.89e-02	1.93e-02	1.00e-02	2.44e-04	1.96e-06
 2.19083e+20	9.33e-34	1.76e-26	1.56e-20	1.26e-16	2.77e-13	3.01e-11	1.24e-09	5.08e-08	4.97e-05	3.26e-03	4.71e-02	1.93e-01	4.13e-01	2.55e-01	6.64e-02	1.50e-02	7.15e-03	1.57e-04	1.14e-06
 3.29311e+20	0.00e+00	4.03e-26	3.34e-20	2.53e-16	5.19e-13	5.28e-11	2.02e-09	7.58e-08	6.73e-05	4.09e-03	5.50e-02	2.10e-01	4.18e-01	2.38e-01	5.72e-02	1.20e-02	5.39e-03	1.09e-04	7.22e-07
 3.86390e+20	3.58e-33	6.10e-26	4.88e-20	3.57e-16	7.10e-13	6.98e-11	2.57e-09	9.25e-08	7.82e-05	4.58e-03	5.93e-02	2.19e-01	4.20e-01	2.29e-01	5.29e-02	1.08e-02	4.67e-03	9.02e-05	0.00e+00
 4.05132e+20	0.00e+00	6.79e-26	5.37e-20	3.89e-16	7.65e-13	7.44e-11	2.71e-09	9.72e-08	8.20e-05	4.74e-03	6.07e-02	2.21e-01	4.20e-01	2.26e-01	5.17e-02	1.04e-02	4.48e-03	8.53e-05	0.00e+00
 4.21441e+20	4.53e-33	7.56e-26	5.93e-20	4.25e-16	8.29e-13	7.99e-11	2.87e-09	1.02e-07	8.54e-05	4.89e-03	6.20e-02	2.24e-01	4.20e-01	2.24e-01	5.06e-02	1.01e-02	4.30e-03	8.11e-05	0.00e+00
 4.42642e+20	0.00e+00	8.74e-26	6.77e-20	4.80e-16	9.24e-13	8.80e-11	3.12e-09	1.10e-07	9.01e-05	5.09e-03	6.36e-02	2.27e-01	4.20e-01	2.21e-01	4.92e-02	9.72e-03	4.09e-03	7.58e-05	0.00e+00
 4.70204e+20	6.49e-33	1.05e-25	8.03e-20	5.60e-16	1.06e-12	9.96e-11	3.47e-09	1.20e-07	9.66e-05	5.36e-03	6.58e-02	2.31e-01	4.20e-01	2.17e-01	4.74e-02	9.22e-03	3.82e-03	6.95e-05	0.00e+00
 5.06035e+20	0.00e+00	1.34e-25	9.99e-20	6.84e-16	1.27e-12	1.17e-10	3.98e-09	1.34e-07	1.06e-04	5.72e-03	6.88e-02	2.36e-01	4.20e-01	2.11e-01	4.52e-02	8.62e-03	3.51e-03	6.22e-05	0.00e+00
 5.52615e+20	1.17e-32	1.82e-25	1.32e-19	8.81e-16	1.60e-12	1.43e-10	4.74e-09	1.55e-07	1.18e-04	6.22e-03	7.26e-02	2.43e-01	4.20e-01	2.05e-01	4.24e-02	7.90e-03	3.14e-03	5.39e-05	0.00e+00
 6.03262e+20	0.00e+00	2.53e-25	1.79e-19	1.16e-15	2.05e-12	1.79e-10	5.74e-09	1.82e-07	1.33e-04	6.79e-03	7.69e-02	2.50e-01	4.19e-01	1.98e-01	3.96e-02	7.18e-03	2.78e-03	4.61e-05	0.00e+00
 6.47295e+20	2.28e-32	3.35e-25	2.31e-19	1.47e-15	2.52e-12	2.15e-10	6.73e-09	2.08e-07	1.47e-04	7.32e-03	8.07e-02	2.56e-01	4.18e-01	1.92e-01	3.73e-02	6.62e-03	2.51e-03	4.04e-05	0.00e+00
 6.92633e+20	0.00e+00	4.41e-25	2.97e-19	1.84e-15	3.09e-12	2.57e-10	7.84e-09	2.36e-07	1.63e-04	7.89e-03	8.47e-02	2.62e-01	4.16e-01	1.86e-01	3.52e-02	6.10e-03	2.27e-03	3.54e-05	0.00e+00
 7.43480e+20	4.34e-32	6.05e-25	3.97e-19	2.39e-15	3.91e-12	3.17e-10	9.39e-09	2.74e-07	1.83e-04	8.57e-03	8.93e-02	2.69e-01	4.14e-01	1.79e-01	3.28e-02	5.56e-03	2.01e-03	3.04e-05	0.00e+00
 7.88370e+20	0.00e+00	7.94e-25	5.08e-19	2.99e-15	4.78e-12	3.79e-10	1.10e-08	3.12e-07	2.01e-04	9.19e-03	9.34e-02	2.74e-01	4.12e-01	1.73e-01	3.09e-02	5.12e-03	1.82e-03	2.67e-05	0.00e+00
 8.26519e+20	7.42e-32	9.91e-25	6.22e-19	3.59e-15	5.62e-12	4.38e-10	1.24e-08	3.46e-07	2.18e-04	9.74e-03	9.70e-02	2.79e-01	4.10e-01	1.68e-01	2.94e-02	4.79e-03	1.67e-03	2.40e-05	0.00e+00
 8.69023e+20	0.00e+00	1.26e-24	7.75e-19	4.38e-15	6.72e-12	5.13e-10	1.42e-08	3.87e-07	2.38e-04	1.04e-02	1.01e-01	2.84e-01	4.08e-01	1.63e-01	2.78e-02	4.44e-03	1.52e-03	2.13e-05	0.00e+00
 9.24278e+20	1.36e-31	1.73e-24	1.03e-18	5.67e-15	8.46e-12	6.29e-10	1.69e-08	4.48e-07	2.67e-04	1.13e-02	1.06e-01	2.90e-01	4.04e-01	1.57e-01	2.59e-02	4.03e-03	1.35e-03	1.82e-05	0.00e+00
 9.81862e+20	0.00e+00	2.40e-24	1.39e-18	7.44e-15	1.08e-11	7.82e-10	2.04e-08	5.22e-07	2.99e-04	1.22e-02	1.12e-01	2.96e-01	4.00e-01	1.50e-01	2.40e-02	3.65e-03	1.19e-03	1.55e-05	0.00e+00
 1.02868e+21	2.58e-31	3.11e-24	1.76e-18	9.19e-15	1.30e-11	9.24e-10	2.35e-08	5.88e-07	3.27e-04	1.31e-02	1.16e-01	3.01e-01	3.97e-01	1.45e-01	2.26e-02	3.36e-03	1.08e-03	1.37e-05	0.00e+00
 1.07575e+21	0.00e+00	3.98e-24	2.20e-18	1.12e-14	1.56e-11	1.08e-09	2.68e-08	6.58e-07	3.58e-04	1.39e-02	1.21e-01	3.06e-01	3.93e-01	1.40e-01	2.13e-02	3.11e-03	9.77e-04	1.21e-05	0.00e+00
 1.13694e+21	4.82e-31	5.52e-24	2.96e-18	1.47e-14	1.98e-11	1.34e-09	3.22e-08	7.65e-07	4.02e-04	1.51e-02	1.27e-01	3.12e-01	3.88e-01	1.33e-01	1.96e-02	2.79e-03	8.57e-04	1.02e-05	0.00e+00
 1.20145e+21	0.00e+00	7.78e-24	4.05e-18	1.95e-14	2.55e-11	1.67e-09	3.90e-08	8.95e-07	4.52e-04	1.64e-02	1.34e-01	3.18e-01	3.83e-01	1.27e-01	1.80e-02	2.50e-03	7.50e-04	8.63e-06	0.00e+00
 1.25549e+21	9.45e-31	1.02e-23	5.20e-18	2.44e-14	3.11e-11	1.99e-09	4.53e-08	1.01e-06	4.97e-04	1.76e-02	1.39e-01	3.23e-01	3.78e-01	1.22e-01	1.69e-02	2.29e-03	6.72e-04	7.51e-06	0.00e+00
 1.31092e+21	0.00e+00	1.34e-23	6.64e-18	3.04e-14	3.78e-11	2.37e-09	5.24e-08	1.15e-06	5.46e-04	1.88e-02	1.45e-01	3.27e-01	3.73e-01	1.17e-01	1.57e-02	2.09e-03	6.02e-04	6.53e-06	0.00e+00
 1.38298e+21	1.87e-30	1.91e-23	9.15e-18	4.05e-14	4.89e-11	2.97e-09	6.35e-08	1.34e-06	6.17e-04	2.05e-02	1.53e-01	3.33e-01	3.66e-01	1.10e-01	1.44e-02	1.86e-03	5.21e-04	5.44e-06	0.00e+00
 1.45935e+21	0.00e+00	2.78e-23	1.29e-17	5.52e-14	6.43e-11	3.78e-09	7.82e-08	1.59e-06	7.00e-04	2.23e-02	1.61e-01	3.38e-01	3.59e-01	1.04e-01	1.30e-02	1.64e-03	4.48e-04	4.49e-06	0.00e+00
 1.52422e+21	3.94e-30	3.78e-23	1.70e-17	7.08e-14	8.02e-11	4.60e-09	9.23e-08	1.83e-06	7.76e-04	2.40e-02	1.67e-01	3.43e-01	3.52e-01	9.90e-02	1.20e-02	1.48e-03	3.95e-04	3.83e-06	0.00e+00
 1.58062e+21	0.00e+00	4.90e-23	2.15e-17	8.75e-14	9.68e-11	5.42e-09	1.06e-07	2.05e-06	8.48e-04	2.55e-02	1.73e-01	3.46e-01	3.47e-01	9.47e-02	1.12e-02	1.35e-03	3.54e-04	3.34e-06	0.00e+00
 1.64314e+21	7.12e-30	6.49e-23	2.77e-17	1.10e-13	1.18e-10	6.47e-09	1.23e-07	2.32e-06	9.33e-04	2.73e-02	1.80e-01	3.50e-01	3.40e-01	9.02e-02	1.04e-02	1.23e-03	3.14e-04	2.87e-06	0.00e+00
 1.72442e+21	0.00e+00	9.33e-23	3.85e-17	1.48e-13	1.54e-10	8.15e-09	1.50e-07	2.73e-06	1.05e-03	2.97e-02	1.89e-01	3.54e-01	3.32e-01	8.46e-02	9.37e-03	1.08e-03	2.69e-04	2.36e-06	0.00e+00
 1.80888e+21	1.61e-29	1.37e-22	5.45e-17	2.01e-13	2.03e-10	1.04e-08	1.85e-07	3.24e-06	1.19e-03	3.23e-02	1.98e-01	3.58e-01	3.23e-01	7.90e-02	8.42e-03	9.43e-04	2.28e-04	1.93e-06	0.00e+00
 1.87861e+21	0.00e+00	1.84e-22	7.14e-17	2.57e-13	2.51e-10	1.26e-08	2.17e-07	3.70e-06	1.32e-03	3.46e-02	2.05e-01	3.60e-01	3.15e-01	7.48e-02	7.73e-03	8.46e-04	2.01e-04	1.64e-06	0.00e+00
 1.95040e+21	3.10e-29	2.48e-22	9.35e-17	3.27e-13	3.11e-10	1.51e-08	2.54e-07	4.22e-06	1.46e-03	3.70e-02	2.13e-01	3.63e-01	3.08e-01	7.06e-02	7.08e-03	7.58e-04	1.76e-04	1.38e-06	0.00e+00
 2.04373e+21	0.00e+00	3.66e-22	1.33e-16	4.47e-13	4.10e-10	1.93e-08	3.13e-07	5.01e-06	1.66e-03	4.03e-02	2.22e-01	3.65e-01	2.98e-01	6.54e-02	6.30e-03	6.56e-04	1.47e-04	1.11e-06	0.00e+00
 2.14168e+21	7.41e-29	5.51e-22	1.92e-16	6.23e-13	5.50e-10	2.51e-08	3.91e-07	6.01e-06	1.89e-03	4.40e-02	2.33e-01	3.68e-01	2.87e-01	6.03e-02	5.57e-03	5.63e-04	1.23e-04	8.85e-07	0.00e+00
 2.22283e+21	0.00e+00	7.64e-22	2.58e-16	8.11e-13	6.94e-10	3.09e-08	4.66e-07	6.94e-06	2.10e-03	4.72e-02	2.41e-01	3.69e-01	2.78e-01	5.64e-02	5.03e-03	4.97e-04	1.06e-04	0.00e+00	0.00e+00
 2.30552e+21	1.50e-28	1.05e-21	3.43e-16	1.05e-12	8.68e-10	3.76e-08	5.49e-07	7.97e-06	2.33e-03	5.06e-02	2.50e-01	3.70e-01	2.70e-01	5.27e-02	4.55e-03	4.39e-04	9.10e-05	0.00e+00	0.00e+00
 2.41302e+21	0.00e+00	1.58e-21	4.97e-16	1.46e-12	1.16e-09	4.87e-08	6.84e-07	9.56e-06	2.67e-03	5.52e-02	2.61e-01	3.70e-01	2.58e-01	4.82e-02	3.98e-03	3.73e-04	7.48e-05	0.00e+00	0.00e+00
 2.52476e+21	3.78e-28	2.44e-21	7.35e-16	2.07e-12	1.58e-09	6.42e-08	8.67e-07	1.16e-05	3.06e-03	6.03e-02	2.72e-01	3.70e-01	2.46e-01	4.38e-02	3.45e-03	3.14e-04	6.09e-05	0.00e+00	0.00e+00
 2.61596e+21	0.00e+00	3.41e-21	9.95e-16	2.71e-12	2.01e-09	7.93e-08	1.04e-06	1.34e-05	3.40e-03	6.47e-02	2.81e-01	3.70e-01	2.37e-01	4.05e-02	3.08e-03	2.74e-04	5.16e-05	0.00e+00	0.00e+00
 2.70846e+21	7.81e-28	4.71e-21	1.33e-15	3.51e-12	2.52e-09	9.68e-08	1.23e-06	1.55e-05	3.79e-03	6.92e-02	2.90e-01	3.69e-01	2.28e-01	3.74e-02	2.75e-03	2.39e-04	4.37e-05	0.00e+00	0.00e+00
 2.81068e+21	0.00e+00	6.82e-21	1.86e-15	4.72e-12	3.28e-09	1.22e-07	1.50e-06	1.83e-05	4.26e-03	7.45e-02	3.00e-01	3.67e-01	2.18e-01	3.42e-02	2.41e-03	2.05e-04	3.63e-05	0.00e+00	0.00e+00
 2.90180e+21	1.66e-27	9.38e-21	2.48e-15	6.10e-12	4.11e-09	1.50e-07	1.78e-06	2.11e-05	4.71e-03	7.94e-02	3.08e-01	3.65e-01	2.09e-01	3.16e-02	2.15e-03	1.78e-04	3.08e-05	0.00e+00	0.00e+00
 2.98231e+21	0.00e+00	1.23e-20	3.16e-15	7.58e-12	4.97e-09	1.78e-07	2.06e-06	2.38e-05	5.14e-03	8.39e-02	3.15e-01	3.63e-01	2.01e-01	2.95e-02	1.94e-03	1.58e-04	2.67e-05	0.00e+00	0.00e+00
 3.07273e+21	3.12e-27	1.66e-20	4.13e-15	9.61e-12	6.11e-09	2.14e-07	2.41e-06	2.71e-05	5.66e-03	8.91e-02	3.23e-01	3.60e-01	1.93e-01	2.72e-02	1.74e-03	1.39e-04	2.28e-05	0.00e+00	0.00e+00
 3.19027e+21	0.00e+00	2.44e-20	5.84e-15	1.31e-11	8.01e-09	2.73e-07	2.96e-06	3.23e-05	6.40e-03	9.61e-02	3.33e-01	3.56e-01	1.82e-01	2.45e-02	1.50e-03	1.16e-04	1.85e-05	0.00e+00	0.00e+00
 3.30963e+21	7.37e-27	3.63e-20	8.35e-15	1.80e-11	1.06e-08	3.51e-07	3.69e-06	3.86e-05	7.24e-03	1.04e-01	3.43e-01	3.52e-01	1.71e-01	2.20e-02	1.28e-03	9.72e-05	1.49e-05	0.00e+00	0.00e+00
 3.40309e+21	0.00e+00	4.86e-20	1.09e-14	2.27e-11	1.30e-08	4.22e-07	4.31e-06	4.41e-05	7.95e-03	1.10e-01	3.50e-01	3.48e-01	1.63e-01	2.02e-02	1.14e-03	8.47e-05	1.26e-05	0.00e+00	0.00e+00
 3.49628e+21	1.39e-26	6.42e-20	1.39e-14	2.83e-11	1.57e-08	5.01e-07	4.98e-06	4.99e-05	8.71e-03	1.16e-01	3.57e-01	3.43e-01	1.56e-01	1.86e-02	1.01e-03	7.40e-05	1.07e-05	0.00e+00	0.00e+00
 3.61743e+21	2.08e-26	9.27e-20	1.93e-14	3.78e-11	2.03e-08	6.30e-07	6.07e-06	5.89e-05	9.78e-03	1.24e-01	3.65e-01	3.37e-01	1.46e-01	1.66e-02	8.69e-04	6.19e-05	8.68e-06	0.00e+00	0.00e+00
 3.74616e+21	3.19e-26	1.37e-19	2.74e-14	5.16e-11	2.66e-08	8.08e-07	7.51e-06	7.05e-05	1.11e-02	1.33e-01	3.74e-01	3.30e-01	1.36e-01	1.47e-02	7.36e-04	5.12e-05	6.91e-06	0.00e+00	0.00e+00
 3.85585e+21	4.54e-26	1.88e-19	3.64e-14	6.63e-11	3.32e-08	9.87e-07	8.92e-06	8.15e-05	1.22e-02	1.41e-01	3.80e-01	3.24e-01	1.28e-01	1.33e-02	6.40e-04	4.36e-05	5.70e-06	0.00e+00	0.00e+00
 3.96957e+21	6.41e-26	2.57e-19	4.81e-14	8.47e-11	4.10e-08	1.20e-06	1.05e-05	9.39e-05	1.35e-02	1.50e-01	3.87e-01	3.17e-01	1.20e-01	1.19e-02	5.54e-04	3.70e-05	4.69e-06	0.00e+00	0.00e+00
 4.11741e+21	1.01e-25	3.86e-19	6.92e-14	1.17e-10	5.42e-08	1.54e-06	1.31e-05	1.13e-04	1.54e-02	1.61e-01	3.94e-01	3.08e-01	1.10e-01	1.04e-02	4.59e-04	2.98e-05	3.63e-06	0.00e+00	0.00e+00
 4.27035e+21	1.60e-25	5.88e-19	1.01e-13	1.63e-10	7.24e-08	2.02e-06	1.65e-05	1.38e-04	1.76e-02	1.73e-01	4.01e-01	2.98e-01	1.01e-01	8.97e-03	3.77e-04	2.39e-05	2.78e-06	0.00e+00	0.00e+00
 4.39346e+21	2.29e-25	8.11e-19	1.34e-13	2.09e-10	9.00e-08	2.46e-06	1.95e-05	1.60e-04	1.94e-02	1.83e-01	4.05e-01	2.90e-01	9.39e-02	7.99e-03	3.22e-04	2.00e-05	2.26e-06	0.00e+00	0.00e+00
 4.51703e+21	3.21e-25	1.10e-18	1.75e-13	2.65e-10	1.10e-07	2.97e-06	2.29e-05	1.84e-04	2.14e-02	1.93e-01	4.09e-01	2.81e-01	8.72e-02	7.11e-03	2.76e-04	1.68e-05	1.84e-06	0.00e+00	0.00e+00
 4.67767e+21	4.98e-25	1.63e-18	2.49e-13	3.61e-10	1.44e-07	3.79e-06	2.83e-05	2.21e-04	2.43e-02	2.06e-01	4.14e-01	2.70e-01	7.91e-02	6.09e-03	2.25e-04	1.34e-05	1.40e-06	0.00e+00	0.00e+00
 4.84634e+21	7.90e-25	2.47e-18	3.61e-13	4.99e-10	1.91e-07	4.93e-06	3.54e-05	2.69e-04	2.76e-02	2.21e-01	4.17e-01	2.58e-01	7.12e-02	5.18e-03	1.82e-04	1.05e-05	1.05e-06	0.00e+00	0.00e+00
 4.97718e+21	1.11e-24	3.37e-18	4.74e-13	6.34e-10	2.34e-07	5.96e-06	4.17e-05	3.10e-04	3.03e-02	2.32e-01	4.18e-01	2.49e-01	6.57e-02	4.57e-03	1.55e-04	8.79e-06	8.50e-07	0.00e+00	0.00e+00
 5.08111e+21	1.44e-24	4.23e-18	5.80e-13	7.55e-10	2.72e-07	6.84e-06	4.69e-05	3.44e-04	3.26e-02	2.40e-01	4.19e-01	2.42e-01	6.16e-02	4.15e-03	1.36e-04	7.63e-06	0.00e+00	0.00e+00	0.00e+00
 5.19831e+21	1.91e-24	5.47e-18	7.26e-13	9.19e-10	3.22e-07	7.99e-06	5.36e-05	3.87e-04	3.53e-02	2.50e-01	4.19e-01	2.34e-01	5.72e-02	3.71e-03	1.18e-04	6.50e-06	0.00e+00	0.00e+00	0.00e+00
 5.35068e+21	2.77e-24	7.61e-18	9.72e-13	1.19e-09	4.00e-07	9.78e-06	6.36e-05	4.52e-04	3.91e-02	2.63e-01	4.19e-01	2.23e-01	5.20e-02	3.21e-03	9.80e-05	5.28e-06	0.00e+00	0.00e+00	0.00e+00
 5.51017e+21	4.07e-24	1.08e-17	1.32e-12	1.55e-09	5.02e-07	1.21e-05	7.65e-05	5.31e-04	4.34e-02	2.76e-01	4.18e-01	2.12e-01	4.69e-02	2.76e-03	8.07e-05	4.25e-06	0.00e+00	0.00e+00	0.00e+00
 5.64201e+21	5.52e-24	1.41e-17	1.67e-12	1.91e-09	6.00e-07	1.43e-05	8.80e-05	6.01e-04	4.70e-02	2.87e-01	4.16e-01	2.04e-01	4.32e-02	2.44e-03	6.90e-05	3.57e-06	0.00e+00	0.00e+00	0.00e+00
 5.77647e+21	7.40e-24	1.83e-17	2.10e-12	2.32e-09	7.09e-07	1.67e-05	1.00e-04	6.77e-04	5.09e-02	2.97e-01	4.14e-01	1.95e-01	3.96e-02	2.15e-03	5.89e-05	3.00e-06	0.00e+00	0.00e+00	0.00e+00
 5.95128e+21	1.08e-23	2.57e-17	2.84e-12	3.01e-09	8.82e-07	2.04e-05	1.19e-04	7.92e-04	5.63e-02	3.11e-01	4.10e-01	1.84e-01	3.54e-02	1.83e-03	4.79e-05	2.39e-06	0.00e+00	0.00e+00	0.00e+00
 6.13199e+21	1.61e-23	3.66e-17	3.87e-12	3.94e-09	1.11e-06	2.53e-05	1.43e-04	9.30e-04	6.22e-02	3.25e-01	4.05e-01	1.73e-01	3.16e-02	1.55e-03	3.89e-05	1.89e-06	0.00e+00	0.00e+00	0.00e+00
 6.27857e+21	2.18e-23	4.80e-17	4.90e-12	4.83e-09	1.32e-06	2.97e-05	1.63e-04	1.05e-03	6.72e-02	3.36e-01	4.01e-01	1.65e-01	2.88e-02	1.36e-03	3.29e-05	1.57e-06	0.00e+00	0.00e+00	0.00e+00
 6.42733e+21	2.92e-23	6.22e-17	6.14e-12	5.87e-09	1.55e-06	3.44e-05	1.85e-04	1.18e-03	7.24e-02	3.46e-01	3.96e-01	1.57e-01	2.62e-02	1.19e-03	2.79e-05	1.31e-06	0.00e+00	0.00e+00	0.00e+00
 6.62071e+21	4.27e-23	8.71e-17	8.24e-12	7.56e-09	1.92e-06	4.19e-05	2.18e-04	1.37e-03	7.96e-02	3.59e-01	3.89e-01	1.46e-01	2.32e-02	9.97e-04	2.25e-05	1.03e-06	0.00e+00	0.00e+00	0.00e+00
 6.82372e+21	6.37e-23	1.24e-16	1.12e-11	9.90e-09	2.41e-06	5.17e-05	2.60e-04	1.60e-03	8.74e-02	3.73e-01	3.81e-01	1.36e-01	2.04e-02	8.33e-04	1.80e-05	8.07e-07	0.00e+00	0.00e+00	0.00e+00
 6.99375e+21	8.75e-23	1.65e-16	1.44e-11	1.22e-08	2.88e-06	6.08e-05	2.97e-04	1.81e-03	9.41e-02	3.83e-01	3.74e-01	1.28e-01	1.83e-02	7.19e-04	1.51e-05	0.00e+00	0.00e+00	0.00e+00	0.00e+00
 7.16929e+21	1.19e-22	2.17e-16	1.82e-11	1.50e-08	3.41e-06	7.09e-05	3.37e-04	2.03e-03	1.01e-01	3.93e-01	3.66e-01	1.21e-01	1.64e-02	6.19e-04	1.25e-05	0.00e+00	0.00e+00	0.00e+00	0.00e+00
 7.39749e+21	1.79e-22	3.10e-16	2.48e-11	1.96e-08	4.26e-06	8.68e-05	3.98e-04	2.36e-03	1.11e-01	4.05e-01	3.55e-01	1.11e-01	1.43e-02	5.09e-04	9.87e-06	0.00e+00	0.00e+00	0.00e+00	0.00e+00
 7.63689e+21	2.73e-22	4.51e-16	3.45e-11	2.60e-08	5.40e-06	1.08e-04	4.75e-04	2.77e-03	1.22e-01	4.17e-01	3.44e-01	1.02e-01	1.23e-02	4.16e-04	7.73e-06	0.00e+00	0.00e+00	0.00e+00	0.00e+00
 7.83867e+21	3.83e-22	6.09e-16	4.47e-11	3.24e-08	6.50e-06	1.27e-04	5.43e-04	3.12e-03	1.31e-01	4.25e-01	3.34e-01	9.46e-02	1.09e-02	3.53e-04	6.34e-06	0.00e+00	0.00e+00	0.00e+00	0.00e+00
 8.01083e+21	5.07e-22	7.80e-16	5.54e-11	3.90e-08	7.57e-06	1.46e-04	6.06e-04	3.45e-03	1.38e-01	4.32e-01	3.26e-01	8.89e-02	9.84e-03	3.07e-04	5.36e-06	0.00e+00	0.00e+00	0.00e+00	0.00e+00
 8.19665e+21	6.78e-22	1.01e-15	6.91e-11	4.71e-08	8.84e-06	1.67e-04	6.76e-04	3.82e-03	1.47e-01	4.39e-01	3.17e-01	8.31e-02	8.80e-03	2.65e-04	4.48e-06	0.00e+00	0.00e+00	0.00e+00	0.00e+00
 8.43821e+21	9.88e-22	1.41e-15	9.21e-11	6.02e-08	1.08e-05	2.01e-04	7.80e-04	4.36e-03	1.59e-01	4.47e-01	3.05e-01	7.61e-02	7.63e-03	2.19e-04	3.56e-06	0.00e+00	0.00e+00	0.00e+00	0.00e+00
 8.68614e+21	1.46e-21	1.98e-15	1.24e-10	7.79e-08	1.34e-05	2.43e-04	9.09e-04	4.99e-03	1.70e-01	4.54e-01	2.93e-01	6.96e-02	6.60e-03	1.80e-04	2.83e-06	0.00e+00	0.00e+00	0.00e+00	0.00e+00
 8.88444e+21	1.96e-21	2.57e-15	1.56e-10	9.45e-08	1.58e-05	2.79e-04	1.01e-03	5.50e-03	1.80e-01	4.59e-01	2.84e-01	6.48e-02	5.89e-03	1.55e-04	2.37e-06	0.00e+00	0.00e+00	0.00e+00	0.00e+00
 9.08432e+21	2.60e-21	3.30e-15	1.93e-10	1.13e-07	1.83e-05	3.17e-04	1.12e-03	6.02e-03	1.90e-01	4.63e-01	2.74e-01	6.03e-02	5.26e-03	1.34e-04	1.99e-06	0.00e+00	0.00e+00	0.00e+00	0.00e+00
 9.34417e+21	3.75e-21	4.56e-15	2.55e-10	1.44e-07	2.22e-05	3.77e-04	1.28e-03	6.79e-03	2.02e-01	4.67e-01	2.62e-01	5.50e-02	4.54e-03	1.10e-04	1.58e-06	0.00e+00	0.00e+00	0.00e+00	0.00e+00
 9.61741e+21	5.54e-21	6.43e-15	3.44e-10	1.86e-07	2.75e-05	4.54e-04	1.48e-03	7.71e-03	2.16e-01	4.71e-01	2.50e-01	4.99e-02	3.90e-03	9.05e-05	1.25e-06	0.00e+00	0.00e+00	0.00e+00	0.00e+00
 9.84599e+21	7.55e-21	8.45e-15	4.35e-10	2.27e-07	3.25e-05	5.23e-04	1.65e-03	8.48e-03	2.27e-01	4.73e-01	2.40e-01	4.60e-02	3.45e-03	7.70e-05	1.03e-06	0.00e+00	0.00e+00	0.00e+00	0.00e+00
 1.00811e+22	1.02e-20	1.10e-14	5.46e-10	2.76e-07	3.80e-05	5.98e-04	1.82e-03	9.29e-03	2.38e-01	4.74e-01	2.30e-01	4.24e-02	3.03e-03	6.54e-05	8.53e-07	0.00e+00	0.00e+00	0.00e+00	0.00e+00
 1.03867e+22	1.51e-20	1.56e-14	7.36e-10	3.55e-07	4.68e-05	7.14e-04	2.08e-03	1.05e-02	2.53e-01	4.75e-01	2.18e-01	3.81e-02	2.58e-03	5.30e-05	0.00e+00	0.00e+00	0.00e+00	0.00e+00	0.00e+00
 1.07037e+22	2.28e-20	2.23e-14	1.01e-09	4.65e-07	5.85e-05	8.64e-04	2.41e-03	1.19e-02	2.68e-01	4.75e-01	2.06e-01	3.41e-02	2.18e-03	4.28e-05	0.00e+00	0.00e+00	0.00e+00	0.00e+00	0.00e+00
 1.09641e+22	3.14e-20	2.96e-14	1.28e-09	5.72e-07	6.94e-05	9.97e-04	2.68e-03	1.30e-02	2.81e-01	4.73e-01	1.96e-01	3.12e-02	1.91e-03	3.61e-05	0.00e+00	0.00e+00	0.00e+00	0.00e+00	0.00e+00
 1.12309e+22	4.28e-20	3.88e-14	1.62e-09	6.97e-07	8.14e-05	1.14e-03	2.95e-03	1.42e-02	2.93e-01	4.72e-01	1.86e-01	2.85e-02	1.67e-03	3.04e-05	0.00e+00	0.00e+00	0.00e+00	0.00e+00	0.00e+00
 1.15777e+22	6.41e-20	5.53e-14	2.20e-09	9.05e-07	1.01e-04	1.36e-03	3.36e-03	1.59e-02	3.09e-01	4.68e-01	1.75e-01	2.53e-02	1.40e-03	2.44e-05	0.00e+00	0.00e+00	0.00e+00	0.00e+00	0.00e+00
 1.19435e+22	9.81e-20	8.05e-14	3.04e-09	1.20e-06	1.27e-04	1.65e-03	3.87e-03	1.79e-02	3.26e-01	4.64e-01	1.63e-01	2.24e-02	1.17e-03	1.94e-05	0.00e+00	0.00e+00	0.00e+00	0.00e+00	0.00e+00
 1.22506e+22	1.38e-19	1.09e-13	3.93e-09	1.49e-06	1.52e-04	1.91e-03	4.31e-03	1.96e-02	3.39e-01	4.59e-01	1.54e-01	2.02e-02	1.00e-03	1.61e-05	0.00e+00	0.00e+00	0.00e+00	0.00e+00	0.00e+00
 1.25666e+22	1.92e-19	1.45e-13	5.03e-09	1.84e-06	1.80e-04	2.20e-03	4.75e-03	2.14e-02	3.53e-01	4.54e-01	1.45e-01	1.82e-02	8.64e-04	1.33e-05	0.00e+00	0.00e+00	0.00e+00	0.00e+00	0.00e+00
 1.29773e+22	2.95e-19	2.11e-13	6.96e-09	2.43e-06	2.26e-04	2.64e-03	5.43e-03	2.39e-02	3.70e-01	4.47e-01	1.34e-01	1.60e-02	7.11e-04	1.05e-05	0.00e+00	0.00e+00	0.00e+00	0.00e+00	0.00e+00
 1.34044e+22	4.62e-19	3.13e-13	9.78e-09	3.26e-06	2.87e-04	3.22e-03	6.26e-03	2.68e-02	3.87e-01	4.38e-01	1.24e-01	1.39e-02	5.83e-04	8.21e-06	0.00e+00	0.00e+00	0.00e+00	0.00e+00	0.00e+00
 1.37533e+22	6.53e-19	4.24e-13	1.27e-08	4.08e-06	3.45e-04	3.73e-03	6.95e-03	2.93e-02	4.01e-01	4.30e-01	1.15e-01	1.24e-02	4.96e-04	6.74e-06	0.00e+00	0.00e+00	0.00e+00	0.00e+00	0.00e+00
 1.41073e+22	9.08e-19	5.66e-13	1.62e-08	5.03e-06	4.09e-04	4.27e-03	7.62e-03	3.16e-02	4.14e-01	4.23e-01	1.08e-01	1.11e-02	4.25e-04	5.58e-06	0.00e+00	0.00e+00	0.00e+00	0.00e+00	0.00e+00
 1.45676e+22	1.40e-18	8.26e-13	2.25e-08	6.64e-06	5.12e-04	5.11e-03	8.64e-03	3.50e-02	4.30e-01	4.12e-01	9.90e-02	9.65e-03	3.47e-04	4.36e-06	0.00e+00	0.00e+00	0.00e+00	0.00e+00	0.00e+00
 1.50047e+22	2.11e-18	1.19e-12	3.07e-08	8.74e-06	6.42e-04	6.13e-03	9.85e-03	3.87e-02	4.44e-01	4.01e-01	9.11e-02	8.43e-03	2.86e-04	3.46e-06	0.00e+00	0.00e+00	0.00e+00	0.00e+00	0.00e+00
 1.53058e+22	2.75e-18	1.49e-12	3.74e-08	1.03e-05	7.36e-04	6.83e-03	1.06e-02	4.10e-02	4.53e-01	3.93e-01	8.61e-02	7.70e-03	2.52e-04	2.97e-06	0.00e+00	0.00e+00	0.00e+00	0.00e+00	0.00e+00
 1.55912e+22	3.49e-18	1.84e-12	4.46e-08	1.20e-05	8.31e-04	7.50e-03	1.13e-02	4.31e-02	4.62e-01	3.86e-01	8.16e-02	7.07e-03	2.24e-04	2.57e-06	0.00e+00	0.00e+00	0.00e+00	0.00e+00	0.00e+00
 1.59622e+22	4.78e-18	2.42e-12	5.66e-08	1.48e-05	9.80e-04	8.54e-03	1.23e-02	4.63e-02	4.72e-01	3.77e-01	7.61e-02	6.33e-03	1.92e-04	2.14e-06	0.00e+00	0.00e+00	0.00e+00	0.00e+00	0.00e+00
 1.64446e+22	7.12e-18	3.43e-12	7.62e-08	1.91e-05	1.21e-03	1.01e-02	1.38e-02	5.05e-02	4.85e-01	3.64e-01	6.95e-02	5.49e-03	1.57e-04	1.69e-06	0.00e+00	0.00e+00	0.00e+00	0.00e+00	0.00e+00
 1.69314e+22	1.06e-17	4.88e-12	1.03e-07	2.49e-05	1.50e-03	1.19e-02	1.55e-02	5.51e-02	4.96e-01	3.52e-01	6.34e-02	4.76e-03	1.29e-04	1.34e-06	0.00e+00	0.00e+00	0.00e+00	0.00e+00	0.00e+00
 1.73108e+22	1.42e-17	6.29e-12	1.28e-07	3.02e-05	1.75e-03	1.34e-02	1.68e-02	5.85e-02	5.04e-01	3.42e-01	5.91e-02	4.27e-03	1.11e-04	1.12e-06	0.00e+00	0.00e+00	0.00e+00	0.00e+00	0.00e+00
 1.76907e+22	1.89e-17	8.03e-12	1.58e-07	3.61e-05	2.02e-03	1.50e-02	1.80e-02	6.18e-02	5.12e-01	3.32e-01	5.51e-02	3.83e-03	9.61e-05	9.42e-07	0.00e+00	0.00e+00	0.00e+00	0.00e+00	0.00e+00
 1.81845e+22	2.72e-17	1.11e-11	2.08e-07	4.58e-05	2.45e-03	1.74e-02	1.98e-02	6.65e-02	5.21e-01	3.20e-01	5.03e-02	3.33e-03	7.94e-05	0.00e+00	0.00e+00	0.00e+00	0.00e+00	0.00e+00	0.00e+00
 1.87204e+22	4.02e-17	1.55e-11	2.78e-07	5.93e-05	3.01e-03	2.04e-02	2.21e-02	7.19e-02	5.28e-01	3.06e-01	4.55e-02	2.87e-03	6.48e-05	0.00e+00	0.00e+00	0.00e+00	0.00e+00	0.00e+00	0.00e+00
 1.91976e+22	5.61e-17	2.08e-11	3.57e-07	7.36e-05	3.59e-03	2.33e-02	2.41e-02	7.65e-02	5.34e-01	2.94e-01	4.17e-02	2.51e-03	5.43e-05	0.00e+00	0.00e+00	0.00e+00	0.00e+00	0.00e+00	0.00e+00
 1.97050e+22	7.90e-17	2.80e-11	4.60e-07	9.14e-05	4.26e-03	2.65e-02	2.62e-02	8.12e-02	5.40e-01	2.82e-01	3.81e-02	2.19e-03	4.51e-05	0.00e+00	0.00e+00	0.00e+00	0.00e+00	0.00e+00	0.00e+00
 2.03645e+22	1.22e-16	4.10e-11	6.38e-07	1.21e-04	5.33e-03	3.13e-02	2.92e-02	8.77e-02	5.45e-01	2.66e-01	3.38e-02	1.84e-03	3.57e-05	0.00e+00	0.00e+00	0.00e+00	0.00e+00	0.00e+00	0.00e+00
 2.10344e+22	1.90e-16	6.02e-11	8.86e-07	1.61e-04	6.70e-03	3.72e-02	3.27e-02	9.46e-02	5.47e-01	2.50e-01	2.98e-02	1.53e-03	2.80e-05	0.00e+00	0.00e+00	0.00e+00	0.00e+00	0.00e+00	0.00e+00
 2.15625e+22	2.62e-16	7.95e-11	1.12e-06	1.97e-04	7.89e-03	4.20e-02	3.52e-02	9.95e-02	5.48e-01	2.39e-01	2.71e-02	1.33e-03	2.34e-05	0.00e+00	0.00e+00	0.00e+00	0.00e+00	0.00e+00	0.00e+00
 2.20937e+22	3.58e-16	1.04e-10	1.42e-06	2.40e-04	9.20e-03	4.69e-02	3.76e-02	1.04e-01	5.49e-01	2.27e-01	2.47e-02	1.16e-03	1.95e-05	0.00e+00	0.00e+00	0.00e+00	0.00e+00	0.00e+00	0.00e+00
 2.27843e+22	5.34e-16	1.48e-10	1.90e-06	3.09e-04	1.12e-02	5.44e-02	4.13e-02	1.11e-01	5.46e-01	2.13e-01	2.18e-02	9.75e-04	1.55e-05	0.00e+00	0.00e+00	0.00e+00	0.00e+00	0.00e+00	0.00e+00
 2.35260e+22	8.16e-16	2.13e-10	2.60e-06	4.05e-04	1.39e-02	6.36e-02	4.55e-02	1.18e-01	5.42e-01	1.98e-01	1.90e-02	8.03e-04	1.21e-05	0.00e+00	0.00e+00	0.00e+00	0.00e+00	0.00e+00	0.00e+00
 2.41717e+22	1.15e-15	2.87e-10	3.35e-06	5.03e-04	1.65e-02	7.18e-02	4.89e-02	1.23e-01	5.36e-01	1.85e-01	1.69e-02	6.81e-04	9.76e-06	0.00e+00	0.00e+00	0.00e+00	0.00e+00	0.00e+00	0.00e+00
 2.48489e+22	1.63e-15	3.87e-10	4.32e-06	6.23e-04	1.95e-02	8.08e-02	5.23e-02	1.28e-01	5.30e-01	1.73e-01	1.50e-02	5.76e-04	7.88e-06	0.00e+00	0.00e+00	0.00e+00	0.00e+00	0.00e+00	0.00e+00
 2.55518e+22	2.32e-15	5.27e-10	5.61e-06	7.81e-04	2.33e-02	9.16e-02	5.63e-02	1.34e-01	5.20e-01	1.61e-01	1.32e-02	4.81e-04	6.27e-06	0.00e+00	0.00e+00	0.00e+00	0.00e+00	0.00e+00	0.00e+00
 2.61243e+22	3.04e-15	6.63e-10	6.81e-06	9.24e-04	2.65e-02	1.00e-01	5.91e-02	1.37e-01	5.13e-01	1.51e-01	1.19e-02	4.19e-04	5.25e-06	0.00e+00	0.00e+00	0.00e+00	0.00e+00	0.00e+00	0.00e+00
 2.67050e+22	3.97e-15	8.35e-10	8.27e-06	1.09e-03	3.00e-02	1.09e-01	6.19e-02	1.41e-01	5.04e-01	1.42e-01	1.08e-02	3.64e-04	4.40e-06	0.00e+00	0.00e+00	0.00e+00	0.00e+00	0.00e+00	0.00e+00
 2.74599e+22	5.60e-15	1.12e-09	1.06e-05	1.35e-03	3.53e-02	1.22e-01	6.58e-02	1.45e-01	4.90e-01	1.31e-01	9.38e-03	3.02e-04	3.49e-06	0.00e+00	0.00e+00	0.00e+00	0.00e+00	0.00e+00	0.00e+00
 2.82482e+22	7.89e-15	1.51e-09	1.36e-05	1.67e-03	4.16e-02	1.36e-01	6.98e-02	1.49e-01	4.74e-01	1.19e-01	8.11e-03	2.48e-04	2.73e-06	0.00e+00	0.00e+00	0.00e+00	0.00e+00	0.00e+00	0.00e+00
 2.89090e+22	1.03e-14	1.90e-09	1.65e-05	1.97e-03	4.71e-02	1.48e-01	7.26e-02	1.52e-01	4.61e-01	1.11e-01	7.20e-03	2.12e-04	2.24e-06	0.00e+00	0.00e+00	0.00e+00	0.00e+00	0.00e+00	0.00e+00
 2.95973e+22	1.36e-14	2.40e-09	2.01e-05	2.32e-03	5.32e-02	1.60e-01	7.53e-02	1.54e-01	4.46e-01	1.02e-01	6.36e-03	1.80e-04	1.83e-06	0.00e+00	0.00e+00	0.00e+00	0.00e+00	0.00e+00	0.00e+00
 3.04921e+22	1.92e-14	3.22e-09	2.57e-05	2.86e-03	6.22e-02	1.77e-01	7.89e-02	1.56e-01	4.25e-01	9.18e-02	5.39e-03	1.45e-04	1.41e-06	0.00e+00	0.00e+00	0.00e+00	0.00e+00	0.00e+00	0.00e+00
 3.14267e+22	2.71e-14	4.31e-09	3.28e-05	3.53e-03	7.26e-02	1.95e-01	8.23e-02	1.58e-01	4.02e-01	8.16e-02	4.53e-03	1.15e-04	1.06e-06	0.00e+00	0.00e+00	0.00e+00	0.00e+00	0.00e+00	0.00e+00
 3.21949e+22	3.52e-14	5.38e-09	3.95e-05	4.14e-03	8.14e-02	2.09e-01	8.43e-02	1.58e-01	3.85e-01	7.43e-02	3.93e-03	9.58e-05	8.53e-07	0.00e+00	0.00e+00	0.00e+00	0.00e+00	0.00e+00	0.00e+00
 3.29756e+22	4.57e-14	6.71e-09	4.73e-05	4.82e-03	9.08e-02	2.23e-01	8.60e-02	1.58e-01	3.67e-01	6.74e-02	3.41e-03	7.98e-05	0.00e+00	0.00e+00	0.00e+00	0.00e+00	0.00e+00	0.00e+00	0.00e+00
 3.39905e+22	6.35e-14	8.86e-09	5.96e-05	5.85e-03	1.04e-01	2.41e-01	8.82e-02	1.57e-01	3.41e-01	5.90e-02	2.82e-03	6.27e-05	0.00e+00	0.00e+00	0.00e+00	0.00e+00	0.00e+00	0.00e+00	0.00e+00
 3.50568e+22	8.78e-14	1.16e-08	7.46e-05	7.09e-03	1.19e-01	2.60e-01	8.98e-02	1.55e-01	3.15e-01	5.12e-02	2.31e-03	4.85e-05	0.00e+00	0.00e+00	0.00e+00	0.00e+00	0.00e+00	0.00e+00	0.00e+00
 3.59446e+22	1.13e-13	1.43e-08	8.84e-05	8.22e-03	1.32e-01	2.74e-01	9.03e-02	1.52e-01	2.96e-01	4.56e-02	1.96e-03	3.95e-05	0.00e+00	0.00e+00	0.00e+00	0.00e+00	0.00e+00	0.00e+00	0.00e+00
 3.68533e+22	1.45e-13	1.77e-08	1.05e-04	9.49e-03	1.45e-01	2.87e-01	9.05e-02	1.49e-01	2.76e-01	4.05e-02	1.66e-03	3.20e-05	0.00e+00	0.00e+00	0.00e+00	0.00e+00	0.00e+00	0.00e+00	0.00e+00
 3.80347e+22	1.98e-13	2.29e-08	1.30e-04	1.13e-02	1.63e-01	3.04e-01	9.05e-02	1.45e-01	2.51e-01	3.45e-02	1.33e-03	2.44e-05	0.00e+00	0.00e+00	0.00e+00	0.00e+00	0.00e+00	0.00e+00	0.00e+00
 3.92798e+22	2.70e-13	2.96e-08	1.60e-04	1.35e-02	1.83e-01	3.20e-01	8.97e-02	1.39e-01	2.25e-01	2.89e-02	1.05e-03	1.82e-05	0.00e+00	0.00e+00	0.00e+00	0.00e+00	0.00e+00	0.00e+00	0.00e+00
 4.03177e+22	3.43e-13	3.60e-08	1.87e-04	1.55e-02	1.99e-01	3.30e-01	8.83e-02	1.34e-01	2.06e-01	2.51e-02	8.67e-04	1.44e-05	0.00e+00	0.00e+00	0.00e+00	0.00e+00	0.00e+00	0.00e+00	0.00e+00
 4.13768e+22	4.36e-13	4.38e-08	2.19e-04	1.77e-02	2.16e-01	3.40e-01	8.67e-02	1.29e-01	1.88e-01	2.17e-02	7.16e-04	1.14e-05	0.00e+00	0.00e+00	0.00e+00	0.00e+00	0.00e+00	0.00e+00	0.00e+00
 4.27535e+22	5.89e-13	5.62e-08	2.68e-04	2.09e-02	2.38e-01	3.50e-01	8.43e-02	1.22e-01	1.66e-01	1.79e-02	5.54e-04	8.32e-06	0.00e+00	0.00e+00	0.00e+00	0.00e+00	0.00e+00	0.00e+00	0.00e+00
 4.41748e+22	7.82e-13	7.07e-08	3.21e-04	2.45e-02	2.61e-01	3.59e-01	8.12e-02	1.15e-01	1.45e-01	1.46e-02	4.25e-04	6.03e-06	0.00e+00	0.00e+00	0.00e+00	0.00e+00	0.00e+00	0.00e+00	0.00e+00
 4.53565e+22	9.75e-13	8.45e-08	3.70e-04	2.77e-02	2.79e-01	3.63e-01	7.84e-02	1.08e-01	1.30e-01	1.24e-02	3.44e-04	4.68e-06	0.00e+00	0.00e+00	0.00e+00	0.00e+00	0.00e+00	0.00e+00	0.00e+00
 4.65949e+22	1.23e-12	1.02e-07	4.30e-04	3.13e-02	2.98e-01	3.66e-01	7.53e-02	1.02e-01	1.16e-01	1.05e-02	2.76e-04	3.60e-06	0.00e+00	0.00e+00	0.00e+00	0.00e+00	0.00e+00	0.00e+00	0.00e+00
 4.82049e+22	1.63e-12	1.28e-07	5.17e-04	3.63e-02	3.22e-01	3.68e-01	7.12e-02	9.41e-02	9.97e-02	8.39e-03	2.08e-04	2.56e-06	0.00e+00	0.00e+00	0.00e+00	0.00e+00	0.00e+00	0.00e+00	0.00e+00
 4.98356e+22	2.14e-12	1.60e-07	6.13e-04	4.21e-02	3.46e-01	3.67e-01	6.68e-02	8.61e-02	8.46e-02	6.64e-03	1.54e-04	1.79e-06	0.00e+00	0.00e+00	0.00e+00	0.00e+00	0.00e+00	0.00e+00	0.00e+00
 5.10704e+22	2.59e-12	1.85e-07	6.90e-04	4.68e-02	3.63e-01	3.65e-01	6.34e-02	8.05e-02	7.55e-02	5.63e-03	1.25e-04	1.40e-06	0.00e+00	0.00e+00	0.00e+00	0.00e+00	0.00e+00	0.00e+00	0.00e+00
 5.22527e+22	3.12e-12	2.16e-07	7.77e-04	5.15e-02	3.78e-01	3.61e-01	6.03e-02	7.54e-02	6.78e-02	4.81e-03	1.02e-04	1.10e-06	0.00e+00	0.00e+00	0.00e+00	0.00e+00	0.00e+00	0.00e+00	0.00e+00
 5.37896e+22	3.96e-12	2.61e-07	9.04e-04	5.81e-02	3.98e-01	3.55e-01	5.63e-02	6.91e-02	5.82e-02	3.90e-03	7.84e-05	8.11e-07	0.00e+00	0.00e+00	0.00e+00	0.00e+00	0.00e+00	0.00e+00	0.00e+00
 5.53237e+22	4.92e-12	3.10e-07	1.04e-03	6.53e-02	4.17e-01	3.48e-01	5.24e-02	6.30e-02	4.99e-02	3.14e-03	6.00e-05	0.00e+00	0.00e+00	0.00e+00	0.00e+00	0.00e+00	0.00e+00	0.00e+00	0.00e+00
 5.66010e+22	5.86e-12	3.57e-07	1.16e-03	7.17e-02	4.32e-01	3.41e-01	4.93e-02	5.85e-02	4.43e-02	2.66e-03	4.87e-05	0.00e+00	0.00e+00	0.00e+00	0.00e+00	0.00e+00	0.00e+00	0.00e+00	0.00e+00
 5.80083e+22	7.16e-12	4.20e-07	1.32e-03	7.92e-02	4.47e-01	3.32e-01	4.60e-02	5.38e-02	3.87e-02	2.21e-03	3.88e-05	0.00e+00	0.00e+00	0.00e+00	0.00e+00	0.00e+00	0.00e+00	0.00e+00	0.00e+00
 5.95406e+22	8.78e-12	4.94e-07	1.50e-03	8.81e-02	4.63e-01	3.21e-01	4.26e-02	4.89e-02	3.32e-02	1.80e-03	3.01e-05	0.00e+00	0.00e+00	0.00e+00	0.00e+00	0.00e+00	0.00e+00	0.00e+00	0.00e+00
 6.09058e+22	1.05e-11	5.70e-07	1.68e-03	9.66e-02	4.75e-01	3.11e-01	3.97e-02	4.49e-02	2.91e-02	1.50e-03	2.41e-05	0.00e+00	0.00e+00	0.00e+00	0.00e+00	0.00e+00	0.00e+00	0.00e+00	0.00e+00
 6.21405e+22	1.22e-11	6.45e-07	1.85e-03	1.05e-01	4.86e-01	3.01e-01	3.73e-02	4.16e-02	2.59e-02	1.29e-03	1.99e-05	0.00e+00	0.00e+00	0.00e+00	0.00e+00	0.00e+00	0.00e+00	0.00e+00	0.00e+00
 6.35351e+22	1.48e-11	7.56e-07	2.10e-03	1.15e-01	4.97e-01	2.90e-01	3.45e-02	3.80e-02	2.26e-02	1.07e-03	1.60e-05	0.00e+00	0.00e+00	0.00e+00	0.00e+00	0.00e+00	0.00e+00	0.00e+00	0.00e+00
 6.50542e+22	1.79e-11	8.78e-07	2.37e-03	1.27e-01	5.08e-01	2.77e-01	3.18e-02	3.44e-02	1.95e-02	8.81e-04	1.26e-05	0.00e+00	0.00e+00	0.00e+00	0.00e+00	0.00e+00	0.00e+00	0.00e+00	0.00e+00
 6.63880e+22	2.11e-11	1.01e-06	2.65e-03	1.38e-01	5.16e-01	2.65e-01	2.95e-02	3.14e-02	1.71e-02	7.42e-04	1.02e-05	0.00e+00	0.00e+00	0.00e+00	0.00e+00	0.00e+00	0.00e+00	0.00e+00	0.00e+00
 6.75547e+22	2.47e-11	1.15e-06	2.94e-03	1.48e-01	5.22e-01	2.54e-01	2.77e-02	2.90e-02	1.53e-02	6.41e-04	8.57e-06	0.00e+00	0.00e+00	0.00e+00	0.00e+00	0.00e+00	0.00e+00	0.00e+00	0.00e+00
 6.88514e+22	2.91e-11	1.31e-06	3.28e-03	1.61e-01	5.27e-01	2.43e-01	2.57e-02	2.66e-02	1.35e-02	5.46e-04	7.07e-06	0.00e+00	0.00e+00	0.00e+00	0.00e+00	0.00e+00	0.00e+00	0.00e+00	0.00e+00
 7.02494e+22	3.52e-11	1.54e-06	3.73e-03	1.76e-01	5.31e-01	2.29e-01	2.37e-02	2.40e-02	1.17e-02	4.55e-04	5.70e-06	0.00e+00	0.00e+00	0.00e+00	0.00e+00	0.00e+00	0.00e+00	0.00e+00	0.00e+00
 7.14491e+22	4.10e-11	1.75e-06	4.15e-03	1.89e-01	5.34e-01	2.18e-01	2.20e-02	2.20e-02	1.04e-02	3.91e-04	4.76e-06	0.00e+00	0.00e+00	0.00e+00	0.00e+00	0.00e+00	0.00e+00	0.00e+00	0.00e+00
 7.24751e+22	4.70e-11	1.96e-06	4.56e-03	2.02e-01	5.35e-01	2.08e-01	2.07e-02	2.03e-02	9.40e-03	3.44e-04	4.10e-06	0.00e+00	0.00e+00	0.00e+00	0.00e+00	0.00e+00	0.00e+00	0.00e+00	0.00e+00
 7.36052e+22	5.18e-11	2.12e-06	4.87e-03	2.17e-01	5.34e-01	1.97e-01	1.93e-02	1.87e-02	8.39e-03	2.99e-04	3.47e-06	0.00e+00	0.00e+00	0.00e+00	0.00e+00	0.00e+00	0.00e+00	0.00e+00	0.00e+00
 7.48456e+22	6.54e-11	2.59e-06	5.75e-03	2.35e-01	5.32e-01	1.85e-01	1.78e-02	1.69e-02	7.38e-03	2.55e-04	2.88e-06	0.00e+00	0.00e+00	0.00e+00	0.00e+00	0.00e+00	0.00e+00	0.00e+00	0.00e+00
 7.59292e+22	7.59e-11	2.95e-06	6.39e-03	2.52e-01	5.29e-01	1.74e-01	1.66e-02	1.54e-02	6.59e-03	2.22e-04	2.46e-06	0.00e+00	0.00e+00	0.00e+00	0.00e+00	0.00e+00	0.00e+00	0.00e+00	0.00e+00
 7.68376e+22	8.56e-11	3.27e-06	6.97e-03	2.67e-01	5.25e-01	1.65e-01	1.56e-02	1.43e-02	5.99e-03	1.98e-04	2.15e-06	0.00e+00	0.00e+00	0.00e+00	0.00e+00	0.00e+00	0.00e+00	0.00e+00	0.00e+00
 7.78185e+22	9.44e-11	3.55e-06	7.48e-03	2.85e-01	5.19e-01	1.55e-01	1.46e-02	1.31e-02	5.40e-03	1.74e-04	1.86e-06	0.00e+00	0.00e+00	0.00e+00	0.00e+00	0.00e+00	0.00e+00	0.00e+00	0.00e+00
 7.88879e+22	1.18e-10	4.32e-06	8.80e-03	3.06e-01	5.10e-01	1.45e-01	1.36e-02	1.19e-02	4.80e-03	1.52e-04	1.59e-06	0.00e+00	0.00e+00	0.00e+00	0.00e+00	0.00e+00	0.00e+00	0.00e+00	0.00e+00
 7.98085e+22	1.36e-10	4.89e-06	9.78e-03	3.25e-01	5.01e-01	1.35e-01	1.27e-02	1.09e-02	4.33e-03	1.34e-04	1.38e-06	0.00e+00	0.00e+00	0.00e+00	0.00e+00	0.00e+00	0.00e+00	0.00e+00	0.00e+00
 8.05669e+22	1.45e-10	5.17e-06	1.03e-02	3.43e-01	4.93e-01	1.28e-01	1.19e-02	1.01e-02	3.96e-03	1.21e-04	1.23e-06	0.00e+00	0.00e+00	0.00e+00	0.00e+00	0.00e+00	0.00e+00	0.00e+00	0.00e+00
 8.13781e+22	1.76e-10	6.16e-06	1.19e-02	3.62e-01	4.82e-01	1.20e-01	1.12e-02	9.28e-03	3.61e-03	1.09e-04	1.09e-06	0.00e+00	0.00e+00	0.00e+00	0.00e+00	0.00e+00	0.00e+00	0.00e+00	0.00e+00
 8.22576e+22	2.04e-10	7.01e-06	1.32e-02	3.84e-01	4.69e-01	1.12e-01	1.04e-02	8.45e-03	3.24e-03	9.59e-05	9.48e-07	0.00e+00	0.00e+00	0.00e+00	0.00e+00	0.00e+00	0.00e+00	0.00e+00	0.00e+00
 8.30146e+22	2.32e-10	7.86e-06	1.46e-02	4.04e-01	4.56e-01	1.04e-01	9.78e-03	7.77e-03	2.95e-03	8.60e-05	0.00e+00	0.00e+00	0.00e+00	0.00e+00	0.00e+00	0.00e+00	0.00e+00	0.00e+00	0.00e+00
 8.36462e+22	2.58e-10	8.63e-06	1.58e-02	4.22e-01	4.44e-01	9.85e-02	9.24e-03	7.23e-03	2.72e-03	7.84e-05	0.00e+00	0.00e+00	0.00e+00	0.00e+00	0.00e+00	0.00e+00	0.00e+00	0.00e+00	0.00e+00
 8.43258e+22	2.93e-10	9.66e-06	1.74e-02	4.41e-01	4.31e-01	9.25e-02	8.70e-03	6.70e-03	2.50e-03	7.11e-05	0.00e+00	0.00e+00	0.00e+00	0.00e+00	0.00e+00	0.00e+00	0.00e+00	0.00e+00	0.00e+00
 8.50672e+22	3.34e-10	1.09e-05	1.91e-02	4.63e-01	4.15e-01	8.61e-02	8.11e-03	6.13e-03	2.25e-03	6.33e-05	0.00e+00	0.00e+00	0.00e+00	0.00e+00	0.00e+00	0.00e+00	0.00e+00	0.00e+00	0.00e+00
 8.57120e+22	3.74e-10	1.20e-05	2.08e-02	4.83e-01	4.00e-01	8.07e-02	7.61e-03	5.67e-03	2.06e-03	5.71e-05	0.00e+00	0.00e+00	0.00e+00	0.00e+00	0.00e+00	0.00e+00	0.00e+00	0.00e+00	0.00e+00
 8.62551e+22	4.11e-10	1.31e-05	2.23e-02	4.99e-01	3.88e-01	7.65e-02	7.21e-03	5.31e-03	1.91e-03	5.23e-05	0.00e+00	0.00e+00	0.00e+00	0.00e+00	0.00e+00	0.00e+00	0.00e+00	0.00e+00	0.00e+00
 8.68433e+22	4.57e-10	1.44e-05	2.41e-02	5.17e-01	3.74e-01	7.22e-02	6.79e-03	4.95e-03	1.76e-03	4.76e-05	0.00e+00	0.00e+00	0.00e+00	0.00e+00	0.00e+00	0.00e+00	0.00e+00	0.00e+00	0.00e+00
 8.74970e+22	5.10e-10	1.58e-05	2.61e-02	5.36e-01	3.58e-01	6.77e-02	6.35e-03	4.58e-03	1.60e-03	4.26e-05	0.00e+00	0.00e+00	0.00e+00	0.00e+00	0.00e+00	0.00e+00	0.00e+00	0.00e+00	0.00e+00
 8.80914e+22	5.63e-10	1.73e-05	2.80e-02	5.53e-01	3.43e-01	6.40e-02	5.97e-03	4.27e-03	1.46e-03	3.85e-05	0.00e+00	0.00e+00	0.00e+00	0.00e+00	0.00e+00	0.00e+00	0.00e+00	0.00e+00	0.00e+00
 8.86187e+22	6.13e-10	1.86e-05	2.97e-02	5.68e-01	3.31e-01	6.09e-02	5.64e-03	4.02e-03	1.35e-03	3.51e-05	0.00e+00	0.00e+00	0.00e+00	0.00e+00	0.00e+00	0.00e+00	0.00e+00	0.00e+00	0.00e+00
 8.92031e+22	6.73e-10	2.01e-05	3.16e-02	5.83e-01	3.17e-01	5.79e-02	5.31e-03	3.77e-03	1.24e-03	3.18e-05	0.00e+00	0.00e+00	0.00e+00	0.00e+00	0.00e+00	0.00e+00	0.00e+00	0.00e+00	0.00e+00
 8.98480e+22	7.42e-10	2.19e-05	3.37e-02	5.98e-01	3.03e-01	5.48e-02	4.97e-03	3.52e-03	1.12e-03	2.82e-05	0.00e+00	0.00e+00	0.00e+00	0.00e+00	0.00e+00	0.00e+00	0.00e+00	0.00e+00	0.00e+00
 9.04260e+22	8.07e-10	2.35e-05	3.55e-02	6.12e-01	2.91e-01	5.24e-02	4.68e-03	3.31e-03	1.03e-03	2.54e-05	0.00e+00	0.00e+00	0.00e+00	0.00e+00	0.00e+00	0.00e+00	0.00e+00	0.00e+00	0.00e+00
 9.09441e+22	8.68e-10	2.49e-05	3.72e-02	6.23e-01	2.81e-01	5.04e-02	4.44e-03	3.14e-03	9.55e-04	2.32e-05	0.00e+00	0.00e+00	0.00e+00	0.00e+00	0.00e+00	0.00e+00	0.00e+00	0.00e+00	0.00e+00
 9.15299e+22	9.41e-10	2.66e-05	3.90e-02	6.34e-01	2.71e-01	4.83e-02	4.19e-03	2.97e-03	8.78e-04	2.08e-05	0.00e+00	0.00e+00	0.00e+00	0.00e+00	0.00e+00	0.00e+00	0.00e+00	0.00e+00	0.00e+00
 9.22915e+22	1.04e-09	2.89e-05	4.13e-02	6.47e-01	2.58e-01	4.60e-02	3.90e-03	2.77e-03	7.85e-04	1.82e-05	0.00e+00	0.00e+00	0.00e+00	0.00e+00	0.00e+00	0.00e+00	0.00e+00	0.00e+00	0.00e+00
 9.30830e+22	1.15e-09	3.12e-05	4.36e-02	6.60e-01	2.46e-01	4.38e-02	3.63e-03	2.58e-03	6.99e-04	1.57e-05	0.00e+00	0.00e+00	0.00e+00	0.00e+00	0.00e+00	0.00e+00	0.00e+00	0.00e+00	0.00e+00
 9.37608e+22	1.25e-09	3.32e-05	4.55e-02	6.70e-01	2.36e-01	4.21e-02	3.42e-03	2.44e-03	6.36e-04	1.39e-05	0.00e+00	0.00e+00	0.00e+00	0.00e+00	0.00e+00	0.00e+00	0.00e+00	0.00e+00	0.00e+00
 9.44609e+22	1.35e-09	3.53e-05	4.74e-02	6.79e-01	2.27e-01	4.05e-02	3.22e-03	2.30e-03	5.79e-04	1.23e-05	0.00e+00	0.00e+00	0.00e+00	0.00e+00	0.00e+00	0.00e+00	0.00e+00	0.00e+00	0.00e+00
 9.52064e+22	1.47e-09	3.76e-05	4.93e-02	6.87e-01	2.19e-01	3.90e-02	3.04e-03	2.17e-03	5.23e-04	1.08e-05	0.00e+00	0.00e+00	0.00e+00	0.00e+00	0.00e+00	0.00e+00	0.00e+00	0.00e+00	0.00e+00
 9.59230e+22	1.58e-09	3.98e-05	5.11e-02	6.95e-01	2.11e-01	3.76e-02	2.87e-03	2.05e-03	4.76e-04	9.60e-06	0.00e+00	0.00e+00	0.00e+00	0.00e+00	0.00e+00	0.00e+00	0.00e+00	0.00e+00	0.00e+00
 9.67211e+22	1.72e-09	4.23e-05	5.31e-02	7.02e-01	2.03e-01	3.63e-02	2.71e-03	1.93e-03	4.31e-04	8.43e-06	0.00e+00	0.00e+00	0.00e+00	0.00e+00	0.00e+00	0.00e+00	0.00e+00	0.00e+00	0.00e+00
 9.76763e+22	1.89e-09	4.53e-05	5.54e-02	7.10e-01	1.95e-01	3.48e-02	2.53e-03	1.80e-03	3.83e-04	7.24e-06	0.00e+00	0.00e+00	0.00e+00	0.00e+00	0.00e+00	0.00e+00	0.00e+00	0.00e+00	0.00e+00
 9.87134e+22	2.08e-09	4.87e-05	5.78e-02	7.18e-01	1.86e-01	3.33e-02	2.36e-03	1.68e-03	3.39e-04	6.17e-06	0.00e+00	0.00e+00	0.00e+00	0.00e+00	0.00e+00	0.00e+00	0.00e+00	0.00e+00	0.00e+00
 9.97790e+22	2.29e-09	5.21e-05	6.02e-02	7.25e-01	1.79e-01	3.19e-02	2.21e-03	1.56e-03	3.00e-04	5.27e-06	0.00e+00	0.00e+00	0.00e+00	0.00e+00	0.00e+00	0.00e+00	0.00e+00	0.00e+00	0.00e+00
 1.00909e+23	2.52e-09	5.59e-05	6.27e-02	7.32e-01	1.71e-01	3.06e-02	2.06e-03	1.45e-03	2.66e-04	4.50e-06	0.00e+00	0.00e+00	0.00e+00	0.00e+00	0.00e+00	0.00e+00	0.00e+00	0.00e+00	0.00e+00
 1.02154e+23	2.79e-09	6.01e-05	6.54e-02	7.39e-01	1.63e-01	2.92e-02	1.92e-03	1.34e-03	2.33e-04	3.80e-06	0.00e+00	0.00e+00	0.00e+00	0.00e+00	0.00e+00	0.00e+00	0.00e+00	0.00e+00	0.00e+00
 1.03541e+23	3.11e-09	6.49e-05	6.84e-02	7.45e-01	1.55e-01	2.78e-02	1.78e-03	1.23e-03	2.03e-04	3.17e-06	0.00e+00	0.00e+00	0.00e+00	0.00e+00	0.00e+00	0.00e+00	0.00e+00	0.00e+00	0.00e+00
 1.05085e+23	3.49e-09	7.04e-05	7.16e-02	7.52e-01	1.47e-01	2.64e-02	1.65e-03	1.12e-03	1.75e-04	2.61e-06	0.00e+00	0.00e+00	0.00e+00	0.00e+00	0.00e+00	0.00e+00	0.00e+00	0.00e+00	0.00e+00
 1.06803e+23	3.95e-09	7.67e-05	7.51e-02	7.58e-01	1.39e-01	2.49e-02	1.51e-03	1.01e-03	1.49e-04	2.13e-06	0.00e+00	0.00e+00	0.00e+00	0.00e+00	0.00e+00	0.00e+00	0.00e+00	0.00e+00	0.00e+00
 1.08734e+23	4.51e-09	8.40e-05	7.90e-02	7.64e-01	1.31e-01	2.35e-02	1.38e-03	9.09e-04	1.26e-04	1.72e-06	0.00e+00	0.00e+00	0.00e+00	0.00e+00	0.00e+00	0.00e+00	0.00e+00	0.00e+00	0.00e+00
 1.10936e+23	5.21e-09	9.26e-05	8.33e-02	7.70e-01	1.23e-01	2.20e-02	1.25e-03	8.07e-04	1.05e-04	1.35e-06	0.00e+00	0.00e+00	0.00e+00	0.00e+00	0.00e+00	0.00e+00	0.00e+00	0.00e+00	0.00e+00
 1.13447e+23	6.08e-09	1.03e-04	8.82e-02	7.75e-01	1.14e-01	2.04e-02	1.13e-03	7.09e-04	8.62e-05	1.05e-06	0.00e+00	0.00e+00	0.00e+00	0.00e+00	0.00e+00	0.00e+00	0.00e+00	0.00e+00	0.00e+00
 1.16458e+23	7.24e-09	1.16e-04	9.38e-02	7.80e-01	1.05e-01	1.88e-02	1.00e-03	6.11e-04	6.92e-05	7.95e-07	0.00e+00	0.00e+00	0.00e+00	0.00e+00	0.00e+00	0.00e+00	0.00e+00	0.00e+00	0.00e+00
 1.19769e+23	8.78e-09	1.32e-04	1.01e-01	7.84e-01	9.66e-02	1.72e-02	8.88e-04	5.21e-04	5.47e-05	0.00e+00	0.00e+00	0.00e+00	0.00e+00	0.00e+00	0.00e+00	0.00e+00	0.00e+00	0.00e+00	0.00e+00
 1.22947e+23	1.05e-08	1.48e-04	1.07e-01	7.87e-01	8.92e-02	1.58e-02	7.96e-04	4.51e-04	4.45e-05	0.00e+00	0.00e+00	0.00e+00	0.00e+00	0.00e+00	0.00e+00	0.00e+00	0.00e+00	0.00e+00	0.00e+00
 1.26492e+23	1.25e-08	1.66e-04	1.13e-01	7.89e-01	8.20e-02	1.45e-02	7.12e-04	3.88e-04	3.62e-05	0.00e+00	0.00e+00	0.00e+00	0.00e+00	0.00e+00	0.00e+00	0.00e+00	0.00e+00	0.00e+00	0.00e+00
 1.31101e+23	1.57e-08	1.91e-04	1.22e-01	7.90e-01	7.37e-02	1.30e-02	6.20e-04	3.21e-04	2.79e-05	0.00e+00	0.00e+00	0.00e+00	0.00e+00	0.00e+00	0.00e+00	0.00e+00	0.00e+00	0.00e+00	0.00e+00
 1.36040e+23	2.01e-08	2.24e-04	1.32e-01	7.89e-01	6.62e-02	1.16e-02	5.41e-04	2.65e-04	2.16e-05	0.00e+00	0.00e+00	0.00e+00	0.00e+00	0.00e+00	0.00e+00	0.00e+00	0.00e+00	0.00e+00	0.00e+00
 1.40394e+23	2.49e-08	2.57e-04	1.42e-01	7.86e-01	6.04e-02	1.05e-02	4.84e-04	2.25e-04	1.75e-05	0.00e+00	0.00e+00	0.00e+00	0.00e+00	0.00e+00	0.00e+00	0.00e+00	0.00e+00	0.00e+00	0.00e+00
 1.45037e+23	3.05e-08	2.90e-04	1.51e-01	7.84e-01	5.52e-02	9.58e-03	4.35e-04	1.93e-04	1.44e-05	0.00e+00	0.00e+00	0.00e+00	0.00e+00	0.00e+00	0.00e+00	0.00e+00	0.00e+00	0.00e+00	0.00e+00
 1.50677e+23	3.92e-08	3.37e-04	1.63e-01	7.78e-01	4.96e-02	8.57e-03	3.85e-04	1.61e-04	1.14e-05	0.00e+00	0.00e+00	0.00e+00	0.00e+00	0.00e+00	0.00e+00	0.00e+00	0.00e+00	0.00e+00	0.00e+00
