#depth	H	H+	H2
 1.54284e+19	3.28e-08	1.00e+00	1.81e-32
 9.25702e+19	3.52e-08	1.00e+00	2.15e-32
 2.19083e+20	3.95e-08	1.00e+00	2.71e-32
 3.29311e+20	4.34e-08	1.00e+00	3.27e-32
 3.86390e+20	4.55e-08	1.00e+00	3.57e-32
 4.05132e+20	4.61e-08	1.00e+00	3.70e-32
 4.21441e+20	4.67e-08	1.00e+00	3.81e-32
 4.42642e+20	4.75e-08	1.00e+00	3.95e-32
 4.70204e+20	4.85e-08	1.00e+00	4.14e-32
 5.06035e+20	4.99e-08	1.00e+00	4.40e-32
 5.52615e+20	5.16e-08	1.00e+00	4.76e-32
 6.03262e+20	5.36e-08	1.00e+00	5.15e-32
 6.47295e+20	5.53e-08	1.00e+00	5.50e-32
 6.92633e+20	5.71e-08	1.00e+00	5.92e-32
 7.43480e+20	5.92e-08	1.00e+00	6.40e-32
 7.88370e+20	6.10e-08	1.00e+00	6.82e-32
 8.26519e+20	6.26e-08	1.00e+00	7.22e-32
 8.69023e+20	6.44e-08	1.00e+00	7.70e-32
 9.24278e+20	6.67e-08	1.00e+00	8.35e-32
 9.81862e+20	6.92e-08	1.00e+00	9.03e-32
 1.02868e+21	7.12e-08	1.00e+00	9.62e-32
 1.07575e+21	7.33e-08	1.00e+00	1.03e-31
 1.13694e+21	7.60e-08	1.00e+00	1.12e-31
 1.20145e+21	7.90e-08	1.00e+00	1.22e-31
 1.25549e+21	8.14e-08	1.00e+00	1.30e-31
 1.31092e+21	8.40e-08	1.00e+00	1.41e-31
 1.38298e+21	8.74e-08	1.00e+00	1.54e-31
 1.45935e+21	9.12e-08	1.00e+00	1.70e-31
 1.52422e+21	9.44e-08	1.00e+00	1.83e-31
 1.58062e+21	9.73e-08	1.00e+00	1.97e-31
 1.64314e+21	1.00e-07	1.00e+00	2.12e-31
 1.72442e+21	1.05e-07	1.00e+00	2.35e-31
 1.80888e+21	1.09e-07	1.00e+00	2.59e-31
 1.87861e+21	1.13e-07	1.00e+00	2.81e-31
 1.95040e+21	1.17e-07	1.00e+00	3.06e-31
 2.04373e+21	1.23e-07	1.00e+00	3.42e-31
 2.14168e+21	1.29e-07	1.00e+00	3.82e-31
 2.22283e+21	1.34e-07	1.00e+00	4.18e-31
 2.30552e+21	1.40e-07	1.00e+00	4.60e-31
 2.41302e+21	1.47e-07	1.00e+00	5.20e-31
 2.52476e+21	1.55e-07	1.00e+00	5.87e-31
 2.61596e+21	1.62e-07	1.00e+00	6.46e-31
 2.70846e+21	1.69e-07	1.00e+00	7.16e-31
 2.81068e+21	1.77e-07	1.00e+00	7.98e-31
 2.90180e+21	1.85e-07	1.00e+00	8.75e-31
 2.98231e+21	1.92e-07	1.00e+00	9.52e-31
 3.07273e+21	2.00e-07	1.00e+00	1.05e-30
 3.19027e+21	2.11e-07	1.00e+00	1.19e-30
 3.30963e+21	2.23e-07	1.00e+00	1.33e-30
 3.40309e+21	2.32e-07	1.00e+00	1.46e-30
 3.49628e+21	2.41e-07	1.00e+00	1.60e-30
 3.61743e+21	2.55e-07	1.00e+00	1.81e-30
 3.74616e+21	2.69e-07	1.00e+00	2.05e-30
 3.85585e+21	2.82e-07	1.00e+00	2.26e-30
 3.96957e+21	2.96e-07	1.00e+00	2.51e-30
 4.11741e+21	3.15e-07	1.00e+00	2.89e-30
 4.27035e+21	3.36e-07	1.00e+00	3.30e-30
 4.39346e+21	3.53e-07	1.00e+00	3.67e-30
 4.51703e+21	3.70e-07	1.00e+00	4.11e-30
 4.67767e+21	3.95e-07	1.00e+00	4.76e-30
 4.84634e+21	4.22e-07	1.00e+00	5.48e-30
 4.97718e+21	4.43e-07	1.00e+00	6.10e-30
 5.08111e+21	4.60e-07	1.00e+00	6.68e-30
 5.19831e+21	4.80e-07	1.00e+00	7.41e-30
 5.35068e+21	5.08e-07	1.00e+00	8.48e-30
 5.51017e+21	5.38e-07	1.00e+00	9.65e-30
 5.64201e+21	5.62e-07	1.00e+00	1.08e-29
 5.77647e+21	5.89e-07	1.00e+00	1.21e-29
 5.95128e+21	6.25e-07	1.00e+00	1.40e-29
 6.13199e+21	6.63e-07	1.00e+00	1.62e-29
 6.27857e+21	6.94e-07	1.00e+00	1.81e-29
 6.42733e+21	7.27e-07	1.00e+00	2.05e-29
 6.62071e+21	7.71e-07	1.00e+00	2.41e-29
 6.82372e+21	8.20e-07	1.00e+00	2.82e-29
 6.99375e+21	8.61e-07	1.00e+00	3.21e-29
 7.16929e+21	9.04e-07	1.00e+00	3.70e-29
 7.39749e+21	9.64e-07	1.00e+00	4.44e-29
 7.63689e+21	1.03e-06	1.00e+00	5.32e-29
 7.83867e+21	1.08e-06	1.00e+00	6.20e-29
 8.01083e+21	1.13e-06	1.00e+00	7.07e-29
 8.19665e+21	1.18e-06	1.00e+00	8.18e-29
 8.43821e+21	1.26e-06	1.00e+00	9.86e-29
 8.68614e+21	1.33e-06	1.00e+00	1.18e-28
 8.88444e+21	1.39e-06	1.00e+00	1.36e-28
 9.08432e+21	1.46e-06	1.00e+00	1.58e-28
 9.34417e+21	1.54e-06	1.00e+00	1.90e-28
 9.61741e+21	1.64e-06	1.00e+00	2.30e-28
 9.84599e+21	1.72e-06	1.00e+00	2.68e-28
 1.00811e+22	1.80e-06	1.00e+00	3.16e-28
 1.03867e+22	1.91e-06	1.00e+00	3.89e-28
 1.07037e+22	2.03e-06	1.00e+00	4.78e-28
 1.09641e+22	2.13e-06	1.00e+00	5.65e-28
 1.12309e+22	2.24e-06	1.00e+00	6.74e-28
 1.15777e+22	2.38e-06	1.00e+00	8.45e-28
 1.19435e+22	2.54e-06	1.00e+00	1.06e-27
 1.22506e+22	2.67e-06	1.00e+00	1.28e-27
 1.25666e+22	2.81e-06	1.00e+00	1.56e-27
 1.29773e+22	3.00e-06	1.00e+00	2.02e-27
 1.34044e+22	3.21e-06	1.00e+00	2.60e-27
 1.37533e+22	3.38e-06	1.00e+00	3.21e-27
 1.41073e+22	3.56e-06	1.00e+00	3.97e-27
 1.45676e+22	3.80e-06	1.00e+00	5.25e-27
 1.50047e+22	4.03e-06	1.00e+00	6.70e-27
 1.53058e+22	4.20e-06	1.00e+00	7.87e-27
 1.55912e+22	4.36e-06	1.00e+00	9.31e-27
 1.59622e+22	4.57e-06	1.00e+00	1.16e-26
 1.64446e+22	4.86e-06	1.00e+00	1.53e-26
 1.69314e+22	5.15e-06	1.00e+00	1.96e-26
 1.73108e+22	5.38e-06	1.00e+00	2.36e-26
 1.76907e+22	5.62e-06	1.00e+00	2.88e-26
 1.81845e+22	5.95e-06	1.00e+00	3.72e-26
 1.87204e+22	6.30e-06	1.00e+00	4.79e-26
 1.91976e+22	6.63e-06	1.00e+00	5.98e-26
 1.97050e+22	6.98e-06	1.00e+00	7.54e-26
 2.03645e+22	7.45e-06	1.00e+00	1.02e-25
 2.10344e+22	7.95e-06	1.00e+00	1.33e-25
 2.15625e+22	8.35e-06	1.00e+00	1.62e-25
 2.20937e+22	8.76e-06	1.00e+00	2.02e-25
 2.27843e+22	9.29e-06	1.00e+00	2.64e-25
 2.35260e+22	9.90e-06	1.00e+00	3.44e-25
 2.41717e+22	1.04e-05	1.00e+00	4.29e-25
 2.48489e+22	1.10e-05	1.00e+00	5.43e-25
 2.55518e+22	1.16e-05	1.00e+00	6.81e-25
 2.61243e+22	1.21e-05	1.00e+00	8.02e-25
 2.67050e+22	1.26e-05	1.00e+00	9.70e-25
 2.74599e+22	1.33e-05	1.00e+00	1.23e-24
 2.82482e+22	1.40e-05	1.00e+00	1.53e-24
 2.89090e+22	1.47e-05	1.00e+00	1.83e-24
 2.95973e+22	1.53e-05	1.00e+00	2.23e-24
 3.04921e+22	1.62e-05	1.00e+00	2.85e-24
 3.14267e+22	1.71e-05	1.00e+00	3.61e-24
 3.21949e+22	1.79e-05	1.00e+00	4.33e-24
 3.29756e+22	1.87e-05	1.00e+00	5.27e-24
 3.39905e+22	1.98e-05	1.00e+00	6.75e-24
 3.50568e+22	2.09e-05	1.00e+00	8.55e-24
 3.59446e+22	2.18e-05	1.00e+00	1.03e-23
 3.68533e+22	2.28e-05	1.00e+00	1.26e-23
 3.80347e+22	2.41e-05	1.00e+00	1.62e-23
 3.92798e+22	2.55e-05	1.00e+00	2.09e-23
 4.03177e+22	2.67e-05	1.00e+00	2.54e-23
 4.13768e+22	2.79e-05	1.00e+00	3.13e-23
 4.27535e+22	2.96e-05	1.00e+00	4.09e-23
 4.41748e+22	3.12e-05	1.00e+00	5.25e-23
 4.53565e+22	3.26e-05	1.00e+00	6.42e-23
 4.65949e+22	3.42e-05	1.00e+00	8.00e-23
 4.82049e+22	3.61e-05	1.00e+00	1.05e-22
 4.98356e+22	3.82e-05	1.00e+00	1.37e-22
 5.10704e+22	3.97e-05	1.00e+00	1.65e-22
 5.22527e+22	4.12e-05	1.00e+00	2.01e-22
 5.37896e+22	4.32e-05	1.00e+00	2.57e-22
 5.53237e+22	4.52e-05	1.00e+00	3.23e-22
 5.66010e+22	4.68e-05	1.00e+00	3.90e-22
 5.80083e+22	4.87e-05	1.00e+00	4.85e-22
 5.95406e+22	5.07e-05	1.00e+00	6.07e-22
 6.09058e+22	5.24e-05	1.00e+00	7.39e-22
 6.21405e+22	5.39e-05	1.00e+00	8.78e-22
 6.35351e+22	5.59e-05	1.00e+00	1.09e-21
 6.50542e+22	5.78e-05	1.00e+00	1.35e-21
 6.63880e+22	5.94e-05	1.00e+00	1.64e-21
 6.75547e+22	6.10e-05	1.00e+00	1.95e-21
 6.88514e+22	6.26e-05	1.00e+00	2.38e-21
 7.02494e+22	6.44e-05	1.00e+00	2.95e-21
 7.14491e+22	6.58e-05	1.00e+00	3.53e-21
 7.24751e+22	6.70e-05	1.00e+00	4.15e-21
 7.36052e+22	6.83e-05	1.00e+00	4.91e-21
 7.48456e+22	7.00e-05	1.00e+00	6.19e-21
 7.59292e+22	7.11e-05	1.00e+00	7.43e-21
 7.68376e+22	7.21e-05	1.00e+00	8.77e-21
 7.78185e+22	7.31e-05	1.00e+00	1.03e-20
 7.88879e+22	7.44e-05	1.00e+00	1.31e-20
 7.98085e+22	7.53e-05	1.00e+00	1.59e-20
 8.05669e+22	7.60e-05	1.00e+00	1.84e-20
 8.13781e+22	7.72e-05	1.00e+00	2.29e-20
 8.22576e+22	7.82e-05	1.00e+00	2.86e-20
 8.30146e+22	7.90e-05	1.00e+00	3.50e-20
 8.36462e+22	7.98e-05	1.00e+00	4.16e-20
 8.43258e+22	8.07e-05	1.00e+00	5.13e-20
 8.50672e+22	8.19e-05	1.00e+00	6.51e-20
 8.57120e+22	8.30e-05	1.00e+00	8.13e-20
 8.62551e+22	8.41e-05	1.00e+00	9.90e-20
 8.68433e+22	8.54e-05	1.00e+00	1.23e-19
 8.74970e+22	8.70e-05	1.00e+00	1.60e-19
 8.80914e+22	8.86e-05	1.00e+00	2.04e-19
 8.86187e+22	9.03e-05	1.00e+00	2.56e-19
 8.92031e+22	9.23e-05	1.00e+00	3.30e-19
 8.98480e+22	9.47e-05	1.00e+00	4.41e-19
 9.04260e+22	9.71e-05	1.00e+00	5.77e-19
 9.09441e+22	9.93e-05	1.00e+00	7.31e-19
 9.15299e+22	1.02e-04	1.00e+00	9.56e-19
 9.22915e+22	1.06e-04	1.00e+00	1.36e-18
 9.30830e+22	1.10e-04	1.00e+00	1.97e-18
 9.37608e+22	1.13e-04	1.00e+00	2.72e-18
 9.44609e+22	1.17e-04	1.00e+00	3.76e-18
 9.52064e+22	1.21e-04	1.00e+00	5.30e-18
 9.59230e+22	1.25e-04	1.00e+00	7.33e-18
 9.67211e+22	1.29e-04	1.00e+00	1.03e-17
 9.76763e+22	1.34e-04	1.00e+00	1.45e-17
 9.87134e+22	1.40e-04	1.00e+00	1.94e-17
 9.97790e+22	1.46e-04	1.00e+00	2.41e-17
 1.00909e+23	1.52e-04	1.00e+00	2.90e-17
 1.02154e+23	1.58e-04	1.00e+00	3.43e-17
 1.03541e+23	1.66e-04	1.00e+00	4.06e-17
 1.05085e+23	1.74e-04	1.00e+00	4.80e-17
 1.06803e+23	1.83e-04	1.00e+00	5.67e-17
 1.08734e+23	1.93e-04	1.00e+00	6.77e-17
 1.10936e+23	2.05e-04	1.00e+00	8.26e-17
 1.13447e+23	2.19e-04	1.00e+00	1.00e-16
 1.16458e+23	2.37e-04	1.00e+00	1.26e-16
 1.19769e+23	2.57e-04	1.00e+00	1.61e-16
 1.22947e+23	2.78e-04	1.00e+00	2.01e-16
 1.26492e+23	3.02e-04	1.00e+00	2.54e-16
 1.31101e+23	3.36e-04	1.00e+00	3.47e-16
 1.36040e+23	3.78e-04	1.00e+00	4.83e-16
 1.40394e+23	4.21e-04	1.00e+00	6.47e-16
 1.45037e+23	4.69e-04	1.00e+00	8.69e-16
 1.50677e+23	5.38e-04	9.99e-01	1.25e-15
 1.56538e+23	6.26e-04	9.99e-01	1.88e-15
 1.61883e+23	7.25e-04	9.99e-01	2.74e-15
 1.66829e+23	8.35e-04	9.99e-01	3.95e-15
 1.71709e+23	9.66e-04	9.99e-01	5.71e-15
 1.76464e+23	1.12e-03	9.99e-01	8.30e-15
 1.80957e+23	1.30e-03	9.99e-01	1.20e-14
 1.85143e+23	1.51e-03	9.98e-01	1.72e-14
 1.89073e+23	1.74e-03	9.98e-01	2.44e-14
 1.92821e+23	2.02e-03	9.98e-01	3.47e-14
 1.96422e+23	2.34e-03	9.98e-01	4.95e-14
 1.99843e+23	2.71e-03	9.97e-01	7.03e-14
 2.03050e+23	3.15e-03	9.97e-01	9.94e-14
 2.05321e+23	3.57e-03	9.96e-01	1.33e-13
 2.06426e+23	3.80e-03	9.96e-01	1.54e-13
 2.07312e+23	3.98e-03	9.96e-01	1.71e-13
 2.08462e+23	4.23e-03	9.96e-01	1.96e-13
 2.09958e+23	4.57e-03	9.95e-01	2.35e-13
 2.11513e+23	5.01e-03	9.95e-01	2.88e-13
 2.12717e+23	5.40e-03	9.95e-01	3.41e-13
 2.13628e+23	5.72e-03	9.94e-01	3.88e-13
 2.14587e+23	6.07e-03	9.94e-01	4.42e-13
 2.15834e+23	6.57e-03	9.93e-01	5.25e-13
 2.17105e+23	7.18e-03	9.93e-01	6.38e-13
 2.18056e+23	7.71e-03	9.92e-01	7.45e-13
 2.18770e+23	8.13e-03	9.92e-01	8.35e-13
 2.19529e+23	8.60e-03	9.91e-01	9.41e-13
 2.20517e+23	9.25e-03	9.91e-01	1.10e-12
 2.21542e+23	1.01e-02	9.90e-01	1.32e-12
 2.22339e+23	1.08e-02	9.89e-01	1.53e-12
 2.22951e+23	1.14e-02	9.89e-01	1.72e-12
 2.23601e+23	1.20e-02	9.88e-01	1.93e-12
 2.24447e+23	1.30e-02	9.87e-01	2.25e-12
 2.25321e+23	1.41e-02	9.86e-01	2.69e-12
 2.25992e+23	1.52e-02	9.85e-01	3.12e-12
 2.26508e+23	1.60e-02	9.84e-01	3.48e-12
 2.27061e+23	1.69e-02	9.83e-01	3.91e-12
 2.27779e+23	1.82e-02	9.82e-01	4.56e-12
 2.28530e+23	1.99e-02	9.80e-01	5.46e-12
 2.29125e+23	2.14e-02	9.79e-01	6.35e-12
 2.29594e+23	2.26e-02	9.77e-01	7.16e-12
 2.30101e+23	2.40e-02	9.76e-01	8.10e-12
 2.30760e+23	2.61e-02	9.74e-01	9.60e-12
 2.31451e+23	2.87e-02	9.71e-01	1.17e-11
 2.32007e+23	3.13e-02	9.69e-01	1.39e-11
 2.32457e+23	3.35e-02	9.67e-01	1.60e-11
 2.32951e+23	3.60e-02	9.64e-01	1.86e-11
 2.33593e+23	3.98e-02	9.60e-01	2.29e-11
 2.34239e+23	4.50e-02	9.55e-01	2.93e-11
 2.34704e+23	4.94e-02	9.51e-01	3.55e-11
 2.35048e+23	5.29e-02	9.47e-01	4.07e-11
 2.35417e+23	5.68e-02	9.43e-01	4.71e-11
 2.35897e+23	6.27e-02	9.37e-01	5.77e-11
 2.36384e+23	7.10e-02	9.29e-01	7.41e-11
 2.36742e+23	7.84e-02	9.22e-01	9.08e-11
 2.37003e+23	8.39e-02	9.16e-01	1.04e-10
 2.37274e+23	9.02e-02	9.10e-01	1.20e-10
 2.37628e+23	9.96e-02	9.00e-01	1.47e-10
 2.37995e+23	1.13e-01	8.87e-01	1.88e-10
 2.38277e+23	1.26e-01	8.74e-01	2.34e-10
 2.38484e+23	1.35e-01	8.65e-01	2.68e-10
 2.38695e+23	1.45e-01	8.55e-01	3.11e-10
 2.38970e+23	1.61e-01	8.39e-01	3.80e-10
 2.39259e+23	1.82e-01	8.18e-01	4.84e-10
 2.39486e+23	2.03e-01	7.97e-01	5.95e-10
 2.39659e+23	2.18e-01	7.82e-01	6.84e-10
 2.39838e+23	2.36e-01	7.64e-01	7.90e-10
 2.40072e+23	2.62e-01	7.38e-01	9.60e-10
 2.40314e+23	2.96e-01	7.04e-01	1.20e-09
 2.40504e+23	3.27e-01	6.73e-01	1.44e-09
 2.40648e+23	3.50e-01	6.50e-01	1.63e-09
 2.40792e+23	3.74e-01	6.26e-01	1.84e-09
 2.40969e+23	4.07e-01	5.93e-01	2.11e-09
 2.41143e+23	4.45e-01	5.55e-01	2.45e-09
 2.41269e+23	4.73e-01	5.27e-01	2.70e-09
 2.41359e+23	4.92e-01	5.08e-01	2.87e-09
 2.41452e+23	5.10e-01	4.90e-01	3.03e-09
 2.41563e+23	5.36e-01	4.64e-01	3.25e-09
 2.41650e+23	5.60e-01	4.40e-01	3.44e-09
 2.41696e+23	5.68e-01	4.32e-01	3.51e-09
 2.41733e+23	5.75e-01	4.25e-01	3.56e-09
 2.41782e+23	5.84e-01	4.16e-01	3.64e-09
 2.41844e+23	5.98e-01	4.02e-01	3.74e-09
 2.41910e+23	6.15e-01	3.85e-01	3.86e-09
 2.41964e+23	6.29e-01	3.71e-01	3.95e-09
 2.42007e+23	6.38e-01	3.62e-01	4.00e-09
 2.42053e+23	6.48e-01	3.52e-01	4.06e-09
 2.42111e+23	6.61e-01	3.39e-01	4.13e-09
 2.42169e+23	6.76e-01	3.24e-01	4.21e-09
 2.42218e+23	6.87e-01	3.13e-01	4.26e-09
 2.42259e+23	6.95e-01	3.05e-01	4.29e-09
 2.42306e+23	7.05e-01	2.95e-01	4.33e-09
 2.42362e+23	7.18e-01	2.82e-01	4.37e-09
 2.42416e+23	7.31e-01	2.69e-01	4.39e-09
 2.42460e+23	7.40e-01	2.60e-01	4.41e-09
 2.42501e+23	7.47e-01	2.53e-01	4.42e-09
 2.42550e+23	7.57e-01	2.43e-01	4.43e-09
 2.42603e+23	7.69e-01	2.31e-01	4.43e-09
 2.42651e+23	7.79e-01	2.21e-01	4.43e-09
 2.42692e+23	7.86e-01	2.14e-01	4.42e-09
 2.42735e+23	7.93e-01	2.07e-01	4.40e-09
 2.42785e+23	8.03e-01	1.97e-01	4.38e-09
 2.42836e+23	8.12e-01	1.88e-01	4.34e-09
 2.42880e+23	8.20e-01	1.80e-01	4.32e-09
 2.42920e+23	8.26e-01	1.74e-01	4.28e-09
 2.42963e+23	8.32e-01	1.68e-01	4.24e-09
 2.43012e+23	8.40e-01	1.60e-01	4.20e-09
 2.43058e+23	8.48e-01	1.52e-01	4.15e-09
 2.43099e+23	8.53e-01	1.47e-01	4.11e-09
 2.43138e+23	8.58e-01	1.42e-01	4.06e-09
 2.43182e+23	8.64e-01	1.36e-01	4.01e-09
 2.43228e+23	8.70e-01	1.30e-01	3.95e-09
 2.43271e+23	8.75e-01	1.25e-01	3.89e-09
 2.43309e+23	8.79e-01	1.21e-01	3.84e-09
 2.43349e+23	8.83e-01	1.17e-01	3.79e-09
 2.43394e+23	8.88e-01	1.12e-01	3.73e-09
 2.43439e+23	8.93e-01	1.07e-01	3.67e-09
 2.43480e+23	8.97e-01	1.03e-01	3.60e-09
 2.43519e+23	9.00e-01	1.00e-01	3.53e-09
 2.43561e+23	9.03e-01	9.69e-02	3.45e-09
 2.43604e+23	9.07e-01	9.34e-02	3.37e-09
 2.43648e+23	9.10e-01	9.01e-02	3.29e-09
 2.43691e+23	9.13e-01	8.72e-02	3.22e-09
 2.43733e+23	9.15e-01	8.47e-02	3.15e-09
 2.43773e+23	9.18e-01	8.23e-02	3.08e-09
 2.43813e+23	9.20e-01	8.01e-02	3.01e-09
 2.43854e+23	9.22e-01	7.81e-02	2.94e-09
 2.43894e+23	9.24e-01	7.62e-02	2.86e-09
 2.43934e+23	9.26e-01	7.44e-02	2.78e-09
 2.43974e+23	9.27e-01	7.27e-02	2.71e-09
 2.44015e+23	9.29e-01	7.11e-02	2.63e-09
 2.44056e+23	9.30e-01	6.96e-02	2.56e-09
 2.44097e+23	9.32e-01	6.81e-02	2.49e-09
 2.44138e+23	9.33e-01	6.69e-02	2.43e-09
 2.44179e+23	9.34e-01	6.57e-02	2.36e-09
 2.44220e+23	9.36e-01	6.45e-02	2.30e-09
 2.44258e+23	9.36e-01	6.36e-02	2.24e-09
 2.44292e+23	9.37e-01	6.29e-02	2.20e-09
 2.44323e+23	9.38e-01	6.22e-02	2.15e-09
 2.44352e+23	9.38e-01	6.19e-02	2.11e-09
 2.44383e+23	9.39e-01	6.11e-02	2.08e-09
 2.44423e+23	9.40e-01	6.03e-02	2.03e-09
 2.44467e+23	9.41e-01	5.93e-02	1.98e-09
 2.44507e+23	9.41e-01	5.86e-02	1.94e-09
 2.44543e+23	9.42e-01	5.82e-02	1.90e-09
 2.44583e+23	9.42e-01	5.76e-02	1.86e-09
 2.44626e+23	9.43e-01	5.70e-02	1.83e-09
 2.44673e+23	9.44e-01	5.63e-02	1.78e-09
 2.44723e+23	9.44e-01	5.57e-02	1.75e-09
 2.44779e+23	9.45e-01	5.51e-02	1.71e-09
 2.44839e+23	9.45e-01	5.45e-02	1.67e-09
 2.44904e+23	9.46e-01	5.39e-02	1.64e-09
 2.44975e+23	9.47e-01	5.34e-02	1.61e-09
 2.45053e+23	9.47e-01	5.29e-02	1.57e-09
 2.45137e+23	9.48e-01	5.24e-02	1.55e-09
 2.45229e+23	9.48e-01	5.20e-02	1.52e-09
 2.45348e+23	9.49e-01	5.15e-02	1.49e-09
 2.45484e+23	9.49e-01	5.11e-02	1.47e-09
 2.45622e+23	9.49e-01	5.07e-02	1.46e-09
 2.45759e+23	9.49e-01	5.06e-02	1.45e-09
 2.45917e+23	9.50e-01	5.03e-02	1.43e-09
 2.46123e+23	9.50e-01	5.00e-02	1.42e-09
 2.46390e+23	9.50e-01	4.96e-02	1.40e-09
 2.46737e+23	9.51e-01	4.93e-02	1.39e-09
 2.47188e+23	9.51e-01	4.89e-02	1.37e-09
 2.47775e+23	9.51e-01	4.85e-02	1.35e-09
 2.48538e+23	9.52e-01	4.81e-02	1.34e-09
 2.49530e+23	9.52e-01	4.76e-02	1.32e-09
 2.50600e+23	9.53e-01	4.73e-02	1.31e-09
 2.51773e+23	9.53e-01	4.68e-02	1.29e-09
 2.53040e+23	9.54e-01	4.64e-02	1.28e-09
 2.54428e+23	9.54e-01	4.58e-02	1.25e-09
 2.55926e+23	9.55e-01	4.54e-02	1.24e-09
 2.57568e+23	9.55e-01	4.48e-02	1.21e-09
 2.59340e+23	9.56e-01	4.43e-02	1.20e-09
 2.60953e+23	9.56e-01	4.38e-02	1.18e-09
 2.62421e+23	9.56e-01	4.35e-02	1.17e-09
 2.64029e+23	9.57e-01	4.29e-02	1.15e-09
 2.65765e+23	9.58e-01	4.24e-02	1.13e-09
 2.67668e+23	9.58e-01	4.18e-02	1.11e-09
 2.69722e+23	9.59e-01	4.13e-02	1.09e-09
 2.71591e+23	9.59e-01	4.10e-02	1.08e-09
 2.73640e+23	9.60e-01	4.04e-02	1.06e-09
 2.75851e+23	9.60e-01	3.99e-02	1.04e-09
 2.78274e+23	9.61e-01	3.93e-02	1.01e-09
 2.80890e+23	9.61e-01	3.88e-02	9.92e-10
 2.83270e+23	9.62e-01	3.84e-02	9.74e-10
 2.85437e+23	9.62e-01	3.81e-02	9.62e-10
 2.87810e+23	9.62e-01	3.76e-02	9.39e-10
 2.90373e+23	9.63e-01	3.71e-02	9.24e-10
 2.92705e+23	9.63e-01	3.69e-02	9.10e-10
 2.95261e+23	9.64e-01	3.64e-02	8.91e-10
 2.98232e+23	9.64e-01	3.60e-02	8.74e-10
 3.01287e+23	9.64e-01	3.57e-02	8.62e-10
 3.04148e+23	9.65e-01	3.54e-02	8.51e-10
