#depth	N	N+	N+2	N+3	N+4	N+5	N+6	N+7
 1.54284e+19	5.01e-23	5.09e-17	1.45e-12	3.60e-09	1.62e-06	4.11e-03	1.44e-01	8.52e-01
 9.25702e+19	7.79e-23	7.44e-17	2.00e-12	4.66e-09	1.95e-06	4.64e-03	1.52e-01	8.43e-01
 2.19083e+20	1.58e-22	1.37e-16	3.35e-12	7.08e-09	2.65e-06	5.62e-03	1.66e-01	8.29e-01
 3.29311e+20	2.82e-22	2.25e-16	5.11e-12	9.96e-09	3.40e-06	6.58e-03	1.78e-01	8.15e-01
 3.86390e+20	3.75e-22	2.89e-16	6.30e-12	1.18e-08	3.85e-06	7.11e-03	1.84e-01	8.09e-01
 4.05132e+20	4.09e-22	3.11e-16	6.70e-12	1.24e-08	3.99e-06	7.28e-03	1.86e-01	8.07e-01
 4.21441e+20	4.42e-22	3.32e-16	7.09e-12	1.30e-08	4.12e-06	7.44e-03	1.88e-01	8.05e-01
 4.42642e+20	4.89e-22	3.62e-16	7.64e-12	1.38e-08	4.31e-06	7.65e-03	1.90e-01	8.02e-01
 4.70204e+20	5.57e-22	4.06e-16	8.40e-12	1.49e-08	4.56e-06	7.93e-03	1.93e-01	7.99e-01
 5.06035e+20	6.59e-22	4.69e-16	9.49e-12	1.64e-08	4.90e-06	8.30e-03	1.97e-01	7.94e-01
 5.52615e+20	8.16e-22	5.64e-16	1.11e-11	1.86e-08	5.37e-06	8.80e-03	2.02e-01	7.89e-01
 6.03262e+20	1.03e-21	6.87e-16	1.31e-11	2.13e-08	5.93e-06	9.36e-03	2.08e-01	7.83e-01
 6.47295e+20	1.24e-21	8.11e-16	1.51e-11	2.39e-08	6.44e-06	9.87e-03	2.13e-01	7.77e-01
 6.92633e+20	1.51e-21	9.58e-16	1.74e-11	2.68e-08	7.00e-06	1.04e-02	2.18e-01	7.72e-01
 7.43480e+20	1.88e-21	1.16e-15	2.04e-11	3.05e-08	7.69e-06	1.10e-02	2.23e-01	7.66e-01
 7.88370e+20	2.26e-21	1.36e-15	2.33e-11	3.40e-08	8.33e-06	1.16e-02	2.28e-01	7.60e-01
 8.26519e+20	2.64e-21	1.55e-15	2.61e-11	3.72e-08	8.91e-06	1.21e-02	2.32e-01	7.56e-01
 8.69023e+20	3.13e-21	1.79e-15	2.95e-11	4.11e-08	9.58e-06	1.27e-02	2.37e-01	7.50e-01
 9.24278e+20	3.89e-21	2.16e-15	3.45e-11	4.67e-08	1.05e-05	1.34e-02	2.43e-01	7.44e-01
 9.81862e+20	4.86e-21	2.62e-15	4.06e-11	5.32e-08	1.16e-05	1.43e-02	2.49e-01	7.37e-01
 1.02868e+21	5.80e-21	3.05e-15	4.62e-11	5.90e-08	1.25e-05	1.50e-02	2.54e-01	7.31e-01
 1.07575e+21	6.89e-21	3.54e-15	5.24e-11	6.53e-08	1.34e-05	1.57e-02	2.59e-01	7.25e-01
 1.13694e+21	8.63e-21	4.30e-15	6.17e-11	7.45e-08	1.48e-05	1.67e-02	2.66e-01	7.18e-01
 1.20145e+21	1.09e-20	5.25e-15	7.30e-11	8.53e-08	1.63e-05	1.77e-02	2.73e-01	7.10e-01
 1.25549e+21	1.31e-20	6.17e-15	8.36e-11	9.52e-08	1.77e-05	1.86e-02	2.78e-01	7.03e-01
 1.31092e+21	1.59e-20	7.26e-15	9.58e-11	1.06e-07	1.92e-05	1.96e-02	2.84e-01	6.97e-01
 1.38298e+21	2.02e-20	8.94e-15	1.14e-10	1.22e-07	2.12e-05	2.09e-02	2.91e-01	6.88e-01
 1.45935e+21	2.61e-20	1.11e-14	1.37e-10	1.42e-07	2.37e-05	2.23e-02	2.99e-01	6.79e-01
 1.52422e+21	3.21e-20	1.33e-14	1.60e-10	1.60e-07	2.58e-05	2.36e-02	3.06e-01	6.71e-01
 1.58062e+21	3.85e-20	1.56e-14	1.82e-10	1.78e-07	2.79e-05	2.47e-02	3.11e-01	6.64e-01
 1.64314e+21	4.68e-20	1.84e-14	2.10e-10	1.99e-07	3.03e-05	2.60e-02	3.17e-01	6.57e-01
 1.72442e+21	6.02e-20	2.29e-14	2.51e-10	2.31e-07	3.37e-05	2.77e-02	3.26e-01	6.47e-01
 1.80888e+21	7.80e-20	2.86e-14	3.04e-10	2.69e-07	3.76e-05	2.96e-02	3.34e-01	6.36e-01
 1.87861e+21	9.60e-20	3.41e-14	3.53e-10	3.03e-07	4.10e-05	3.13e-02	3.41e-01	6.28e-01
 1.95040e+21	1.18e-19	4.09e-14	4.10e-10	3.42e-07	4.48e-05	3.30e-02	3.48e-01	6.19e-01
 2.04373e+21	1.55e-19	5.16e-14	5.00e-10	4.01e-07	5.03e-05	3.54e-02	3.57e-01	6.08e-01
 2.14168e+21	2.06e-19	6.58e-14	6.13e-10	4.73e-07	5.67e-05	3.80e-02	3.66e-01	5.96e-01
 2.22283e+21	2.58e-19	8.01e-14	7.24e-10	5.41e-07	6.24e-05	4.03e-02	3.74e-01	5.86e-01
 2.30552e+21	3.24e-19	9.72e-14	8.52e-10	6.17e-07	6.87e-05	4.27e-02	3.81e-01	5.76e-01
 2.41302e+21	4.32e-19	1.25e-13	1.05e-09	7.32e-07	7.77e-05	4.60e-02	3.91e-01	5.63e-01
 2.52476e+21	5.83e-19	1.62e-13	1.31e-09	8.75e-07	8.84e-05	4.96e-02	4.01e-01	5.49e-01
 2.61596e+21	7.38e-19	1.98e-13	1.56e-09	1.01e-06	9.78e-05	5.27e-02	4.09e-01	5.38e-01
 2.70846e+21	9.32e-19	2.42e-13	1.85e-09	1.16e-06	1.08e-04	5.59e-02	4.17e-01	5.27e-01
 2.81068e+21	1.21e-18	3.03e-13	2.24e-09	1.35e-06	1.21e-04	5.97e-02	4.26e-01	5.14e-01
 2.90180e+21	1.51e-18	3.68e-13	2.64e-09	1.55e-06	1.33e-04	6.31e-02	4.34e-01	5.03e-01
 2.98231e+21	1.83e-18	4.35e-13	3.05e-09	1.74e-06	1.45e-04	6.63e-02	4.40e-01	4.93e-01
 3.07273e+21	2.27e-18	5.23e-13	3.57e-09	1.98e-06	1.59e-04	7.00e-02	4.47e-01	4.83e-01
 3.19027e+21	2.98e-18	6.64e-13	4.37e-09	2.34e-06	1.80e-04	7.50e-02	4.56e-01	4.69e-01
 3.30963e+21	3.92e-18	8.43e-13	5.37e-09	2.77e-06	2.03e-04	8.04e-02	4.65e-01	4.54e-01
 3.40309e+21	4.82e-18	1.01e-12	6.27e-09	3.15e-06	2.22e-04	8.47e-02	4.72e-01	4.43e-01
 3.49628e+21	5.89e-18	1.20e-12	7.28e-09	3.56e-06	2.43e-04	8.91e-02	4.78e-01	4.33e-01
 3.61743e+21	7.61e-18	1.50e-12	8.85e-09	4.18e-06	2.73e-04	9.52e-02	4.86e-01	4.19e-01
 3.74616e+21	9.96e-18	1.90e-12	1.09e-08	4.96e-06	3.09e-04	1.02e-01	4.94e-01	4.04e-01
 3.85585e+21	1.24e-17	2.31e-12	1.28e-08	5.70e-06	3.42e-04	1.08e-01	5.00e-01	3.92e-01
 3.96957e+21	1.55e-17	2.80e-12	1.52e-08	6.56e-06	3.79e-04	1.14e-01	5.06e-01	3.79e-01
 4.11741e+21	2.05e-17	3.59e-12	1.88e-08	7.87e-06	4.32e-04	1.23e-01	5.13e-01	3.64e-01
 4.27035e+21	2.72e-17	4.60e-12	2.35e-08	9.47e-06	4.94e-04	1.32e-01	5.20e-01	3.47e-01
 4.39346e+21	3.38e-17	5.57e-12	2.78e-08	1.09e-05	5.48e-04	1.39e-01	5.25e-01	3.35e-01
 4.51703e+21	4.16e-17	6.71e-12	3.27e-08	1.25e-05	6.05e-04	1.47e-01	5.30e-01	3.23e-01
 4.67767e+21	5.43e-17	8.49e-12	4.03e-08	1.50e-05	6.89e-04	1.57e-01	5.35e-01	3.07e-01
 4.84634e+21	7.10e-17	1.08e-11	4.98e-08	1.80e-05	7.88e-04	1.69e-01	5.39e-01	2.91e-01
 4.97718e+21	8.66e-17	1.29e-11	5.84e-08	2.06e-05	8.69e-04	1.78e-01	5.42e-01	2.80e-01
 5.08111e+21	1.01e-16	1.47e-11	6.58e-08	2.28e-05	9.37e-04	1.85e-01	5.43e-01	2.71e-01
 5.19831e+21	1.19e-16	1.71e-11	7.53e-08	2.56e-05	1.02e-03	1.93e-01	5.45e-01	2.61e-01
 5.35068e+21	1.47e-16	2.07e-11	8.92e-08	2.97e-05	1.14e-03	2.04e-01	5.46e-01	2.49e-01
 5.51017e+21	1.82e-16	2.50e-11	1.06e-07	3.45e-05	1.27e-03	2.15e-01	5.47e-01	2.36e-01
 5.64201e+21	2.15e-16	2.91e-11	1.22e-07	3.88e-05	1.38e-03	2.24e-01	5.48e-01	2.27e-01
 5.77647e+21	2.54e-16	3.38e-11	1.39e-07	4.36e-05	1.51e-03	2.34e-01	5.47e-01	2.17e-01
 5.95128e+21	3.04e-16	4.07e-11	1.65e-07	5.06e-05	1.68e-03	2.47e-01	5.46e-01	2.05e-01
 6.13199e+21	3.74e-16	4.91e-11	1.95e-07	5.88e-05	1.88e-03	2.60e-01	5.44e-01	1.94e-01
 6.27857e+21	4.38e-16	5.68e-11	2.23e-07	6.60e-05	2.04e-03	2.71e-01	5.43e-01	1.85e-01
 6.42733e+21	5.11e-16	6.54e-11	2.53e-07	7.38e-05	2.22e-03	2.81e-01	5.40e-01	1.76e-01
 6.62071e+21	6.20e-16	7.80e-11	2.98e-07	8.53e-05	2.47e-03	2.96e-01	5.36e-01	1.65e-01
 6.82372e+21	7.54e-16	9.35e-11	3.52e-07	9.87e-05	2.75e-03	3.10e-01	5.32e-01	1.55e-01
 6.99375e+21	8.83e-16	1.08e-10	4.02e-07	1.11e-04	3.00e-03	3.22e-01	5.28e-01	1.47e-01
 7.16929e+21	1.03e-15	1.24e-10	4.58e-07	1.24e-04	3.27e-03	3.35e-01	5.23e-01	1.39e-01
 7.39749e+21	1.25e-15	1.49e-10	5.41e-07	1.44e-04	3.64e-03	3.51e-01	5.16e-01	1.29e-01
 7.63689e+21	1.52e-15	1.78e-10	6.40e-07	1.67e-04	4.06e-03	3.68e-01	5.09e-01	1.20e-01
 7.83867e+21	1.78e-15	2.07e-10	7.33e-07	1.88e-04	4.43e-03	3.81e-01	5.02e-01	1.12e-01
 8.01083e+21	2.03e-15	2.33e-10	8.19e-07	2.07e-04	4.76e-03	3.93e-01	4.96e-01	1.07e-01
 8.19665e+21	2.32e-15	2.64e-10	9.20e-07	2.30e-04	5.14e-03	4.05e-01	4.89e-01	1.01e-01
 8.43821e+21	2.74e-15	3.09e-10	1.07e-06	2.61e-04	5.65e-03	4.20e-01	4.80e-01	9.34e-02
 8.68614e+21	3.24e-15	3.61e-10	1.23e-06	2.97e-04	6.21e-03	4.36e-01	4.71e-01	8.66e-02
 8.88444e+21	3.69e-15	4.08e-10	1.38e-06	3.28e-04	6.67e-03	4.48e-01	4.63e-01	8.16e-02
 9.08432e+21	4.18e-15	4.58e-10	1.54e-06	3.60e-04	7.15e-03	4.60e-01	4.56e-01	7.69e-02
 9.34417e+21	4.89e-15	5.30e-10	1.77e-06	4.06e-04	7.82e-03	4.75e-01	4.45e-01	7.11e-02
 9.61741e+21	5.74e-15	6.17e-10	2.04e-06	4.59e-04	8.56e-03	4.91e-01	4.35e-01	6.56e-02
 9.84599e+21	6.55e-15	6.97e-10	2.28e-06	5.06e-04	9.19e-03	5.03e-01	4.26e-01	6.15e-02
 1.00811e+22	7.44e-15	7.86e-10	2.55e-06	5.57e-04	9.86e-03	5.15e-01	4.17e-01	5.74e-02
 1.03867e+22	8.73e-15	9.14e-10	2.94e-06	6.30e-04	1.08e-02	5.31e-01	4.05e-01	5.26e-02
 1.07037e+22	1.03e-14	1.07e-09	3.40e-06	7.12e-04	1.18e-02	5.46e-01	3.93e-01	4.81e-02
 1.09641e+22	1.17e-14	1.20e-09	3.81e-06	7.84e-04	1.26e-02	5.58e-01	3.83e-01	4.48e-02
 1.12309e+22	1.33e-14	1.36e-09	4.27e-06	8.61e-04	1.35e-02	5.70e-01	3.74e-01	4.16e-02
 1.15777e+22	1.56e-14	1.57e-09	4.92e-06	9.71e-04	1.48e-02	5.85e-01	3.61e-01	3.79e-02
 1.19435e+22	1.83e-14	1.84e-09	5.70e-06	1.10e-03	1.62e-02	6.00e-01	3.48e-01	3.44e-02
 1.22506e+22	2.10e-14	2.09e-09	6.43e-06	1.21e-03	1.73e-02	6.12e-01	3.38e-01	3.17e-02
 1.25666e+22	2.39e-14	2.36e-09	7.23e-06	1.33e-03	1.86e-02	6.24e-01	3.27e-01	2.92e-02
 1.29773e+22	2.82e-14	2.76e-09	8.40e-06	1.51e-03	2.03e-02	6.38e-01	3.14e-01	2.63e-02
 1.34044e+22	3.34e-14	3.24e-09	9.78e-06	1.71e-03	2.22e-02	6.52e-01	3.01e-01	2.36e-02
 1.37533e+22	3.79e-14	3.67e-09	1.10e-05	1.88e-03	2.39e-02	6.63e-01	2.90e-01	2.16e-02
 1.41073e+22	4.34e-14	4.16e-09	1.24e-05	2.06e-03	2.55e-02	6.73e-01	2.80e-01	1.98e-02
 1.45676e+22	5.10e-14	4.86e-09	1.44e-05	2.32e-03	2.77e-02	6.85e-01	2.67e-01	1.77e-02
 1.50047e+22	5.96e-14	5.63e-09	1.66e-05	2.59e-03	3.00e-02	6.96e-01	2.56e-01	1.60e-02
 1.53058e+22	6.61e-14	6.21e-09	1.82e-05	2.78e-03	3.16e-02	7.02e-01	2.48e-01	1.49e-02
 1.55912e+22	7.25e-14	6.78e-09	1.98e-05	2.97e-03	3.31e-02	7.09e-01	2.41e-01	1.40e-02
 1.59622e+22	8.16e-14	7.60e-09	2.21e-05	3.23e-03	3.51e-02	7.16e-01	2.33e-01	1.28e-02
 1.64446e+22	9.48e-14	8.77e-09	2.55e-05	3.60e-03	3.79e-02	7.25e-01	2.22e-01	1.15e-02
 1.69314e+22	1.10e-13	1.01e-08	2.93e-05	4.00e-03	4.08e-02	7.33e-01	2.11e-01	1.03e-02
 1.73108e+22	1.24e-13	1.13e-08	3.25e-05	4.32e-03	4.31e-02	7.39e-01	2.04e-01	9.53e-03
 1.76907e+22	1.38e-13	1.25e-08	3.60e-05	4.66e-03	4.54e-02	7.45e-01	1.96e-01	8.79e-03
 1.81845e+22	1.59e-13	1.43e-08	4.10e-05	5.13e-03	4.85e-02	7.51e-01	1.87e-01	7.92e-03
 1.87204e+22	1.85e-13	1.65e-08	4.71e-05	5.68e-03	5.21e-02	7.57e-01	1.78e-01	7.09e-03
 1.91976e+22	2.11e-13	1.87e-08	5.31e-05	6.19e-03	5.53e-02	7.62e-01	1.70e-01	6.43e-03
 1.97050e+22	2.42e-13	2.13e-08	6.01e-05	6.77e-03	5.87e-02	7.66e-01	1.62e-01	5.82e-03
 2.03645e+22	2.88e-13	2.52e-08	7.03e-05	7.56e-03	6.33e-02	7.71e-01	1.53e-01	5.12e-03
 2.10344e+22	3.43e-13	2.96e-08	8.22e-05	8.45e-03	6.82e-02	7.75e-01	1.44e-01	4.50e-03
 2.15625e+22	3.93e-13	3.36e-08	9.25e-05	9.18e-03	7.21e-02	7.78e-01	1.37e-01	4.08e-03
 2.20937e+22	4.49e-13	3.80e-08	1.04e-04	9.95e-03	7.61e-02	7.80e-01	1.31e-01	3.70e-03
 2.27843e+22	5.34e-13	4.46e-08	1.20e-04	1.10e-02	8.12e-02	7.81e-01	1.23e-01	3.27e-03
 2.35260e+22	6.35e-13	5.25e-08	1.41e-04	1.22e-02	8.71e-02	7.82e-01	1.15e-01	2.87e-03
 2.41717e+22	7.40e-13	6.04e-08	1.60e-04	1.34e-02	9.22e-02	7.83e-01	1.09e-01	2.56e-03
 2.48489e+22	8.65e-13	6.97e-08	1.83e-04	1.46e-02	9.76e-02	7.82e-01	1.03e-01	2.29e-03
 2.55518e+22	1.01e-12	8.05e-08	2.09e-04	1.60e-02	1.03e-01	7.81e-01	9.70e-02	2.03e-03
 2.61243e+22	1.15e-12	9.03e-08	2.33e-04	1.72e-02	1.08e-01	7.80e-01	9.25e-02	1.85e-03
 2.67050e+22	1.31e-12	1.02e-07	2.59e-04	1.85e-02	1.13e-01	7.79e-01	8.83e-02	1.69e-03
 2.74599e+22	1.54e-12	1.18e-07	2.96e-04	2.02e-02	1.19e-01	7.76e-01	8.31e-02	1.50e-03
 2.82482e+22	1.82e-12	1.37e-07	3.40e-04	2.21e-02	1.26e-01	7.73e-01	7.79e-02	1.33e-03
 2.89090e+22	2.08e-12	1.54e-07	3.80e-04	2.38e-02	1.31e-01	7.69e-01	7.40e-02	1.20e-03
 2.95973e+22	2.39e-12	1.75e-07	4.26e-04	2.56e-02	1.37e-01	7.65e-01	7.01e-02	1.08e-03
 3.04921e+22	2.86e-12	2.05e-07	4.93e-04	2.81e-02	1.45e-01	7.60e-01	6.55e-02	9.51e-04
 3.14267e+22	3.43e-12	2.41e-07	5.71e-04	3.09e-02	1.53e-01	7.53e-01	6.09e-02	8.30e-04
 3.21949e+22	3.97e-12	2.74e-07	6.42e-04	3.33e-02	1.60e-01	7.48e-01	5.74e-02	7.44e-04
 3.29756e+22	4.60e-12	3.12e-07	7.22e-04	3.59e-02	1.67e-01	7.42e-01	5.42e-02	6.68e-04
 3.39905e+22	5.55e-12	3.69e-07	8.38e-04	3.95e-02	1.76e-01	7.33e-01	5.03e-02	5.82e-04
 3.50568e+22	6.72e-12	4.36e-07	9.75e-04	4.34e-02	1.85e-01	7.23e-01	4.65e-02	5.04e-04
 3.59446e+22	7.85e-12	4.99e-07	1.10e-03	4.69e-02	1.93e-01	7.15e-01	4.36e-02	4.48e-04
 3.68533e+22	9.20e-12	5.73e-07	1.25e-03	5.07e-02	2.01e-01	7.06e-01	4.09e-02	3.99e-04
 3.80347e+22	1.13e-11	6.83e-07	1.46e-03	5.58e-02	2.11e-01	6.93e-01	3.76e-02	3.44e-04
 3.92798e+22	1.39e-11	8.16e-07	1.71e-03	6.17e-02	2.23e-01	6.79e-01	3.44e-02	2.93e-04
 4.03177e+22	1.64e-11	9.41e-07	1.94e-03	6.67e-02	2.32e-01	6.68e-01	3.19e-02	2.58e-04
 4.13768e+22	1.95e-11	1.09e-06	2.21e-03	7.23e-02	2.41e-01	6.55e-01	2.97e-02	2.27e-04
 4.27535e+22	2.43e-11	1.32e-06	2.62e-03	8.00e-02	2.52e-01	6.38e-01	2.70e-02	1.92e-04
 4.41748e+22	3.02e-11	1.58e-06	3.09e-03	8.84e-02	2.64e-01	6.20e-01	2.44e-02	1.62e-04
 4.53565e+22	3.61e-11	1.84e-06	3.53e-03	9.57e-02	2.74e-01	6.05e-01	2.25e-02	1.41e-04
 4.65949e+22	4.37e-11	2.16e-06	4.05e-03	1.04e-01	2.83e-01	5.88e-01	2.07e-02	1.23e-04
 4.82049e+22	5.56e-11	2.64e-06	4.83e-03	1.15e-01	2.95e-01	5.66e-01	1.86e-02	1.02e-04
 4.98356e+22	7.06e-11	3.21e-06	5.76e-03	1.27e-01	3.07e-01	5.43e-01	1.65e-02	8.48e-05
 5.10704e+22	8.40e-11	3.71e-06	6.54e-03	1.37e-01	3.15e-01	5.26e-01	1.52e-02	7.38e-05
 5.22527e+22	9.99e-11	4.28e-06	7.40e-03	1.47e-01	3.22e-01	5.09e-01	1.40e-02	6.48e-05
 5.37896e+22	1.25e-10	5.15e-06	8.67e-03	1.61e-01	3.31e-01	4.87e-01	1.26e-02	5.48e-05
 5.53237e+22	1.55e-10	6.14e-06	1.01e-02	1.75e-01	3.39e-01	4.64e-01	1.13e-02	4.62e-05
 5.66010e+22	1.85e-10	7.11e-06	1.15e-02	1.88e-01	3.45e-01	4.45e-01	1.03e-02	4.02e-05
 5.80083e+22	2.27e-10	8.39e-06	1.32e-02	2.02e-01	3.51e-01	4.24e-01	9.32e-03	3.45e-05
 5.95406e+22	2.81e-10	9.99e-06	1.54e-02	2.19e-01	3.56e-01	4.02e-01	8.34e-03	2.92e-05
 6.09058e+22	3.40e-10	1.17e-05	1.76e-02	2.35e-01	3.59e-01	3.81e-01	7.54e-03	2.52e-05
 6.21405e+22	4.02e-10	1.34e-05	1.98e-02	2.49e-01	3.61e-01	3.63e-01	6.90e-03	2.21e-05
 6.35351e+22	4.93e-10	1.58e-05	2.26e-02	2.66e-01	3.62e-01	3.43e-01	6.20e-03	1.90e-05
 6.50542e+22	6.06e-10	1.87e-05	2.62e-02	2.86e-01	3.62e-01	3.21e-01	5.53e-03	1.61e-05
 6.63880e+22	7.29e-10	2.17e-05	2.97e-02	3.03e-01	3.60e-01	3.01e-01	4.98e-03	1.39e-05
 6.75547e+22	8.63e-10	2.49e-05	3.32e-02	3.20e-01	3.58e-01	2.85e-01	4.54e-03	1.22e-05
 6.88514e+22	1.03e-09	2.89e-05	3.76e-02	3.38e-01	3.54e-01	2.66e-01	4.09e-03	1.06e-05
 7.02494e+22	1.27e-09	3.41e-05	4.30e-02	3.58e-01	3.48e-01	2.47e-01	3.64e-03	9.08e-06
 7.14491e+22	1.50e-09	3.92e-05	4.82e-02	3.76e-01	3.42e-01	2.30e-01	3.29e-03	7.95e-06
 7.24751e+22	1.74e-09	4.42e-05	5.31e-02	3.92e-01	3.36e-01	2.16e-01	3.00e-03	7.07e-06
 7.36052e+22	1.98e-09	4.93e-05	5.91e-02	4.10e-01	3.28e-01	2.01e-01	2.71e-03	6.19e-06
 7.48456e+22	2.46e-09	5.88e-05	6.65e-02	4.29e-01	3.17e-01	1.85e-01	2.42e-03	5.36e-06
 7.59292e+22	2.87e-09	6.69e-05	7.37e-02	4.46e-01	3.07e-01	1.71e-01	2.18e-03	4.72e-06
 7.68376e+22	3.26e-09	7.45e-05	8.05e-02	4.61e-01	2.97e-01	1.59e-01	1.99e-03	4.21e-06
 7.78185e+22	3.66e-09	8.21e-05	8.81e-02	4.78e-01	2.86e-01	1.47e-01	1.79e-03	3.72e-06
 7.88879e+22	4.44e-09	9.62e-05	9.74e-02	4.95e-01	2.72e-01	1.34e-01	1.60e-03	3.25e-06
 7.98085e+22	5.08e-09	1.08e-04	1.06e-01	5.11e-01	2.59e-01	1.23e-01	1.44e-03	2.88e-06
 8.05669e+22	5.52e-09	1.16e-04	1.14e-01	5.24e-01	2.48e-01	1.13e-01	1.31e-03	2.58e-06
 8.13781e+22	6.44e-09	1.31e-04	1.22e-01	5.37e-01	2.35e-01	1.04e-01	1.18e-03	2.30e-06
 8.22576e+22	7.33e-09	1.46e-04	1.32e-01	5.52e-01	2.20e-01	9.43e-02	1.05e-03	2.02e-06
 8.30146e+22	8.19e-09	1.60e-04	1.41e-01	5.65e-01	2.06e-01	8.60e-02	9.49e-04	1.79e-06
 8.36462e+22	8.96e-09	1.73e-04	1.49e-01	5.76e-01	1.95e-01	7.92e-02	8.64e-04	1.62e-06
 8.43258e+22	9.92e-09	1.88e-04	1.58e-01	5.87e-01	1.82e-01	7.24e-02	7.80e-04	1.45e-06
 8.50672e+22	1.10e-08	2.05e-04	1.67e-01	5.99e-01	1.68e-01	6.51e-02	6.92e-04	1.27e-06
 8.57120e+22	1.21e-08	2.21e-04	1.76e-01	6.09e-01	1.55e-01	5.92e-02	6.21e-04	1.13e-06
 8.62551e+22	1.30e-08	2.35e-04	1.83e-01	6.17e-01	1.44e-01	5.45e-02	5.66e-04	1.02e-06
 8.68433e+22	1.41e-08	2.51e-04	1.91e-01	6.26e-01	1.33e-01	4.97e-02	5.10e-04	9.10e-07
 8.74970e+22	1.54e-08	2.69e-04	1.99e-01	6.34e-01	1.21e-01	4.49e-02	4.54e-04	0.00e+00
 8.80914e+22	1.66e-08	2.86e-04	2.07e-01	6.41e-01	1.10e-01	4.10e-02	4.08e-04	0.00e+00
 8.86187e+22	1.78e-08	3.02e-04	2.14e-01	6.47e-01	1.01e-01	3.78e-02	3.72e-04	0.00e+00
 8.92031e+22	1.92e-08	3.20e-04	2.21e-01	6.52e-01	9.16e-02	3.47e-02	3.35e-04	0.00e+00
 8.98480e+22	2.09e-08	3.40e-04	2.29e-01	6.56e-01	8.22e-02	3.17e-02	3.00e-04	0.00e+00
 9.04260e+22	2.25e-08	3.58e-04	2.36e-01	6.59e-01	7.46e-02	2.94e-02	2.73e-04	0.00e+00
 9.09441e+22	2.40e-08	3.75e-04	2.42e-01	6.61e-01	6.86e-02	2.75e-02	2.51e-04	0.00e+00
 9.15299e+22	2.59e-08	3.95e-04	2.49e-01	6.62e-01	6.24e-02	2.57e-02	2.30e-04	0.00e+00
 9.22915e+22	2.85e-08	4.21e-04	2.57e-01	6.63e-01	5.55e-02	2.37e-02	2.06e-04	0.00e+00
 9.30830e+22	3.15e-08	4.50e-04	2.66e-01	6.62e-01	4.96e-02	2.20e-02	1.84e-04	0.00e+00
 9.37608e+22	3.43e-08	4.75e-04	2.73e-01	6.60e-01	4.53e-02	2.07e-02	1.69e-04	0.00e+00
 9.44609e+22	3.73e-08	5.01e-04	2.80e-01	6.58e-01	4.14e-02	1.95e-02	1.55e-04	0.00e+00
 9.52064e+22	4.07e-08	5.29e-04	2.87e-01	6.55e-01	3.80e-02	1.84e-02	1.42e-04	0.00e+00
 9.59230e+22	4.42e-08	5.56e-04	2.94e-01	6.52e-01	3.52e-02	1.75e-02	1.31e-04	0.00e+00
 9.67211e+22	4.83e-08	5.87e-04	3.01e-01	6.49e-01	3.25e-02	1.66e-02	1.20e-04	0.00e+00
 9.76763e+22	5.35e-08	6.24e-04	3.10e-01	6.44e-01	2.97e-02	1.56e-02	1.09e-04	0.00e+00
 9.87134e+22	5.95e-08	6.65e-04	3.19e-01	6.39e-01	2.73e-02	1.47e-02	9.87e-05	0.00e+00
 9.97790e+22	6.59e-08	7.06e-04	3.27e-01	6.33e-01	2.52e-02	1.39e-02	8.96e-05	0.00e+00
 1.00909e+23	7.30e-08	7.51e-04	3.36e-01	6.27e-01	2.33e-02	1.31e-02	8.12e-05	0.00e+00
 1.02154e+23	8.13e-08	8.00e-04	3.45e-01	6.20e-01	2.15e-02	1.23e-02	7.33e-05	0.00e+00
 1.03541e+23	9.10e-08	8.55e-04	3.55e-01	6.13e-01	1.99e-02	1.15e-02	6.58e-05	0.00e+00
 1.05085e+23	1.03e-07	9.17e-04	3.66e-01	6.04e-01	1.83e-02	1.08e-02	5.88e-05	0.00e+00
 1.06803e+23	1.16e-07	9.86e-04	3.77e-01	5.95e-01	1.69e-02	1.00e-02	5.21e-05	0.00e+00
 1.08734e+23	1.32e-07	1.06e-03	3.89e-01	5.85e-01	1.56e-02	9.29e-03	4.58e-05	0.00e+00
 1.10936e+23	1.53e-07	1.15e-03	4.02e-01	5.74e-01	1.43e-02	8.55e-03	3.99e-05	0.00e+00
 1.13447e+23	1.77e-07	1.26e-03	4.16e-01	5.62e-01	1.31e-02	7.82e-03	3.44e-05	0.00e+00
 1.16458e+23	2.10e-07	1.39e-03	4.32e-01	5.47e-01	1.19e-02	7.07e-03	2.91e-05	0.00e+00
 1.19769e+23	2.51e-07	1.54e-03	4.50e-01	5.32e-01	1.08e-02	6.35e-03	2.44e-05	0.00e+00
 1.22947e+23	2.96e-07	1.69e-03	4.66e-01	5.17e-01	1.00e-02	5.76e-03	2.08e-05	0.00e+00
 1.26492e+23	3.49e-07	1.85e-03	4.82e-01	5.02e-01	9.23e-03	5.21e-03	1.76e-05	0.00e+00
 1.31101e+23	4.29e-07	2.07e-03	5.03e-01	4.82e-01	8.34e-03	4.58e-03	1.43e-05	0.00e+00
 1.36040e+23	5.33e-07	2.34e-03	5.25e-01	4.61e-01	7.59e-03	4.02e-03	1.16e-05	0.00e+00
 1.40394e+23	6.43e-07	2.59e-03	5.43e-01	4.44e-01	7.04e-03	3.59e-03	9.70e-06	0.00e+00
 1.45037e+23	7.69e-07	2.85e-03	5.60e-01	4.27e-01	6.54e-03	3.21e-03	8.15e-06	0.00e+00
 1.50677e+23	9.54e-07	3.20e-03	5.81e-01	4.07e-01	6.00e-03	2.81e-03	6.62e-06	0.00e+00
 1.56538e+23	1.21e-06	3.63e-03	6.02e-01	3.87e-01	5.52e-03	2.43e-03	5.29e-06	0.00e+00
 1.61883e+23	1.50e-06	4.08e-03	6.20e-01	3.68e-01	5.13e-03	2.13e-03	4.31e-06	0.00e+00
 1.66829e+23	1.85e-06	4.54e-03	6.37e-01	3.52e-01	4.82e-03	1.88e-03	3.55e-06	0.00e+00
 1.71709e+23	2.28e-06	5.07e-03	6.53e-01	3.36e-01	4.54e-03	1.65e-03	2.91e-06	0.00e+00
 1.76464e+23	2.84e-06	5.69e-03	6.69e-01	3.20e-01	4.29e-03	1.44e-03	2.37e-06	0.00e+00
 1.80957e+23	3.54e-06	6.40e-03	6.84e-01	3.05e-01	4.06e-03	1.26e-03	1.91e-06	0.00e+00
 1.85143e+23	4.41e-06	7.21e-03	6.98e-01	2.90e-01	3.85e-03	1.09e-03	1.54e-06	0.00e+00
 1.89073e+23	5.53e-06	8.14e-03	7.12e-01	2.76e-01	3.67e-03	9.46e-04	1.24e-06	0.00e+00
 1.92821e+23	6.95e-06	9.23e-03	7.25e-01	2.61e-01	3.49e-03	8.15e-04	9.84e-07	0.00e+00
 1.96422e+23	8.87e-06	1.06e-02	7.39e-01	2.47e-01	3.32e-03	6.95e-04	0.00e+00	0.00e+00
 1.99843e+23	1.14e-05	1.22e-02	7.52e-01	2.32e-01	3.15e-03	5.87e-04	0.00e+00	0.00e+00
 2.03050e+23	1.48e-05	1.41e-02	7.65e-01	2.17e-01	2.99e-03	4.91e-04	0.00e+00	0.00e+00
 2.05321e+23	1.87e-05	1.62e-02	7.76e-01	2.04e-01	2.84e-03	4.18e-04	0.00e+00	0.00e+00
 2.06426e+23	2.10e-05	1.73e-02	7.81e-01	1.98e-01	2.77e-03	3.86e-04	0.00e+00	0.00e+00
 2.07312e+23	2.29e-05	1.82e-02	7.85e-01	1.93e-01	2.72e-03	3.63e-04	0.00e+00	0.00e+00
 2.08462e+23	2.56e-05	1.95e-02	7.90e-01	1.87e-01	2.66e-03	3.36e-04	0.00e+00	0.00e+00
 2.09958e+23	2.98e-05	2.13e-02	7.97e-01	1.79e-01	2.57e-03	3.01e-04	0.00e+00	0.00e+00
 2.11513e+23	3.56e-05	2.36e-02	8.04e-01	1.70e-01	2.47e-03	2.65e-04	0.00e+00	0.00e+00
 2.12717e+23	4.14e-05	2.59e-02	8.09e-01	1.62e-01	2.39e-03	2.37e-04	0.00e+00	0.00e+00
 2.13628e+23	4.64e-05	2.77e-02	8.13e-01	1.57e-01	2.33e-03	2.18e-04	0.00e+00	0.00e+00
 2.14587e+23	5.22e-05	2.98e-02	8.17e-01	1.51e-01	2.26e-03	1.99e-04	0.00e+00	0.00e+00
 2.15834e+23	6.12e-05	3.28e-02	8.22e-01	1.43e-01	2.18e-03	1.76e-04	0.00e+00	0.00e+00
 2.17105e+23	7.37e-05	3.67e-02	8.27e-01	1.34e-01	2.08e-03	1.53e-04	0.00e+00	0.00e+00
 2.18056e+23	8.56e-05	4.02e-02	8.31e-01	1.27e-01	2.00e-03	1.36e-04	0.00e+00	0.00e+00
 2.18770e+23	9.59e-05	4.31e-02	8.33e-01	1.22e-01	1.94e-03	1.24e-04	0.00e+00	0.00e+00
 2.19529e+23	1.08e-04	4.63e-02	8.35e-01	1.16e-01	1.88e-03	1.13e-04	0.00e+00	0.00e+00
 2.20517e+23	1.26e-04	5.10e-02	8.38e-01	1.09e-01	1.80e-03	9.95e-05	0.00e+00	0.00e+00
 2.21542e+23	1.51e-04	5.71e-02	8.39e-01	1.02e-01	1.71e-03	8.56e-05	0.00e+00	0.00e+00
 2.22339e+23	1.77e-04	6.28e-02	8.40e-01	9.55e-02	1.63e-03	7.52e-05	0.00e+00	0.00e+00
 2.22951e+23	1.99e-04	6.76e-02	8.40e-01	9.08e-02	1.57e-03	6.80e-05	0.00e+00	0.00e+00
 2.23601e+23	2.25e-04	7.29e-02	8.39e-01	8.61e-02	1.51e-03	6.12e-05	0.00e+00	0.00e+00
 2.24447e+23	2.64e-04	8.06e-02	8.38e-01	7.99e-02	1.44e-03	5.31e-05	0.00e+00	0.00e+00
 2.25321e+23	3.20e-04	9.08e-02	8.34e-01	7.30e-02	1.35e-03	4.48e-05	0.00e+00	0.00e+00
 2.25992e+23	3.76e-04	1.00e-01	8.30e-01	6.77e-02	1.27e-03	3.88e-05	0.00e+00	0.00e+00
 2.26508e+23	4.24e-04	1.08e-01	8.27e-01	6.37e-02	1.22e-03	3.47e-05	0.00e+00	0.00e+00
 2.27061e+23	4.81e-04	1.17e-01	8.22e-01	5.97e-02	1.16e-03	3.09e-05	0.00e+00	0.00e+00
 2.27779e+23	5.69e-04	1.29e-01	8.15e-01	5.45e-02	1.09e-03	2.63e-05	0.00e+00	0.00e+00
 2.28530e+23	6.93e-04	1.46e-01	8.04e-01	4.89e-02	1.01e-03	2.17e-05	0.00e+00	0.00e+00
 2.29125e+23	8.20e-04	1.61e-01	7.92e-01	4.45e-02	9.39e-04	1.83e-05	0.00e+00	0.00e+00
 2.29594e+23	9.36e-04	1.75e-01	7.82e-01	4.11e-02	8.87e-04	1.60e-05	0.00e+00	0.00e+00
 2.30101e+23	1.07e-03	1.90e-01	7.71e-01	3.77e-02	8.33e-04	1.39e-05	0.00e+00	0.00e+00
 2.30760e+23	1.29e-03	2.12e-01	7.53e-01	3.34e-02	7.63e-04	1.14e-05	0.00e+00	0.00e+00
 2.31451e+23	1.61e-03	2.41e-01	7.28e-01	2.88e-02	6.83e-04	8.92e-06	0.00e+00	0.00e+00
 2.32007e+23	1.94e-03	2.68e-01	7.04e-01	2.52e-02	6.17e-04	7.18e-06	0.00e+00	0.00e+00
 2.32457e+23	2.26e-03	2.92e-01	6.82e-01	2.25e-02	5.65e-04	5.99e-06	0.00e+00	0.00e+00
 2.32951e+23	2.66e-03	3.20e-01	6.57e-01	1.97e-02	5.13e-04	4.90e-06	0.00e+00	0.00e+00
 2.33593e+23	3.31e-03	3.60e-01	6.20e-01	1.64e-02	4.45e-04	3.68e-06	0.00e+00	0.00e+00
 2.34239e+23	4.25e-03	4.11e-01	5.71e-01	1.30e-02	3.71e-04	2.59e-06	0.00e+00	0.00e+00
 2.34704e+23	5.15e-03	4.53e-01	5.31e-01	1.07e-02	3.17e-04	1.95e-06	0.00e+00	0.00e+00
 2.35048e+23	5.91e-03	4.85e-01	5.00e-01	9.26e-03	2.82e-04	1.58e-06	0.00e+00	0.00e+00
 2.35417e+23	6.82e-03	5.18e-01	4.67e-01	7.87e-03	2.48e-04	1.25e-06	0.00e+00	0.00e+00
 2.35897e+23	8.24e-03	5.64e-01	4.22e-01	6.23e-03	2.06e-04	8.97e-07	0.00e+00	0.00e+00
 2.36384e+23	1.02e-02	6.18e-01	3.67e-01	4.66e-03	1.61e-04	0.00e+00	0.00e+00	0.00e+00
 2.36742e+23	1.22e-02	6.60e-01	3.24e-01	3.64e-03	1.30e-04	0.00e+00	0.00e+00	0.00e+00
 2.37003e+23	1.37e-02	6.88e-01	2.95e-01	3.04e-03	1.12e-04	0.00e+00	0.00e+00	0.00e+00
 2.37274e+23	1.54e-02	7.16e-01	2.66e-01	2.51e-03	9.47e-05	0.00e+00	0.00e+00	0.00e+00
 2.37628e+23	1.81e-02	7.51e-01	2.29e-01	1.92e-03	7.47e-05	0.00e+00	0.00e+00	0.00e+00
 2.37995e+23	2.18e-02	7.88e-01	1.89e-01	1.38e-03	5.50e-05	0.00e+00	0.00e+00	0.00e+00
 2.38277e+23	2.55e-02	8.15e-01	1.58e-01	1.03e-03	4.18e-05	0.00e+00	0.00e+00	0.00e+00
 2.38484e+23	2.84e-02	8.32e-01	1.38e-01	8.44e-04	3.43e-05	0.00e+00	0.00e+00	0.00e+00
 2.38695e+23	3.17e-02	8.47e-01	1.20e-01	6.87e-04	2.80e-05	0.00e+00	0.00e+00	0.00e+00
 2.38970e+23	3.67e-02	8.64e-01	9.89e-02	5.21e-04	2.10e-05	0.00e+00	0.00e+00	0.00e+00
 2.39259e+23	4.36e-02	8.79e-01	7.72e-02	3.79e-04	1.46e-05	0.00e+00	0.00e+00	0.00e+00
 2.39486e+23	5.07e-02	8.87e-01	6.17e-02	2.92e-04	1.06e-05	0.00e+00	0.00e+00	0.00e+00
 2.39659e+23	5.66e-02	8.91e-01	5.20e-02	2.44e-04	8.37e-06	0.00e+00	0.00e+00	0.00e+00
 2.39838e+23	6.35e-02	8.93e-01	4.35e-02	2.05e-04	6.55e-06	0.00e+00	0.00e+00	0.00e+00
 2.40072e+23	7.41e-02	8.92e-01	3.39e-02	1.64e-04	4.64e-06	0.00e+00	0.00e+00	0.00e+00
 2.40314e+23	8.92e-02	8.86e-01	2.49e-02	1.30e-04	3.05e-06	0.00e+00	0.00e+00	0.00e+00
 2.40504e+23	1.04e-01	8.76e-01	1.92e-02	1.09e-04	2.14e-06	0.00e+00	0.00e+00	0.00e+00
 2.40648e+23	1.17e-01	8.67e-01	1.56e-02	9.70e-05	1.64e-06	0.00e+00	0.00e+00	0.00e+00
 2.40792e+23	1.32e-01	8.55e-01	1.27e-02	8.71e-05	1.27e-06	0.00e+00	0.00e+00	0.00e+00
 2.40969e+23	1.52e-01	8.38e-01	9.78e-03	7.66e-05	9.05e-07	0.00e+00	0.00e+00	0.00e+00
 2.41143e+23	1.79e-01	8.14e-01	7.27e-03	6.68e-05	0.00e+00	0.00e+00	0.00e+00	0.00e+00
 2.41269e+23	2.01e-01	7.93e-01	5.79e-03	6.09e-05	0.00e+00	0.00e+00	0.00e+00	0.00e+00
 2.41359e+23	2.19e-01	7.76e-01	4.92e-03	5.74e-05	0.00e+00	0.00e+00	0.00e+00	0.00e+00
 2.41452e+23	2.36e-01	7.60e-01	4.19e-03	5.42e-05	0.00e+00	0.00e+00	0.00e+00	0.00e+00
 2.41563e+23	2.61e-01	7.36e-01	3.41e-03	5.01e-05	0.00e+00	0.00e+00	0.00e+00	0.00e+00
 2.41650e+23	2.84e-01	7.13e-01	2.84e-03	4.67e-05	0.00e+00	0.00e+00	0.00e+00	0.00e+00
 2.41696e+23	2.95e-01	7.02e-01	2.60e-03	4.54e-05	0.00e+00	0.00e+00	0.00e+00	0.00e+00
 2.41733e+23	3.04e-01	6.93e-01	2.43e-03	4.45e-05	0.00e+00	0.00e+00	0.00e+00	0.00e+00
 2.41782e+23	3.16e-01	6.82e-01	2.22e-03	4.33e-05	0.00e+00	0.00e+00	0.00e+00	0.00e+00
 2.41844e+23	3.33e-01	6.65e-01	1.96e-03	4.14e-05	0.00e+00	0.00e+00	0.00e+00	0.00e+00
 2.41910e+23	3.53e-01	6.45e-01	1.71e-03	3.93e-05	0.00e+00	0.00e+00	0.00e+00	0.00e+00
 2.41964e+23	3.70e-01	6.28e-01	1.52e-03	3.77e-05	0.00e+00	0.00e+00	0.00e+00	0.00e+00
 2.42007e+23	3.83e-01	6.16e-01	1.40e-03	3.66e-05	0.00e+00	0.00e+00	0.00e+00	0.00e+00
 2.42053e+23	3.97e-01	6.01e-01	1.27e-03	3.55e-05	0.00e+00	0.00e+00	0.00e+00	0.00e+00
 2.42111e+23	4.16e-01	5.83e-01	1.13e-03	3.39e-05	0.00e+00	0.00e+00	0.00e+00	0.00e+00
 2.42169e+23	4.36e-01	5.63e-01	9.94e-04	3.23e-05	0.00e+00	0.00e+00	0.00e+00	0.00e+00
 2.42218e+23	4.53e-01	5.46e-01	8.96e-04	3.11e-05	0.00e+00	0.00e+00	0.00e+00	0.00e+00
 2.42259e+23	4.67e-01	5.32e-01	8.24e-04	3.01e-05	0.00e+00	0.00e+00	0.00e+00	0.00e+00
 2.42306e+23	4.83e-01	5.17e-01	7.49e-04	2.91e-05	0.00e+00	0.00e+00	0.00e+00	0.00e+00
 2.42362e+23	5.02e-01	4.97e-01	6.67e-04	2.78e-05	0.00e+00	0.00e+00	0.00e+00	0.00e+00
 2.42416e+23	5.22e-01	4.77e-01	5.97e-04	2.65e-05	0.00e+00	0.00e+00	0.00e+00	0.00e+00
 2.42460e+23	5.38e-01	4.62e-01	5.46e-04	2.55e-05	0.00e+00	0.00e+00	0.00e+00	0.00e+00
 2.42501e+23	5.52e-01	4.48e-01	5.05e-04	2.47e-05	0.00e+00	0.00e+00	0.00e+00	0.00e+00
 2.42550e+23	5.69e-01	4.31e-01	4.61e-04	2.38e-05	0.00e+00	0.00e+00	0.00e+00	0.00e+00
 2.42603e+23	5.88e-01	4.11e-01	4.16e-04	2.27e-05	0.00e+00	0.00e+00	0.00e+00	0.00e+00
 2.42651e+23	6.05e-01	3.94e-01	3.81e-04	2.17e-05	0.00e+00	0.00e+00	0.00e+00	0.00e+00
 2.42692e+23	6.19e-01	3.81e-01	3.55e-04	2.10e-05	0.00e+00	0.00e+00	0.00e+00	0.00e+00
 2.42735e+23	6.33e-01	3.67e-01	3.32e-04	2.03e-05	0.00e+00	0.00e+00	0.00e+00	0.00e+00
 2.42785e+23	6.50e-01	3.50e-01	3.06e-04	1.95e-05	0.00e+00	0.00e+00	0.00e+00	0.00e+00
 2.42836e+23	6.67e-01	3.33e-01	2.83e-04	1.86e-05	0.00e+00	0.00e+00	0.00e+00	0.00e+00
 2.42880e+23	6.81e-01	3.19e-01	2.66e-04	1.79e-05	0.00e+00	0.00e+00	0.00e+00	0.00e+00
 2.42920e+23	6.93e-01	3.07e-01	2.52e-04	1.74e-05	0.00e+00	0.00e+00	0.00e+00	0.00e+00
 2.42963e+23	7.05e-01	2.94e-01	2.39e-04	1.68e-05	0.00e+00	0.00e+00	0.00e+00	0.00e+00
 2.43012e+23	7.20e-01	2.80e-01	2.26e-04	1.62e-05	0.00e+00	0.00e+00	0.00e+00	0.00e+00
 2.43058e+23	7.33e-01	2.67e-01	2.15e-04	1.56e-05	0.00e+00	0.00e+00	0.00e+00	0.00e+00
 2.43099e+23	7.44e-01	2.56e-01	2.06e-04	1.51e-05	0.00e+00	0.00e+00	0.00e+00	0.00e+00
 2.43138e+23	7.54e-01	2.46e-01	1.99e-04	1.47e-05	0.00e+00	0.00e+00	0.00e+00	0.00e+00
 2.43182e+23	7.65e-01	2.35e-01	1.92e-04	1.43e-05	0.00e+00	0.00e+00	0.00e+00	0.00e+00
 2.43228e+23	7.76e-01	2.24e-01	1.85e-04	1.38e-05	0.00e+00	0.00e+00	0.00e+00	0.00e+00
 2.43271e+23	7.85e-01	2.14e-01	1.80e-04	1.34e-05	0.00e+00	0.00e+00	0.00e+00	0.00e+00
 2.43309e+23	7.93e-01	2.06e-01	1.76e-04	1.31e-05	0.00e+00	0.00e+00	0.00e+00	0.00e+00
 2.43349e+23	8.02e-01	1.98e-01	1.72e-04	1.28e-05	0.00e+00	0.00e+00	0.00e+00	0.00e+00
 2.43394e+23	8.10e-01	1.90e-01	1.68e-04	1.25e-05	0.00e+00	0.00e+00	0.00e+00	0.00e+00
 2.43439e+23	8.18e-01	1.82e-01	1.65e-04	1.22e-05	0.00e+00	0.00e+00	0.00e+00	0.00e+00
 2.43480e+23	8.25e-01	1.75e-01	1.62e-04	1.20e-05	0.00e+00	0.00e+00	0.00e+00	0.00e+00
 2.43519e+23	8.31e-01	1.69e-01	1.60e-04	1.18e-05	0.00e+00	0.00e+00	0.00e+00	0.00e+00
 2.43561e+23	8.37e-01	1.63e-01	1.58e-04	1.16e-05	0.00e+00	0.00e+00	0.00e+00	0.00e+00
 2.43604e+23	8.43e-01	1.57e-01	1.56e-04	1.14e-05	0.00e+00	0.00e+00	0.00e+00	0.00e+00
 2.43648e+23	8.48e-01	1.51e-01	1.54e-04	1.13e-05	0.00e+00	0.00e+00	0.00e+00	0.00e+00
 2.43691e+23	8.53e-01	1.46e-01	1.53e-04	1.12e-05	0.00e+00	0.00e+00	0.00e+00	0.00e+00
 2.43733e+23	8.58e-01	1.42e-01	1.51e-04	1.11e-05	0.00e+00	0.00e+00	0.00e+00	0.00e+00
 2.43773e+23	8.61e-01	1.38e-01	1.50e-04	1.11e-05	0.00e+00	0.00e+00	0.00e+00	0.00e+00
 2.43813e+23	8.65e-01	1.35e-01	1.50e-04	1.10e-05	0.00e+00	0.00e+00	0.00e+00	0.00e+00
 2.43854e+23	8.68e-01	1.32e-01	1.49e-04	1.10e-05	0.00e+00	0.00e+00	0.00e+00	0.00e+00
 2.43894e+23	8.71e-01	1.29e-01	1.48e-04	1.10e-05	0.00e+00	0.00e+00	0.00e+00	0.00e+00
 2.43934e+23	8.74e-01	1.26e-01	1.48e-04	1.10e-05	0.00e+00	0.00e+00	0.00e+00	0.00e+00
 2.43974e+23	8.76e-01	1.24e-01	1.47e-04	1.11e-05	0.00e+00	0.00e+00	0.00e+00	0.00e+00
 2.44015e+23	8.78e-01	1.22e-01	1.47e-04	1.11e-05	0.00e+00	0.00e+00	0.00e+00	0.00e+00
 2.44056e+23	8.80e-01	1.20e-01	1.46e-04	1.12e-05	0.00e+00	0.00e+00	0.00e+00	0.00e+00
 2.44097e+23	8.82e-01	1.18e-01	1.46e-04	1.13e-05	0.00e+00	0.00e+00	0.00e+00	0.00e+00
 2.44138e+23	8.83e-01	1.17e-01	1.46e-04	1.14e-05	0.00e+00	0.00e+00	0.00e+00	0.00e+00
 2.44179e+23	8.85e-01	1.15e-01	1.45e-04	1.15e-05	0.00e+00	0.00e+00	0.00e+00	0.00e+00
 2.44220e+23	8.86e-01	1.14e-01	1.45e-04	1.17e-05	0.00e+00	0.00e+00	0.00e+00	0.00e+00
 2.44258e+23	8.87e-01	1.13e-01	1.45e-04	1.18e-05	0.00e+00	0.00e+00	0.00e+00	0.00e+00
 2.44292e+23	8.87e-01	1.12e-01	1.45e-04	1.19e-05	0.00e+00	0.00e+00	0.00e+00	0.00e+00
 2.44323e+23	8.88e-01	1.12e-01	1.45e-04	1.21e-05	0.00e+00	0.00e+00	0.00e+00	0.00e+00
 2.44352e+23	8.88e-01	1.11e-01	1.45e-04	1.22e-05	0.00e+00	0.00e+00	0.00e+00	0.00e+00
 2.44383e+23	8.89e-01	1.11e-01	1.45e-04	1.23e-05	0.00e+00	0.00e+00	0.00e+00	0.00e+00
 2.44423e+23	8.90e-01	1.10e-01	1.45e-04	1.24e-05	0.00e+00	0.00e+00	0.00e+00	0.00e+00
 2.44467e+23	8.90e-01	1.10e-01	1.45e-04	1.26e-05	0.00e+00	0.00e+00	0.00e+00	0.00e+00
 2.44507e+23	8.91e-01	1.09e-01	1.45e-04	1.27e-05	0.00e+00	0.00e+00	0.00e+00	0.00e+00
 2.44543e+23	8.91e-01	1.09e-01	1.45e-04	1.29e-05	0.00e+00	0.00e+00	0.00e+00	0.00e+00
 2.44583e+23	8.91e-01	1.09e-01	1.44e-04	1.30e-05	0.00e+00	0.00e+00	0.00e+00	0.00e+00
 2.44626e+23	8.92e-01	1.08e-01	1.44e-04	1.32e-05	0.00e+00	0.00e+00	0.00e+00	0.00e+00
 2.44673e+23	8.92e-01	1.08e-01	1.44e-04	1.34e-05	0.00e+00	0.00e+00	0.00e+00	0.00e+00
 2.44723e+23	8.92e-01	1.08e-01	1.44e-04	1.35e-05	0.00e+00	0.00e+00	0.00e+00	0.00e+00
 2.44779e+23	8.92e-01	1.07e-01	1.44e-04	1.37e-05	0.00e+00	0.00e+00	0.00e+00	0.00e+00
 2.44839e+23	8.93e-01	1.07e-01	1.44e-04	1.39e-05	0.00e+00	0.00e+00	0.00e+00	0.00e+00
 2.44904e+23	8.93e-01	1.07e-01	1.44e-04	1.41e-05	0.00e+00	0.00e+00	0.00e+00	0.00e+00
 2.44975e+23	8.93e-01	1.07e-01	1.44e-04	1.42e-05	0.00e+00	0.00e+00	0.00e+00	0.00e+00
 2.45053e+23	8.93e-01	1.07e-01	1.44e-04	1.44e-05	0.00e+00	0.00e+00	0.00e+00	0.00e+00
 2.45137e+23	8.93e-01	1.07e-01	1.44e-04	1.45e-05	0.00e+00	0.00e+00	0.00e+00	0.00e+00
 2.45229e+23	8.93e-01	1.06e-01	1.44e-04	1.47e-05	0.00e+00	0.00e+00	0.00e+00	0.00e+00
 2.45348e+23	8.94e-01	1.06e-01	1.44e-04	1.48e-05	0.00e+00	0.00e+00	0.00e+00	0.00e+00
 2.45484e+23	8.94e-01	1.06e-01	1.44e-04	1.49e-05	0.00e+00	0.00e+00	0.00e+00	0.00e+00
 2.45622e+23	8.94e-01	1.06e-01	1.44e-04	1.50e-05	0.00e+00	0.00e+00	0.00e+00	0.00e+00
 2.45759e+23	8.94e-01	1.06e-01	1.44e-04	1.50e-05	0.00e+00	0.00e+00	0.00e+00	0.00e+00
 2.45917e+23	8.94e-01	1.06e-01	1.44e-04	1.51e-05	0.00e+00	0.00e+00	0.00e+00	0.00e+00
 2.46123e+23	8.95e-01	1.05e-01	1.44e-04	1.52e-05	0.00e+00	0.00e+00	0.00e+00	0.00e+00
 2.46390e+23	8.95e-01	1.05e-01	1.43e-04	1.53e-05	0.00e+00	0.00e+00	0.00e+00	0.00e+00
 2.46737e+23	8.96e-01	1.04e-01	1.43e-04	1.54e-05	0.00e+00	0.00e+00	0.00e+00	0.00e+00
 2.47188e+23	8.96e-01	1.04e-01	1.43e-04	1.54e-05	0.00e+00	0.00e+00	0.00e+00	0.00e+00
 2.47775e+23	8.97e-01	1.03e-01	1.42e-04	1.54e-05	0.00e+00	0.00e+00	0.00e+00	0.00e+00
 2.48538e+23	8.98e-01	1.02e-01	1.42e-04	1.55e-05	0.00e+00	0.00e+00	0.00e+00	0.00e+00
 2.49530e+23	8.98e-01	1.01e-01	1.41e-04	1.55e-05	0.00e+00	0.00e+00	0.00e+00	0.00e+00
 2.50600e+23	8.99e-01	1.01e-01	1.40e-04	1.55e-05	0.00e+00	0.00e+00	0.00e+00	0.00e+00
 2.51773e+23	8.99e-01	1.00e-01	1.39e-04	1.56e-05	0.00e+00	0.00e+00	0.00e+00	0.00e+00
 2.53040e+23	9.00e-01	1.00e-01	1.39e-04	1.56e-05	0.00e+00	0.00e+00	0.00e+00	0.00e+00
 2.54428e+23	9.01e-01	9.93e-02	1.38e-04	1.56e-05	0.00e+00	0.00e+00	0.00e+00	0.00e+00
 2.55926e+23	9.01e-01	9.90e-02	1.37e-04	1.56e-05	0.00e+00	0.00e+00	0.00e+00	0.00e+00
 2.57568e+23	9.02e-01	9.82e-02	1.36e-04	1.57e-05	0.00e+00	0.00e+00	0.00e+00	0.00e+00
 2.59340e+23	9.02e-01	9.79e-02	1.35e-04	1.57e-05	0.00e+00	0.00e+00	0.00e+00	0.00e+00
 2.60953e+23	9.02e-01	9.77e-02	1.34e-04	1.58e-05	0.00e+00	0.00e+00	0.00e+00	0.00e+00
 2.62421e+23	9.02e-01	9.74e-02	1.34e-04	1.57e-05	0.00e+00	0.00e+00	0.00e+00	0.00e+00
 2.64029e+23	9.03e-01	9.66e-02	1.33e-04	1.58e-05	0.00e+00	0.00e+00	0.00e+00	0.00e+00
 2.65765e+23	9.03e-01	9.64e-02	1.32e-04	1.58e-05	0.00e+00	0.00e+00	0.00e+00	0.00e+00
 2.67668e+23	9.04e-01	9.56e-02	1.32e-04	1.59e-05	0.00e+00	0.00e+00	0.00e+00	0.00e+00
 2.69722e+23	9.05e-01	9.53e-02	1.31e-04	1.60e-05	0.00e+00	0.00e+00	0.00e+00	0.00e+00
 2.71591e+23	9.05e-01	9.50e-02	1.30e-04	1.59e-05	0.00e+00	0.00e+00	0.00e+00	0.00e+00
 2.73640e+23	9.06e-01	9.42e-02	1.30e-04	1.60e-05	0.00e+00	0.00e+00	0.00e+00	0.00e+00
 2.75851e+23	9.06e-01	9.38e-02	1.29e-04	1.60e-05	0.00e+00	0.00e+00	0.00e+00	0.00e+00
 2.78274e+23	9.07e-01	9.30e-02	1.28e-04	1.61e-05	0.00e+00	0.00e+00	0.00e+00	0.00e+00
 2.80890e+23	9.07e-01	9.25e-02	1.27e-04	1.60e-05	0.00e+00	0.00e+00	0.00e+00	0.00e+00
 2.83270e+23	9.08e-01	9.23e-02	1.26e-04	1.61e-05	0.00e+00	0.00e+00	0.00e+00	0.00e+00
 2.85437e+23	9.08e-01	9.19e-02	1.25e-04	1.60e-05	0.00e+00	0.00e+00	0.00e+00	0.00e+00
 2.87810e+23	9.09e-01	9.12e-02	1.25e-04	1.61e-05	0.00e+00	0.00e+00	0.00e+00	0.00e+00
 2.90373e+23	9.09e-01	9.08e-02	1.24e-04	1.61e-05	0.00e+00	0.00e+00	0.00e+00	0.00e+00
 2.92705e+23	9.09e-01	9.06e-02	1.23e-04	1.61e-05	0.00e+00	0.00e+00	0.00e+00	0.00e+00
 2.95261e+23	9.10e-01	8.97e-02	1.23e-04	1.60e-05	0.00e+00	0.00e+00	0.00e+00	0.00e+00
 2.98232e+23	9.11e-01	8.91e-02	1.22e-04	1.60e-05	0.00e+00	0.00e+00	0.00e+00	0.00e+00
 3.01287e+23	9.11e-01	8.86e-02	1.21e-04	1.59e-05	0.00e+00	0.00e+00	0.00e+00	0.00e+00
 3.04148e+23	9.12e-01	8.82e-02	1.20e-04	1.58e-05	0.00e+00	0.00e+00	0.00e+00	0.00e+00
