#depth	He	He+	He+2
 1.54284e+19	5.50e-12	9.10e-06	1.00e+00
 9.25702e+19	6.07e-12	9.74e-06	1.00e+00
 2.19083e+20	7.08e-12	1.09e-05	1.00e+00
 3.29311e+20	8.04e-12	1.19e-05	1.00e+00
 3.86390e+20	8.57e-12	1.25e-05	1.00e+00
 4.05132e+20	8.74e-12	1.26e-05	1.00e+00
 4.21441e+20	8.89e-12	1.28e-05	1.00e+00
 4.42642e+20	9.09e-12	1.30e-05	1.00e+00
 4.70204e+20	9.36e-12	1.33e-05	1.00e+00
 5.06035e+20	9.72e-12	1.36e-05	1.00e+00
 5.52615e+20	1.02e-11	1.41e-05	1.00e+00
 6.03262e+20	1.07e-11	1.46e-05	1.00e+00
 6.47295e+20	1.12e-11	1.51e-05	1.00e+00
 6.92633e+20	1.17e-11	1.55e-05	1.00e+00
 7.43480e+20	1.23e-11	1.61e-05	1.00e+00
 7.88370e+20	1.29e-11	1.65e-05	1.00e+00
 8.26519e+20	1.33e-11	1.70e-05	1.00e+00
 8.69023e+20	1.39e-11	1.74e-05	1.00e+00
 9.24278e+20	1.46e-11	1.80e-05	1.00e+00
 9.81862e+20	1.54e-11	1.87e-05	1.00e+00
 1.02868e+21	1.60e-11	1.92e-05	1.00e+00
 1.07575e+21	1.67e-11	1.97e-05	1.00e+00
 1.13694e+21	1.76e-11	2.05e-05	1.00e+00
 1.20145e+21	1.86e-11	2.12e-05	1.00e+00
 1.25549e+21	1.95e-11	2.19e-05	1.00e+00
 1.31092e+21	2.04e-11	2.26e-05	1.00e+00
 1.38298e+21	2.16e-11	2.35e-05	1.00e+00
 1.45935e+21	2.30e-11	2.44e-05	1.00e+00
 1.52422e+21	2.42e-11	2.53e-05	1.00e+00
 1.58062e+21	2.53e-11	2.60e-05	1.00e+00
 1.64314e+21	2.65e-11	2.69e-05	1.00e+00
 1.72442e+21	2.82e-11	2.80e-05	1.00e+00
 1.80888e+21	3.00e-11	2.92e-05	1.00e+00
 1.87861e+21	3.15e-11	3.03e-05	1.00e+00
 1.95040e+21	3.32e-11	3.13e-05	1.00e+00
 2.04373e+21	3.53e-11	3.28e-05	1.00e+00
 2.14168e+21	3.77e-11	3.44e-05	1.00e+00
 2.22283e+21	3.97e-11	3.58e-05	1.00e+00
 2.30552e+21	4.18e-11	3.72e-05	1.00e+00
 2.41302e+21	4.46e-11	3.91e-05	1.00e+00
 2.52476e+21	4.76e-11	4.12e-05	1.00e+00
 2.61596e+21	5.01e-11	4.29e-05	1.00e+00
 2.70846e+21	5.28e-11	4.47e-05	1.00e+00
 2.81068e+21	5.57e-11	4.69e-05	1.00e+00
 2.90180e+21	5.83e-11	4.88e-05	1.00e+00
 2.98231e+21	6.07e-11	5.06e-05	1.00e+00
 3.07273e+21	6.33e-11	5.26e-05	1.00e+00
 3.19027e+21	6.69e-11	5.54e-05	1.00e+00
 3.30963e+21	7.05e-11	5.83e-05	1.00e+00
 3.40309e+21	7.34e-11	6.07e-05	1.00e+00
 3.49628e+21	7.63e-11	6.31e-05	1.00e+00
 3.61743e+21	8.01e-11	6.64e-05	1.00e+00
 3.74616e+21	8.42e-11	7.01e-05	1.00e+00
 3.85585e+21	8.83e-11	7.33e-05	1.00e+00
 3.96957e+21	9.26e-11	7.67e-05	1.00e+00
 4.11741e+21	9.83e-11	8.14e-05	1.00e+00
 4.27035e+21	1.04e-10	8.65e-05	1.00e+00
 4.39346e+21	1.10e-10	9.07e-05	1.00e+00
 4.51703e+21	1.15e-10	9.51e-05	1.00e+00
 4.67767e+21	1.22e-10	1.01e-04	1.00e+00
 4.84634e+21	1.30e-10	1.08e-04	1.00e+00
 4.97718e+21	1.37e-10	1.13e-04	1.00e+00
 5.08111e+21	1.43e-10	1.17e-04	1.00e+00
 5.19831e+21	1.50e-10	1.22e-04	1.00e+00
 5.35068e+21	1.59e-10	1.29e-04	1.00e+00
 5.51017e+21	1.69e-10	1.36e-04	1.00e+00
 5.64201e+21	1.79e-10	1.42e-04	1.00e+00
 5.77647e+21	1.89e-10	1.48e-04	1.00e+00
 5.95128e+21	2.03e-10	1.57e-04	1.00e+00
 6.13199e+21	2.19e-10	1.66e-04	1.00e+00
 6.27857e+21	2.33e-10	1.74e-04	1.00e+00
 6.42733e+21	2.49e-10	1.81e-04	1.00e+00
 6.62071e+21	2.71e-10	1.92e-04	1.00e+00
 6.82372e+21	2.96e-10	2.04e-04	1.00e+00
 6.99375e+21	3.19e-10	2.13e-04	1.00e+00
 7.16929e+21	3.45e-10	2.24e-04	1.00e+00
 7.39749e+21	3.81e-10	2.38e-04	1.00e+00
 7.63689e+21	4.24e-10	2.53e-04	1.00e+00
 7.83867e+21	4.63e-10	2.66e-04	1.00e+00
 8.01083e+21	4.98e-10	2.77e-04	1.00e+00
 8.19665e+21	5.40e-10	2.90e-04	1.00e+00
 8.43821e+21	5.99e-10	3.07e-04	1.00e+00
 8.68614e+21	6.65e-10	3.25e-04	1.00e+00
 8.88444e+21	7.22e-10	3.39e-04	1.00e+00
 9.08432e+21	7.84e-10	3.54e-04	1.00e+00
 9.34417e+21	8.71e-10	3.75e-04	1.00e+00
 9.61741e+21	9.72e-10	3.96e-04	1.00e+00
 9.84599e+21	1.06e-09	4.14e-04	1.00e+00
 1.00811e+22	1.16e-09	4.34e-04	1.00e+00
 1.03867e+22	1.30e-09	4.60e-04	1.00e+00
 1.07037e+22	1.46e-09	4.88e-04	1.00e+00
 1.09641e+22	1.61e-09	5.11e-04	9.99e-01
 1.12309e+22	1.77e-09	5.36e-04	9.99e-01
 1.15777e+22	1.99e-09	5.69e-04	9.99e-01
 1.19435e+22	2.25e-09	6.04e-04	9.99e-01
 1.22506e+22	2.49e-09	6.35e-04	9.99e-01
 1.25666e+22	2.76e-09	6.67e-04	9.99e-01
 1.29773e+22	3.15e-09	7.11e-04	9.99e-01
 1.34044e+22	3.59e-09	7.57e-04	9.99e-01
 1.37533e+22	4.00e-09	7.96e-04	9.99e-01
 1.41073e+22	4.43e-09	8.36e-04	9.99e-01
 1.45676e+22	5.07e-09	8.90e-04	9.99e-01
 1.50047e+22	5.73e-09	9.43e-04	9.99e-01
 1.53058e+22	6.21e-09	9.79e-04	9.99e-01
 1.55912e+22	6.71e-09	1.01e-03	9.99e-01
 1.59622e+22	7.42e-09	1.06e-03	9.99e-01
 1.64446e+22	8.43e-09	1.13e-03	9.99e-01
 1.69314e+22	9.51e-09	1.19e-03	9.99e-01
 1.73108e+22	1.04e-08	1.24e-03	9.99e-01
 1.76907e+22	1.14e-08	1.30e-03	9.99e-01
 1.81845e+22	1.28e-08	1.37e-03	9.99e-01
 1.87204e+22	1.45e-08	1.45e-03	9.99e-01
 1.91976e+22	1.61e-08	1.52e-03	9.98e-01
 1.97050e+22	1.79e-08	1.60e-03	9.98e-01
 2.03645e+22	2.06e-08	1.70e-03	9.98e-01
 2.10344e+22	2.35e-08	1.81e-03	9.98e-01
 2.15625e+22	2.60e-08	1.89e-03	9.98e-01
 2.20937e+22	2.88e-08	1.98e-03	9.98e-01
 2.27843e+22	3.26e-08	2.10e-03	9.98e-01
 2.35260e+22	3.71e-08	2.23e-03	9.98e-01
 2.41717e+22	4.14e-08	2.35e-03	9.98e-01
 2.48489e+22	4.62e-08	2.48e-03	9.98e-01
 2.55518e+22	5.17e-08	2.61e-03	9.97e-01
 2.61243e+22	5.62e-08	2.71e-03	9.97e-01
 2.67050e+22	6.14e-08	2.83e-03	9.97e-01
 2.74599e+22	6.86e-08	2.98e-03	9.97e-01
 2.82482e+22	7.65e-08	3.14e-03	9.97e-01
 2.89090e+22	8.36e-08	3.28e-03	9.97e-01
 2.95973e+22	9.16e-08	3.43e-03	9.97e-01
 3.04921e+22	1.03e-07	3.63e-03	9.96e-01
 3.14267e+22	1.15e-07	3.84e-03	9.96e-01
 3.21949e+22	1.26e-07	4.01e-03	9.96e-01
 3.29756e+22	1.39e-07	4.20e-03	9.96e-01
 3.39905e+22	1.56e-07	4.45e-03	9.96e-01
 3.50568e+22	1.75e-07	4.72e-03	9.95e-01
 3.59446e+22	1.92e-07	4.94e-03	9.95e-01
 3.68533e+22	2.11e-07	5.19e-03	9.95e-01
 3.80347e+22	2.37e-07	5.52e-03	9.94e-01
 3.92798e+22	2.68e-07	5.88e-03	9.94e-01
 4.03177e+22	2.95e-07	6.19e-03	9.94e-01
 4.13768e+22	3.26e-07	6.53e-03	9.93e-01
 4.27535e+22	3.70e-07	6.99e-03	9.93e-01
 4.41748e+22	4.18e-07	7.48e-03	9.93e-01
 4.53565e+22	4.61e-07	7.91e-03	9.92e-01
 4.65949e+22	5.13e-07	8.41e-03	9.92e-01
 4.82049e+22	5.87e-07	9.09e-03	9.91e-01
 4.98356e+22	6.71e-07	9.84e-03	9.90e-01
 5.10704e+22	7.38e-07	1.04e-02	9.90e-01
 5.22527e+22	8.14e-07	1.11e-02	9.89e-01
 5.37896e+22	9.23e-07	1.20e-02	9.88e-01
 5.53237e+22	1.04e-06	1.30e-02	9.87e-01
 5.66010e+22	1.15e-06	1.39e-02	9.86e-01
 5.80083e+22	1.30e-06	1.50e-02	9.85e-01
 5.95406e+22	1.47e-06	1.63e-02	9.84e-01
 6.09058e+22	1.65e-06	1.76e-02	9.82e-01
 6.21405e+22	1.82e-06	1.90e-02	9.81e-01
 6.35351e+22	2.07e-06	2.07e-02	9.79e-01
 6.50542e+22	2.36e-06	2.29e-02	9.77e-01
 6.63880e+22	2.67e-06	2.51e-02	9.75e-01
 6.75547e+22	2.99e-06	2.73e-02	9.73e-01
 6.88514e+22	3.39e-06	3.01e-02	9.70e-01
 7.02494e+22	3.93e-06	3.37e-02	9.66e-01
 7.14491e+22	4.47e-06	3.73e-02	9.63e-01
 7.24751e+22	5.02e-06	4.10e-02	9.59e-01
 7.36052e+22	5.66e-06	4.56e-02	9.54e-01
 7.48456e+22	6.72e-06	5.18e-02	9.48e-01
 7.59292e+22	7.75e-06	5.83e-02	9.42e-01
 7.68376e+22	8.78e-06	6.50e-02	9.35e-01
 7.78185e+22	1.00e-05	7.31e-02	9.27e-01
 7.88879e+22	1.20e-05	8.43e-02	9.16e-01
 7.98085e+22	1.40e-05	9.62e-02	9.04e-01
 8.05669e+22	1.58e-05	1.08e-01	8.92e-01
 8.13781e+22	1.85e-05	1.23e-01	8.77e-01
 8.22576e+22	2.19e-05	1.42e-01	8.58e-01
 8.30146e+22	2.56e-05	1.63e-01	8.37e-01
 8.36462e+22	2.93e-05	1.84e-01	8.16e-01
 8.43258e+22	3.38e-05	2.08e-01	7.92e-01
 8.50672e+22	3.99e-05	2.41e-01	7.59e-01
 8.57120e+22	4.62e-05	2.74e-01	7.26e-01
 8.62551e+22	5.23e-05	3.05e-01	6.94e-01
 8.68433e+22	5.96e-05	3.42e-01	6.58e-01
 8.74970e+22	6.88e-05	3.87e-01	6.13e-01
 8.80914e+22	7.81e-05	4.31e-01	5.68e-01
 8.86187e+22	8.70e-05	4.72e-01	5.28e-01
 8.92031e+22	9.72e-05	5.17e-01	4.82e-01
 8.98480e+22	1.09e-04	5.68e-01	4.32e-01
 9.04260e+22	1.20e-04	6.11e-01	3.89e-01
 9.09441e+22	1.30e-04	6.48e-01	3.52e-01
 9.15299e+22	1.40e-04	6.86e-01	3.14e-01
 9.22915e+22	1.54e-04	7.30e-01	2.69e-01
 9.30830e+22	1.68e-04	7.71e-01	2.29e-01
 9.37608e+22	1.79e-04	8.00e-01	2.00e-01
 9.44609e+22	1.89e-04	8.25e-01	1.75e-01
 9.52064e+22	2.00e-04	8.48e-01	1.52e-01
 9.59230e+22	2.10e-04	8.66e-01	1.34e-01
 9.67211e+22	2.20e-04	8.83e-01	1.16e-01
 9.76763e+22	2.32e-04	9.00e-01	9.95e-02
 9.87134e+22	2.44e-04	9.15e-01	8.50e-02
 9.97790e+22	2.56e-04	9.27e-01	7.31e-02
 1.00909e+23	2.68e-04	9.37e-01	6.29e-02
 1.02154e+23	2.80e-04	9.46e-01	5.40e-02
 1.03541e+23	2.93e-04	9.54e-01	4.60e-02
 1.05085e+23	3.07e-04	9.61e-01	3.91e-02
 1.06803e+23	3.22e-04	9.67e-01	3.31e-02
 1.08734e+23	3.38e-04	9.72e-01	2.79e-02
 1.10936e+23	3.56e-04	9.76e-01	2.33e-02
 1.13447e+23	3.76e-04	9.80e-01	1.94e-02
 1.16458e+23	3.99e-04	9.84e-01	1.59e-02
 1.19769e+23	4.25e-04	9.87e-01	1.30e-02
 1.22947e+23	4.49e-04	9.89e-01	1.10e-02
 1.26492e+23	4.75e-04	9.90e-01	9.33e-03
 1.31101e+23	5.09e-04	9.92e-01	7.63e-03
 1.36040e+23	5.47e-04	9.93e-01	6.34e-03
 1.40394e+23	5.83e-04	9.94e-01	5.50e-03
 1.45037e+23	6.18e-04	9.95e-01	4.81e-03
 1.50677e+23	6.65e-04	9.95e-01	4.14e-03
 1.56538e+23	7.19e-04	9.96e-01	3.60e-03
 1.61883e+23	7.74e-04	9.96e-01	3.23e-03
 1.66829e+23	8.28e-04	9.96e-01	2.95e-03
 1.71709e+23	8.89e-04	9.96e-01	2.72e-03
 1.76464e+23	9.54e-04	9.97e-01	2.52e-03
 1.80957e+23	1.03e-03	9.97e-01	2.37e-03
 1.85143e+23	1.10e-03	9.97e-01	2.24e-03
 1.89073e+23	1.18e-03	9.97e-01	2.14e-03
 1.92821e+23	1.27e-03	9.97e-01	2.05e-03
 1.96422e+23	1.37e-03	9.97e-01	1.97e-03
 1.99843e+23	1.48e-03	9.97e-01	1.90e-03
 2.03050e+23	1.60e-03	9.97e-01	1.84e-03
 2.05321e+23	1.72e-03	9.96e-01	1.79e-03
 2.06426e+23	1.78e-03	9.96e-01	1.81e-03
 2.07312e+23	1.83e-03	9.96e-01	1.82e-03
 2.08462e+23	1.89e-03	9.96e-01	1.80e-03
 2.09958e+23	1.98e-03	9.96e-01	1.77e-03
 2.11513e+23	2.09e-03	9.96e-01	1.73e-03
 2.12717e+23	2.18e-03	9.96e-01	1.72e-03
 2.13628e+23	2.26e-03	9.96e-01	1.71e-03
 2.14587e+23	2.34e-03	9.96e-01	1.71e-03
 2.15834e+23	2.45e-03	9.96e-01	1.68e-03
 2.17105e+23	2.59e-03	9.96e-01	1.65e-03
 2.18056e+23	2.71e-03	9.96e-01	1.64e-03
 2.18770e+23	2.81e-03	9.96e-01	1.64e-03
 2.19529e+23	2.91e-03	9.95e-01	1.63e-03
 2.20517e+23	3.05e-03	9.95e-01	1.62e-03
 2.21542e+23	3.22e-03	9.95e-01	1.59e-03
 2.22339e+23	3.38e-03	9.95e-01	1.58e-03
 2.22951e+23	3.50e-03	9.95e-01	1.58e-03
 2.23601e+23	3.64e-03	9.95e-01	1.57e-03
 2.24447e+23	3.83e-03	9.95e-01	1.56e-03
 2.25321e+23	4.07e-03	9.94e-01	1.54e-03
 2.25992e+23	4.28e-03	9.94e-01	1.52e-03
 2.26508e+23	4.45e-03	9.94e-01	1.52e-03
 2.27061e+23	4.64e-03	9.94e-01	1.51e-03
 2.27779e+23	4.91e-03	9.94e-01	1.50e-03
 2.28530e+23	5.24e-03	9.93e-01	1.48e-03
 2.29125e+23	5.55e-03	9.93e-01	1.46e-03
 2.29594e+23	5.82e-03	9.93e-01	1.46e-03
 2.30101e+23	6.11e-03	9.92e-01	1.45e-03
 2.30760e+23	6.54e-03	9.92e-01	1.43e-03
 2.31451e+23	7.08e-03	9.92e-01	1.41e-03
 2.32007e+23	7.60e-03	9.91e-01	1.39e-03
 2.32457e+23	8.07e-03	9.91e-01	1.38e-03
 2.32951e+23	8.62e-03	9.90e-01	1.37e-03
 2.33593e+23	9.43e-03	9.89e-01	1.35e-03
 2.34239e+23	1.05e-02	9.88e-01	1.32e-03
 2.34704e+23	1.14e-02	9.87e-01	1.31e-03
 2.35048e+23	1.22e-02	9.87e-01	1.30e-03
 2.35417e+23	1.31e-02	9.86e-01	1.28e-03
 2.35897e+23	1.44e-02	9.84e-01	1.27e-03
 2.36384e+23	1.61e-02	9.83e-01	1.25e-03
 2.36742e+23	1.77e-02	9.81e-01	1.23e-03
 2.37003e+23	1.90e-02	9.80e-01	1.23e-03
 2.37274e+23	2.04e-02	9.78e-01	1.22e-03
 2.37628e+23	2.25e-02	9.76e-01	1.21e-03
 2.37995e+23	2.53e-02	9.74e-01	1.20e-03
 2.38277e+23	2.81e-02	9.71e-01	1.19e-03
 2.38484e+23	3.03e-02	9.69e-01	1.20e-03
 2.38695e+23	3.28e-02	9.66e-01	1.19e-03
 2.38970e+23	3.64e-02	9.62e-01	1.20e-03
 2.39259e+23	4.12e-02	9.58e-01	1.21e-03
 2.39486e+23	4.61e-02	9.53e-01	1.22e-03
 2.39659e+23	5.02e-02	9.49e-01	1.23e-03
 2.39838e+23	5.50e-02	9.44e-01	1.24e-03
 2.40072e+23	6.19e-02	9.37e-01	1.27e-03
 2.40314e+23	7.11e-02	9.28e-01	1.31e-03
 2.40504e+23	8.03e-02	9.18e-01	1.34e-03
 2.40648e+23	8.84e-02	9.10e-01	1.37e-03
 2.40792e+23	9.75e-02	9.01e-01	1.40e-03
 2.40969e+23	1.09e-01	8.89e-01	1.45e-03
 2.41143e+23	1.24e-01	8.75e-01	1.52e-03
 2.41269e+23	1.36e-01	8.62e-01	1.57e-03
 2.41359e+23	1.47e-01	8.51e-01	1.60e-03
 2.41452e+23	1.58e-01	8.41e-01	1.63e-03
 2.41563e+23	1.71e-01	8.27e-01	1.69e-03
 2.41650e+23	1.84e-01	8.14e-01	1.74e-03
 2.41696e+23	1.92e-01	8.06e-01	1.76e-03
 2.41733e+23	1.98e-01	8.00e-01	1.77e-03
 2.41782e+23	2.06e-01	7.92e-01	1.78e-03
 2.41844e+23	2.17e-01	7.81e-01	1.81e-03
 2.41910e+23	2.28e-01	7.70e-01	1.86e-03
 2.41964e+23	2.39e-01	7.59e-01	1.89e-03
 2.42007e+23	2.48e-01	7.51e-01	1.92e-03
 2.42053e+23	2.58e-01	7.40e-01	1.93e-03
 2.42111e+23	2.70e-01	7.29e-01	1.97e-03
 2.42169e+23	2.82e-01	7.16e-01	2.02e-03
 2.42218e+23	2.94e-01	7.04e-01	2.05e-03
 2.42259e+23	3.04e-01	6.94e-01	2.07e-03
 2.42306e+23	3.16e-01	6.82e-01	2.09e-03
 2.42362e+23	3.30e-01	6.68e-01	2.13e-03
 2.42416e+23	3.44e-01	6.54e-01	2.17e-03
 2.42460e+23	3.57e-01	6.41e-01	2.19e-03
 2.42501e+23	3.69e-01	6.29e-01	2.21e-03
 2.42550e+23	3.84e-01	6.14e-01	2.22e-03
 2.42603e+23	3.99e-01	5.99e-01	2.26e-03
 2.42651e+23	4.14e-01	5.84e-01	2.29e-03
 2.42692e+23	4.27e-01	5.70e-01	2.30e-03
 2.42735e+23	4.42e-01	5.56e-01	2.30e-03
 2.42785e+23	4.59e-01	5.39e-01	2.32e-03
 2.42836e+23	4.75e-01	5.22e-01	2.35e-03
 2.42880e+23	4.91e-01	5.07e-01	2.35e-03
 2.42920e+23	5.05e-01	4.93e-01	2.35e-03
 2.42963e+23	5.21e-01	4.77e-01	2.34e-03
 2.43012e+23	5.38e-01	4.60e-01	2.35e-03
 2.43058e+23	5.55e-01	4.43e-01	2.34e-03
 2.43099e+23	5.70e-01	4.28e-01	2.33e-03
 2.43138e+23	5.85e-01	4.13e-01	2.31e-03
 2.43182e+23	6.01e-01	3.97e-01	2.28e-03
 2.43228e+23	6.18e-01	3.80e-01	2.27e-03
 2.43271e+23	6.33e-01	3.65e-01	2.25e-03
 2.43309e+23	6.47e-01	3.51e-01	2.21e-03
 2.43349e+23	6.62e-01	3.36e-01	2.17e-03
 2.43394e+23	6.78e-01	3.20e-01	2.13e-03
 2.43439e+23	6.93e-01	3.05e-01	2.09e-03
 2.43480e+23	7.07e-01	2.91e-01	2.05e-03
 2.43519e+23	7.20e-01	2.78e-01	2.00e-03
 2.43561e+23	7.34e-01	2.64e-01	1.94e-03
 2.43604e+23	7.48e-01	2.50e-01	1.89e-03
 2.43648e+23	7.61e-01	2.37e-01	1.83e-03
 2.43691e+23	7.74e-01	2.25e-01	1.78e-03
 2.43733e+23	7.85e-01	2.13e-01	1.72e-03
 2.43773e+23	7.97e-01	2.02e-01	1.66e-03
 2.43813e+23	8.07e-01	1.91e-01	1.60e-03
 2.43854e+23	8.17e-01	1.81e-01	1.54e-03
 2.43894e+23	8.27e-01	1.72e-01	1.48e-03
 2.43934e+23	8.36e-01	1.63e-01	1.42e-03
 2.43974e+23	8.44e-01	1.55e-01	1.36e-03
 2.44015e+23	8.52e-01	1.47e-01	1.31e-03
 2.44056e+23	8.60e-01	1.39e-01	1.25e-03
 2.44097e+23	8.67e-01	1.32e-01	1.20e-03
 2.44138e+23	8.73e-01	1.25e-01	1.15e-03
 2.44179e+23	8.80e-01	1.19e-01	1.10e-03
 2.44220e+23	8.85e-01	1.13e-01	1.06e-03
 2.44258e+23	8.90e-01	1.09e-01	1.02e-03
 2.44292e+23	8.95e-01	1.04e-01	9.82e-04
 2.44323e+23	8.98e-01	1.01e-01	9.49e-04
 2.44352e+23	9.01e-01	9.78e-02	9.24e-04
 2.44383e+23	9.05e-01	9.42e-02	8.88e-04
 2.44423e+23	9.09e-01	9.05e-02	8.57e-04
 2.44467e+23	9.12e-01	8.71e-02	8.31e-04
 2.44507e+23	9.15e-01	8.41e-02	8.04e-04
 2.44543e+23	9.18e-01	8.15e-02	7.81e-04
 2.44583e+23	9.21e-01	7.87e-02	7.53e-04
 2.44626e+23	9.23e-01	7.64e-02	7.34e-04
 2.44673e+23	9.26e-01	7.37e-02	7.07e-04
 2.44723e+23	9.28e-01	7.15e-02	6.90e-04
 2.44779e+23	9.30e-01	6.90e-02	6.65e-04
 2.44839e+23	9.32e-01	6.71e-02	6.50e-04
 2.44904e+23	9.35e-01	6.48e-02	6.27e-04
 2.44975e+23	9.36e-01	6.32e-02	6.13e-04
 2.45053e+23	9.38e-01	6.12e-02	5.93e-04
 2.45137e+23	9.39e-01	5.99e-02	5.82e-04
 2.45229e+23	9.41e-01	5.84e-02	5.66e-04
 2.45348e+23	9.42e-01	5.71e-02	5.54e-04
 2.45484e+23	9.43e-01	5.61e-02	5.46e-04
 2.45622e+23	9.44e-01	5.52e-02	5.35e-04
 2.45759e+23	9.45e-01	5.46e-02	5.29e-04
 2.45917e+23	9.46e-01	5.39e-02	5.22e-04
 2.46123e+23	9.46e-01	5.35e-02	5.16e-04
 2.46390e+23	9.46e-01	5.30e-02	5.11e-04
 2.46737e+23	9.47e-01	5.26e-02	5.05e-04
 2.47188e+23	9.47e-01	5.22e-02	4.98e-04
 2.47775e+23	9.48e-01	5.18e-02	4.91e-04
 2.48538e+23	9.48e-01	5.13e-02	4.82e-04
 2.49530e+23	9.49e-01	5.08e-02	4.73e-04
 2.50600e+23	9.49e-01	5.04e-02	4.66e-04
 2.51773e+23	9.50e-01	4.98e-02	4.54e-04
 2.53040e+23	9.50e-01	4.94e-02	4.46e-04
 2.54428e+23	9.51e-01	4.87e-02	4.35e-04
 2.55926e+23	9.51e-01	4.82e-02	4.26e-04
 2.57568e+23	9.52e-01	4.76e-02	4.15e-04
 2.59340e+23	9.53e-01	4.70e-02	4.04e-04
 2.60953e+23	9.53e-01	4.65e-02	3.95e-04
 2.62421e+23	9.54e-01	4.61e-02	3.88e-04
 2.64029e+23	9.54e-01	4.54e-02	3.77e-04
 2.65765e+23	9.55e-01	4.49e-02	3.68e-04
 2.67668e+23	9.55e-01	4.43e-02	3.58e-04
 2.69722e+23	9.56e-01	4.37e-02	3.49e-04
 2.71591e+23	9.56e-01	4.33e-02	3.42e-04
 2.73640e+23	9.57e-01	4.27e-02	3.32e-04
 2.75851e+23	9.58e-01	4.21e-02	3.23e-04
 2.78274e+23	9.58e-01	4.15e-02	3.14e-04
 2.80890e+23	9.59e-01	4.09e-02	3.05e-04
 2.83270e+23	9.59e-01	4.04e-02	2.98e-04
 2.85437e+23	9.60e-01	4.00e-02	2.92e-04
 2.87810e+23	9.60e-01	3.95e-02	2.84e-04
 2.90373e+23	9.61e-01	3.89e-02	2.77e-04
 2.92705e+23	9.61e-01	3.87e-02	2.73e-04
 2.95261e+23	9.62e-01	3.81e-02	2.65e-04
 2.98232e+23	9.62e-01	3.77e-02	2.59e-04
 3.01287e+23	9.62e-01	3.73e-02	2.53e-04
 3.04148e+23	9.63e-01	3.69e-02	2.48e-04
