#depth	O	O+	O+2	O+3	O+4	O+5	O+6	O+7	O+8	O[1]	O[2]	O[3]
 1.54284e+19	3.86e-24	3.95e-18	1.73e-13	5.99e-10	3.11e-07	4.31e-05	2.79e-02	3.10e-01	6.62e-01	0.00e+00	0.00e+00	0.00e+00
 9.25702e+19	6.17e-24	5.94e-18	2.46e-13	8.07e-10	3.96e-07	5.12e-05	3.11e-02	3.23e-01	6.46e-01	0.00e+00	0.00e+00	0.00e+00
 2.19083e+20	1.31e-23	1.14e-17	4.34e-13	1.31e-09	5.84e-07	6.77e-05	3.68e-02	3.44e-01	6.19e-01	0.00e+00	0.00e+00	0.00e+00
 3.29311e+20	2.41e-23	1.95e-17	6.88e-13	1.93e-09	8.00e-07	8.49e-05	4.21e-02	3.61e-01	5.97e-01	0.00e+00	0.00e+00	0.00e+00
 3.86390e+20	3.27e-23	2.54e-17	8.65e-13	2.34e-09	9.35e-07	9.50e-05	4.51e-02	3.70e-01	5.85e-01	0.00e+00	0.00e+00	0.00e+00
 4.05132e+20	3.58e-23	2.75e-17	9.26e-13	2.48e-09	9.78e-07	9.81e-05	4.60e-02	3.72e-01	5.81e-01	0.00e+00	0.00e+00	0.00e+00
 4.21441e+20	3.89e-23	2.95e-17	9.85e-13	2.61e-09	1.02e-06	1.01e-04	4.68e-02	3.75e-01	5.78e-01	0.00e+00	0.00e+00	0.00e+00
 4.42642e+20	4.33e-23	3.24e-17	1.07e-12	2.80e-09	1.08e-06	1.05e-04	4.80e-02	3.78e-01	5.74e-01	0.00e+00	0.00e+00	0.00e+00
 4.70204e+20	4.97e-23	3.66e-17	1.19e-12	3.05e-09	1.16e-06	1.11e-04	4.94e-02	3.82e-01	5.69e-01	0.00e+00	0.00e+00	0.00e+00
 5.06035e+20	5.94e-23	4.27e-17	1.35e-12	3.42e-09	1.27e-06	1.18e-04	5.14e-02	3.87e-01	5.62e-01	0.00e+00	0.00e+00	0.00e+00
 5.52615e+20	7.45e-23	5.20e-17	1.60e-12	3.94e-09	1.42e-06	1.28e-04	5.40e-02	3.93e-01	5.53e-01	0.00e+00	0.00e+00	0.00e+00
 6.03262e+20	9.49e-23	6.42e-17	1.92e-12	4.60e-09	1.61e-06	1.40e-04	5.69e-02	4.00e-01	5.43e-01	0.00e+00	0.00e+00	0.00e+00
 6.47295e+20	1.16e-22	7.67e-17	2.24e-12	5.24e-09	1.78e-06	1.51e-04	5.95e-02	4.06e-01	5.35e-01	0.00e+00	0.00e+00	0.00e+00
 6.92633e+20	1.43e-22	9.16e-17	2.62e-12	5.96e-09	1.98e-06	1.63e-04	6.21e-02	4.11e-01	5.26e-01	0.00e+00	0.00e+00	0.00e+00
 7.43480e+20	1.80e-22	1.12e-16	3.11e-12	6.89e-09	2.22e-06	1.77e-04	6.53e-02	4.18e-01	5.17e-01	0.00e+00	0.00e+00	0.00e+00
 7.88370e+20	2.19e-22	1.33e-16	3.60e-12	7.80e-09	2.45e-06	1.90e-04	6.81e-02	4.23e-01	5.09e-01	0.00e+00	0.00e+00	0.00e+00
 8.26519e+20	2.58e-22	1.53e-16	4.07e-12	8.64e-09	2.66e-06	2.01e-04	7.05e-02	4.28e-01	5.02e-01	0.00e+00	0.00e+00	0.00e+00
 8.69023e+20	3.08e-22	1.79e-16	4.65e-12	9.67e-09	2.91e-06	2.14e-04	7.32e-02	4.32e-01	4.94e-01	0.00e+00	0.00e+00	0.00e+00
 9.24278e+20	3.87e-22	2.18e-16	5.52e-12	1.12e-08	3.27e-06	2.33e-04	7.67e-02	4.38e-01	4.85e-01	0.00e+00	0.00e+00	0.00e+00
 9.81862e+20	4.90e-22	2.68e-16	6.58e-12	1.29e-08	3.68e-06	2.53e-04	8.06e-02	4.45e-01	4.75e-01	0.00e+00	0.00e+00	0.00e+00
 1.02868e+21	5.91e-22	3.15e-16	7.56e-12	1.45e-08	4.03e-06	2.71e-04	8.37e-02	4.49e-01	4.67e-01	0.00e+00	0.00e+00	0.00e+00
 1.07575e+21	7.09e-22	3.69e-16	8.66e-12	1.63e-08	4.42e-06	2.88e-04	8.69e-02	4.54e-01	4.59e-01	0.00e+00	0.00e+00	0.00e+00
 1.13694e+21	9.00e-22	4.53e-16	1.03e-11	1.89e-08	4.97e-06	3.14e-04	9.13e-02	4.60e-01	4.49e-01	0.00e+00	0.00e+00	0.00e+00
 1.20145e+21	1.15e-21	5.61e-16	1.24e-11	2.21e-08	5.62e-06	3.42e-04	9.59e-02	4.65e-01	4.38e-01	0.00e+00	0.00e+00	0.00e+00
 1.25549e+21	1.40e-21	6.66e-16	1.44e-11	2.49e-08	6.19e-06	3.67e-04	9.98e-02	4.70e-01	4.30e-01	0.00e+00	0.00e+00	0.00e+00
 1.31092e+21	1.71e-21	7.91e-16	1.67e-11	2.82e-08	6.83e-06	3.93e-04	1.04e-01	4.75e-01	4.21e-01	0.00e+00	0.00e+00	0.00e+00
 1.38298e+21	2.21e-21	9.88e-16	2.02e-11	3.31e-08	7.74e-06	4.29e-04	1.09e-01	4.80e-01	4.10e-01	0.00e+00	0.00e+00	0.00e+00
 1.45935e+21	2.89e-21	1.25e-15	2.46e-11	3.90e-08	8.83e-06	4.71e-04	1.15e-01	4.86e-01	3.99e-01	0.00e+00	0.00e+00	0.00e+00
 1.52422e+21	3.60e-21	1.51e-15	2.90e-11	4.47e-08	9.84e-06	5.08e-04	1.20e-01	4.90e-01	3.89e-01	0.00e+00	0.00e+00	0.00e+00
 1.58062e+21	4.35e-21	1.78e-15	3.34e-11	5.03e-08	1.08e-05	5.43e-04	1.24e-01	4.94e-01	3.81e-01	0.00e+00	0.00e+00	0.00e+00
 1.64314e+21	5.34e-21	2.13e-15	3.89e-11	5.72e-08	1.19e-05	5.82e-04	1.29e-01	4.98e-01	3.72e-01	0.00e+00	0.00e+00	0.00e+00
 1.72442e+21	6.95e-21	2.67e-15	4.73e-11	6.72e-08	1.36e-05	6.37e-04	1.36e-01	5.02e-01	3.61e-01	0.00e+00	0.00e+00	0.00e+00
 1.80888e+21	9.11e-21	3.38e-15	5.78e-11	7.95e-08	1.55e-05	6.99e-04	1.43e-01	5.07e-01	3.49e-01	0.00e+00	0.00e+00	0.00e+00
 1.87861e+21	1.13e-20	4.07e-15	6.79e-11	9.09e-08	1.72e-05	7.53e-04	1.49e-01	5.10e-01	3.40e-01	0.00e+00	0.00e+00	0.00e+00
 1.95040e+21	1.41e-20	4.93e-15	8.00e-11	1.04e-07	1.92e-05	8.12e-04	1.55e-01	5.13e-01	3.31e-01	0.00e+00	0.00e+00	0.00e+00
 2.04373e+21	1.86e-20	6.28e-15	9.84e-11	1.24e-07	2.20e-05	8.93e-04	1.63e-01	5.17e-01	3.19e-01	0.00e+00	0.00e+00	0.00e+00
 2.14168e+21	2.49e-20	8.08e-15	1.22e-10	1.48e-07	2.54e-05	9.87e-04	1.72e-01	5.20e-01	3.06e-01	0.00e+00	0.00e+00	0.00e+00
 2.22283e+21	3.15e-20	9.90e-15	1.46e-10	1.72e-07	2.86e-05	1.07e-03	1.80e-01	5.23e-01	2.97e-01	0.00e+00	0.00e+00	0.00e+00
 2.30552e+21	3.98e-20	1.21e-14	1.73e-10	1.99e-07	3.20e-05	1.16e-03	1.87e-01	5.25e-01	2.87e-01	0.00e+00	0.00e+00	0.00e+00
 2.41302e+21	5.35e-20	1.57e-14	2.16e-10	2.39e-07	3.71e-05	1.28e-03	1.97e-01	5.27e-01	2.74e-01	0.00e+00	0.00e+00	0.00e+00
 2.52476e+21	7.26e-20	2.04e-14	2.71e-10	2.89e-07	4.32e-05	1.43e-03	2.08e-01	5.29e-01	2.62e-01	0.00e+00	0.00e+00	0.00e+00
 2.61596e+21	9.23e-20	2.51e-14	3.25e-10	3.37e-07	4.87e-05	1.55e-03	2.17e-01	5.30e-01	2.52e-01	0.00e+00	0.00e+00	0.00e+00
 2.70846e+21	1.17e-19	3.09e-14	3.87e-10	3.90e-07	5.48e-05	1.68e-03	2.26e-01	5.30e-01	2.42e-01	0.00e+00	0.00e+00	0.00e+00
 2.81068e+21	1.52e-19	3.87e-14	4.71e-10	4.61e-07	6.26e-05	1.84e-03	2.37e-01	5.30e-01	2.31e-01	0.00e+00	0.00e+00	0.00e+00
 2.90180e+21	1.90e-19	4.70e-14	5.58e-10	5.32e-07	7.02e-05	1.99e-03	2.46e-01	5.30e-01	2.22e-01	0.00e+00	0.00e+00	0.00e+00
 2.98231e+21	2.30e-19	5.57e-14	6.46e-10	6.01e-07	7.75e-05	2.13e-03	2.54e-01	5.29e-01	2.14e-01	0.00e+00	0.00e+00	0.00e+00
 3.07273e+21	2.85e-19	6.70e-14	7.58e-10	6.89e-07	8.65e-05	2.30e-03	2.64e-01	5.28e-01	2.06e-01	0.00e+00	0.00e+00	0.00e+00
 3.19027e+21	3.74e-19	8.48e-14	9.32e-10	8.21e-07	9.95e-05	2.54e-03	2.76e-01	5.26e-01	1.95e-01	0.00e+00	0.00e+00	0.00e+00
 3.30963e+21	4.90e-19	1.07e-13	1.14e-09	9.79e-07	1.15e-04	2.80e-03	2.89e-01	5.23e-01	1.85e-01	0.00e+00	0.00e+00	0.00e+00
 3.40309e+21	6.00e-19	1.28e-13	1.34e-09	1.12e-06	1.28e-04	3.01e-03	2.99e-01	5.21e-01	1.77e-01	0.00e+00	0.00e+00	0.00e+00
 3.49628e+21	7.30e-19	1.52e-13	1.55e-09	1.27e-06	1.42e-04	3.23e-03	3.09e-01	5.18e-01	1.70e-01	0.00e+00	0.00e+00	0.00e+00
 3.61743e+21	9.38e-19	1.89e-13	1.88e-09	1.50e-06	1.62e-04	3.55e-03	3.22e-01	5.14e-01	1.60e-01	0.00e+00	0.00e+00	0.00e+00
 3.74616e+21	1.21e-18	2.37e-13	2.30e-09	1.78e-06	1.87e-04	3.91e-03	3.36e-01	5.09e-01	1.51e-01	0.00e+00	0.00e+00	0.00e+00
 3.85585e+21	1.50e-18	2.86e-13	2.71e-09	2.05e-06	2.09e-04	4.23e-03	3.48e-01	5.04e-01	1.43e-01	0.00e+00	0.00e+00	0.00e+00
 3.96957e+21	1.85e-18	3.44e-13	3.19e-09	2.36e-06	2.35e-04	4.59e-03	3.60e-01	4.99e-01	1.35e-01	0.00e+00	0.00e+00	0.00e+00
 4.11741e+21	2.42e-18	4.34e-13	3.93e-09	2.83e-06	2.73e-04	5.08e-03	3.76e-01	4.92e-01	1.26e-01	0.00e+00	0.00e+00	0.00e+00
 4.27035e+21	3.15e-18	5.48e-13	4.85e-09	3.40e-06	3.18e-04	5.65e-03	3.93e-01	4.84e-01	1.17e-01	0.00e+00	0.00e+00	0.00e+00
 4.39346e+21	3.86e-18	6.56e-13	5.70e-09	3.92e-06	3.57e-04	6.12e-03	4.06e-01	4.78e-01	1.10e-01	0.00e+00	0.00e+00	0.00e+00
 4.51703e+21	4.70e-18	7.80e-13	6.65e-09	4.49e-06	3.99e-04	6.62e-03	4.19e-01	4.71e-01	1.04e-01	0.00e+00	0.00e+00	0.00e+00
 4.67767e+21	6.00e-18	9.69e-13	8.11e-09	5.35e-06	4.62e-04	7.32e-03	4.35e-01	4.61e-01	9.58e-02	0.00e+00	0.00e+00	0.00e+00
 4.84634e+21	7.66e-18	1.21e-12	9.89e-09	6.39e-06	5.35e-04	8.12e-03	4.52e-01	4.51e-01	8.82e-02	0.00e+00	0.00e+00	0.00e+00
 4.97718e+21	9.20e-18	1.42e-12	1.15e-08	7.30e-06	5.97e-04	8.76e-03	4.65e-01	4.43e-01	8.27e-02	0.00e+00	0.00e+00	0.00e+00
 5.08111e+21	1.06e-17	1.61e-12	1.29e-08	8.07e-06	6.49e-04	9.28e-03	4.75e-01	4.36e-01	7.87e-02	0.00e+00	0.00e+00	0.00e+00
 5.19831e+21	1.23e-17	1.84e-12	1.46e-08	9.02e-06	7.12e-04	9.91e-03	4.86e-01	4.29e-01	7.43e-02	0.00e+00	0.00e+00	0.00e+00
 5.35068e+21	1.48e-17	2.18e-12	1.70e-08	1.04e-05	8.02e-04	1.08e-02	5.00e-01	4.19e-01	6.90e-02	0.00e+00	0.00e+00	0.00e+00
 5.51017e+21	1.79e-17	2.58e-12	2.00e-08	1.20e-05	9.05e-04	1.17e-02	5.15e-01	4.09e-01	6.38e-02	0.00e+00	0.00e+00	0.00e+00
 5.64201e+21	2.08e-17	2.96e-12	2.27e-08	1.35e-05	9.95e-04	1.25e-02	5.26e-01	4.01e-01	5.99e-02	0.00e+00	0.00e+00	0.00e+00
 5.77647e+21	2.40e-17	3.37e-12	2.57e-08	1.51e-05	1.09e-03	1.34e-02	5.37e-01	3.92e-01	5.62e-02	2.40e-17	7.49e-23	8.11e-23
 5.95128e+21	2.88e-17	3.98e-12	3.00e-08	1.74e-05	1.23e-03	1.46e-02	5.52e-01	3.81e-01	5.17e-02	2.88e-17	7.88e-22	9.41e-22
 6.13199e+21	3.44e-17	4.69e-12	3.51e-08	2.01e-05	1.39e-03	1.59e-02	5.66e-01	3.69e-01	4.74e-02	3.44e-17	9.03e-22	1.08e-21
 6.27857e+21	3.96e-17	5.34e-12	3.97e-08	2.25e-05	1.52e-03	1.70e-02	5.77e-01	3.61e-01	4.43e-02	3.96e-17	1.01e-21	1.21e-21
 6.42733e+21	4.54e-17	6.04e-12	4.47e-08	2.51e-05	1.67e-03	1.81e-02	5.87e-01	3.52e-01	4.14e-02	4.54e-17	1.13e-21	1.35e-21
 6.62071e+21	5.36e-17	7.06e-12	5.19e-08	2.88e-05	1.87e-03	1.96e-02	6.01e-01	3.40e-01	3.78e-02	5.36e-17	1.29e-21	1.54e-21
 6.82372e+21	6.35e-17	8.27e-12	6.05e-08	3.32e-05	2.10e-03	2.13e-02	6.14e-01	3.28e-01	3.45e-02	6.35e-17	1.46e-21	1.75e-21
 6.99375e+21	7.30e-17	9.41e-12	6.85e-08	3.72e-05	2.30e-03	2.28e-02	6.24e-01	3.19e-01	3.20e-02	7.29e-17	1.63e-21	1.95e-21
 7.16929e+21	8.34e-17	1.07e-11	7.74e-08	4.17e-05	2.53e-03	2.44e-02	6.34e-01	3.09e-01	2.96e-02	8.34e-17	1.82e-21	2.17e-21
 7.39749e+21	9.83e-17	1.25e-11	9.03e-08	4.82e-05	2.84e-03	2.65e-02	6.47e-01	2.97e-01	2.68e-02	9.83e-17	2.06e-21	2.46e-21
 7.63689e+21	1.16e-16	1.46e-11	1.06e-07	5.59e-05	3.20e-03	2.89e-02	6.59e-01	2.84e-01	2.42e-02	1.16e-16	2.33e-21	2.78e-21
 7.83867e+21	1.34e-16	1.67e-11	1.20e-07	6.30e-05	3.51e-03	3.09e-02	6.69e-01	2.75e-01	2.22e-02	1.34e-16	2.59e-21	3.09e-21
 8.01083e+21	1.50e-16	1.86e-11	1.34e-07	6.95e-05	3.80e-03	3.27e-02	6.76e-01	2.66e-01	2.06e-02	1.50e-16	2.83e-21	3.38e-21
 8.19665e+21	1.69e-16	2.08e-11	1.50e-07	7.71e-05	4.12e-03	3.46e-02	6.84e-01	2.58e-01	1.91e-02	1.68e-16	3.10e-21	3.70e-21
 8.43821e+21	1.95e-16	2.40e-11	1.72e-07	8.79e-05	4.57e-03	3.73e-02	6.94e-01	2.47e-01	1.73e-02	1.95e-16	3.45e-21	4.13e-21
 8.68614e+21	2.26e-16	2.76e-11	1.98e-07	1.00e-04	5.06e-03	4.01e-02	7.03e-01	2.36e-01	1.57e-02	2.26e-16	3.82e-21	4.57e-21
 8.88444e+21	2.54e-16	3.09e-11	2.22e-07	1.11e-04	5.47e-03	4.24e-02	7.09e-01	2.28e-01	1.45e-02	2.54e-16	4.18e-21	4.99e-21
 9.08432e+21	2.83e-16	3.44e-11	2.47e-07	1.23e-04	5.89e-03	4.48e-02	7.15e-01	2.21e-01	1.34e-02	2.83e-16	4.56e-21	5.45e-21
 9.34417e+21	3.25e-16	3.94e-11	2.83e-07	1.39e-04	6.49e-03	4.79e-02	7.22e-01	2.11e-01	1.21e-02	3.25e-16	5.04e-21	6.03e-21
 9.61741e+21	3.75e-16	4.54e-11	3.25e-07	1.58e-04	7.15e-03	5.13e-02	7.29e-01	2.01e-01	1.09e-02	3.75e-16	5.57e-21	6.66e-21
 9.84599e+21	4.23e-16	5.11e-11	3.65e-07	1.76e-04	7.72e-03	5.42e-02	7.34e-01	1.94e-01	1.01e-02	4.23e-16	6.08e-21	7.27e-21
 1.00811e+22	4.75e-16	5.72e-11	4.09e-07	1.95e-04	8.34e-03	5.73e-02	7.39e-01	1.86e-01	9.23e-03	4.75e-16	6.66e-21	7.97e-21
 1.03867e+22	5.48e-16	6.61e-11	4.73e-07	2.23e-04	9.19e-03	6.13e-02	7.44e-01	1.77e-01	8.27e-03	5.48e-16	7.40e-21	8.86e-21
 1.07037e+22	6.37e-16	7.68e-11	5.49e-07	2.55e-04	1.01e-02	6.56e-02	7.49e-01	1.68e-01	7.39e-03	6.37e-16	8.20e-21	9.82e-21
 1.09641e+22	7.20e-16	8.66e-11	6.19e-07	2.83e-04	1.09e-02	6.92e-02	7.52e-01	1.61e-01	6.75e-03	7.20e-16	8.97e-21	1.07e-20
 1.12309e+22	8.09e-16	9.75e-11	6.96e-07	3.15e-04	1.18e-02	7.29e-02	7.55e-01	1.54e-01	6.17e-03	8.09e-16	9.84e-21	1.18e-20
 1.15777e+22	9.38e-16	1.13e-10	8.09e-07	3.60e-04	1.29e-02	7.79e-02	7.58e-01	1.45e-01	5.49e-03	9.38e-16	1.10e-20	1.31e-20
 1.19435e+22	1.10e-15	1.33e-10	9.45e-07	4.14e-04	1.42e-02	8.33e-02	7.60e-01	1.37e-01	4.86e-03	1.10e-15	1.22e-20	1.46e-20
 1.22506e+22	1.25e-15	1.51e-10	1.07e-06	4.63e-04	1.54e-02	8.79e-02	7.61e-01	1.30e-01	4.40e-03	1.25e-15	1.34e-20	1.61e-20
 1.25666e+22	1.42e-15	1.72e-10	1.22e-06	5.17e-04	1.66e-02	9.26e-02	7.62e-01	1.24e-01	3.98e-03	1.42e-15	1.48e-20	1.78e-20
 1.29773e+22	1.66e-15	2.03e-10	1.44e-06	5.96e-04	1.83e-02	9.89e-02	7.62e-01	1.16e-01	3.50e-03	1.66e-15	1.67e-20	2.01e-20
 1.34044e+22	1.97e-15	2.40e-10	1.70e-06	6.88e-04	2.01e-02	1.06e-01	7.62e-01	1.09e-01	3.07e-03	1.97e-15	1.88e-20	2.25e-20
 1.37533e+22	2.23e-15	2.74e-10	1.94e-06	7.70e-04	2.17e-02	1.11e-01	7.60e-01	1.03e-01	2.76e-03	2.23e-15	2.06e-20	2.47e-20
 1.41073e+22	2.57e-15	3.16e-10	2.21e-06	8.60e-04	2.34e-02	1.17e-01	7.59e-01	9.79e-02	2.49e-03	2.57e-15	2.31e-20	2.77e-20
 1.45676e+22	3.03e-15	3.75e-10	2.62e-06	9.91e-04	2.56e-02	1.24e-01	7.56e-01	9.14e-02	2.18e-03	3.03e-15	2.63e-20	3.15e-20
 1.50047e+22	3.56e-15	4.42e-10	3.07e-06	1.13e-03	2.79e-02	1.31e-01	7.52e-01	8.57e-02	1.92e-03	3.56e-15	2.93e-20	3.52e-20
 1.53058e+22	3.97e-15	4.94e-10	3.41e-06	1.23e-03	2.95e-02	1.36e-01	7.49e-01	8.20e-02	1.77e-03	3.97e-15	3.20e-20	3.84e-20
 1.55912e+22	4.39e-15	5.47e-10	3.77e-06	1.33e-03	3.10e-02	1.41e-01	7.46e-01	7.87e-02	1.64e-03	4.39e-15	3.48e-20	4.17e-20
 1.59622e+22	4.98e-15	6.25e-10	4.28e-06	1.48e-03	3.32e-02	1.47e-01	7.42e-01	7.46e-02	1.48e-03	4.98e-15	3.85e-20	4.61e-20
 1.64446e+22	5.87e-15	7.42e-10	5.04e-06	1.68e-03	3.60e-02	1.55e-01	7.36e-01	6.96e-02	1.30e-03	5.87e-15	4.38e-20	5.24e-20
 1.69314e+22	6.93e-15	8.79e-10	5.92e-06	1.91e-03	3.90e-02	1.63e-01	7.30e-01	6.50e-02	1.14e-03	6.93e-15	4.96e-20	5.92e-20
 1.73108e+22	7.87e-15	1.00e-09	6.69e-06	2.11e-03	4.14e-02	1.70e-01	7.24e-01	6.17e-02	1.04e-03	7.87e-15	5.49e-20	6.55e-20
 1.76907e+22	8.92e-15	1.14e-09	7.55e-06	2.32e-03	4.39e-02	1.76e-01	7.18e-01	5.85e-02	9.41e-04	8.92e-15	6.11e-20	7.29e-20
 1.81845e+22	1.05e-14	1.34e-09	8.82e-06	2.61e-03	4.73e-02	1.84e-01	7.10e-01	5.47e-02	8.32e-04	1.05e-14	6.96e-20	8.29e-20
 1.87204e+22	1.25e-14	1.60e-09	1.04e-05	2.96e-03	5.12e-02	1.93e-01	7.01e-01	5.09e-02	7.29e-04	1.25e-14	7.96e-20	9.48e-20
 1.91976e+22	1.46e-14	1.88e-09	1.20e-05	3.31e-03	5.47e-02	2.01e-01	6.93e-01	4.77e-02	6.49e-04	1.46e-14	9.04e-20	1.08e-19
 1.97050e+22	1.72e-14	2.22e-09	1.40e-05	3.71e-03	5.87e-02	2.09e-01	6.83e-01	4.46e-02	5.76e-04	1.72e-14	1.04e-19	1.24e-19
 2.03645e+22	2.13e-14	2.76e-09	1.69e-05	4.28e-03	6.40e-02	2.20e-01	6.71e-01	4.10e-02	4.94e-04	2.13e-14	1.25e-19	1.48e-19
 2.10344e+22	2.64e-14	3.42e-09	2.04e-05	4.92e-03	6.96e-02	2.30e-01	6.57e-01	3.75e-02	4.24e-04	2.64e-14	1.48e-19	1.75e-19
 2.15625e+22	3.11e-14	4.03e-09	2.36e-05	5.47e-03	7.42e-02	2.38e-01	6.47e-01	3.51e-02	3.76e-04	3.11e-14	1.71e-19	2.02e-19
 2.20937e+22	3.68e-14	4.75e-09	2.73e-05	6.07e-03	7.89e-02	2.46e-01	6.35e-01	3.28e-02	3.35e-04	3.68e-14	1.98e-19	2.34e-19
 2.27843e+22	4.57e-14	5.87e-09	3.27e-05	6.93e-03	8.53e-02	2.56e-01	6.21e-01	3.01e-02	2.89e-04	4.57e-14	2.38e-19	2.81e-19
 2.35260e+22	5.71e-14	7.31e-09	3.96e-05	7.94e-03	9.24e-02	2.67e-01	6.05e-01	2.74e-02	2.46e-04	5.71e-14	2.86e-19	3.38e-19
 2.41717e+22	6.92e-14	8.82e-09	4.65e-05	8.90e-03	9.87e-02	2.76e-01	5.91e-01	2.53e-02	2.15e-04	6.92e-14	3.38e-19	3.98e-19
 2.48489e+22	8.46e-14	1.07e-08	5.48e-05	9.99e-03	1.06e-01	2.85e-01	5.76e-01	2.33e-02	1.87e-04	8.46e-14	4.04e-19	4.76e-19
 2.55518e+22	1.03e-13	1.30e-08	6.48e-05	1.12e-02	1.13e-01	2.94e-01	5.60e-01	2.14e-02	1.62e-04	1.03e-13	4.79e-19	5.63e-19
 2.61243e+22	1.22e-13	1.52e-08	7.38e-05	1.23e-02	1.19e-01	3.01e-01	5.48e-01	2.00e-02	1.45e-04	1.22e-13	5.52e-19	6.49e-19
 2.67050e+22	1.44e-13	1.77e-08	8.42e-05	1.35e-02	1.25e-01	3.07e-01	5.35e-01	1.87e-02	1.29e-04	1.44e-13	6.42e-19	7.54e-19
 2.74599e+22	1.78e-13	2.16e-08	9.94e-05	1.51e-02	1.33e-01	3.16e-01	5.19e-01	1.71e-02	1.12e-04	1.78e-13	7.72e-19	9.06e-19
 2.82482e+22	2.20e-13	2.64e-08	1.18e-04	1.69e-02	1.42e-01	3.24e-01	5.01e-01	1.56e-02	9.61e-05	2.20e-13	9.28e-19	1.09e-18
 2.89090e+22	2.63e-13	3.11e-08	1.35e-04	1.86e-02	1.50e-01	3.30e-01	4.87e-01	1.44e-02	8.48e-05	2.63e-13	1.08e-18	1.27e-18
 2.95973e+22	3.15e-13	3.68e-08	1.55e-04	2.04e-02	1.58e-01	3.36e-01	4.72e-01	1.33e-02	7.47e-05	3.15e-13	1.28e-18	1.50e-18
 3.04921e+22	3.97e-13	4.55e-08	1.85e-04	2.30e-02	1.68e-01	3.43e-01	4.53e-01	1.20e-02	6.35e-05	3.97e-13	1.57e-18	1.84e-18
 3.14267e+22	5.03e-13	5.64e-08	2.22e-04	2.59e-02	1.79e-01	3.50e-01	4.34e-01	1.08e-02	5.35e-05	5.03e-13	1.93e-18	2.25e-18
 3.21949e+22	6.07e-13	6.68e-08	2.56e-04	2.85e-02	1.88e-01	3.55e-01	4.18e-01	9.88e-03	4.66e-05	6.07e-13	2.28e-18	2.66e-18
 3.29756e+22	7.34e-13	7.92e-08	2.95e-04	3.13e-02	1.97e-01	3.60e-01	4.02e-01	9.05e-03	4.07e-05	7.34e-13	2.71e-18	3.16e-18
 3.39905e+22	9.35e-13	9.84e-08	3.53e-04	3.51e-02	2.09e-01	3.65e-01	3.82e-01	8.08e-03	3.41e-05	9.35e-13	3.37e-18	3.92e-18
 3.50568e+22	1.20e-12	1.22e-07	4.24e-04	3.95e-02	2.22e-01	3.69e-01	3.62e-01	7.16e-03	2.84e-05	1.20e-12	4.18e-18	4.87e-18
 3.59446e+22	1.46e-12	1.45e-07	4.90e-04	4.34e-02	2.33e-01	3.72e-01	3.45e-01	6.48e-03	2.44e-05	1.46e-12	4.99e-18	5.81e-18
 3.68533e+22	1.78e-12	1.73e-07	5.68e-04	4.76e-02	2.43e-01	3.73e-01	3.29e-01	5.86e-03	2.10e-05	1.78e-12	6.01e-18	6.99e-18
 3.80347e+22	2.30e-12	2.16e-07	6.82e-04	5.34e-02	2.57e-01	3.75e-01	3.09e-01	5.16e-03	1.73e-05	2.30e-12	7.56e-18	8.79e-18
 3.92798e+22	2.99e-12	2.71e-07	8.25e-04	6.01e-02	2.72e-01	3.75e-01	2.88e-01	4.48e-03	1.41e-05	2.99e-12	9.54e-18	1.11e-17
 4.03177e+22	3.68e-12	3.23e-07	9.60e-04	6.59e-02	2.83e-01	3.74e-01	2.71e-01	4.00e-03	1.19e-05	3.68e-12	1.15e-17	1.34e-17
 4.13768e+22	4.56e-12	3.88e-07	1.12e-03	7.23e-02	2.95e-01	3.73e-01	2.55e-01	3.56e-03	1.01e-05	4.56e-12	1.40e-17	1.63e-17
 4.27535e+22	6.00e-12	4.89e-07	1.35e-03	8.11e-02	3.09e-01	3.69e-01	2.36e-01	3.07e-03	8.10e-06	6.00e-12	1.80e-17	2.09e-17
 4.41748e+22	7.82e-12	6.11e-07	1.64e-03	9.08e-02	3.24e-01	3.65e-01	2.16e-01	2.62e-03	6.47e-06	7.82e-12	2.28e-17	2.64e-17
 4.53565e+22	9.68e-12	7.30e-07	1.91e-03	9.94e-02	3.35e-01	3.60e-01	2.01e-01	2.31e-03	5.39e-06	9.68e-12	2.77e-17	3.21e-17
 4.65949e+22	1.22e-11	8.82e-07	2.23e-03	1.09e-01	3.47e-01	3.54e-01	1.86e-01	2.02e-03	4.46e-06	1.22e-11	3.42e-17	3.96e-17
 4.82049e+22	1.62e-11	1.12e-06	2.72e-03	1.22e-01	3.60e-01	3.45e-01	1.68e-01	1.70e-03	3.51e-06	1.62e-11	4.43e-17	5.14e-17
 4.98356e+22	2.14e-11	1.41e-06	3.32e-03	1.36e-01	3.73e-01	3.35e-01	1.51e-01	1.42e-03	2.73e-06	2.14e-11	5.71e-17	6.62e-17
 5.10704e+22	2.62e-11	1.66e-06	3.84e-03	1.47e-01	3.82e-01	3.27e-01	1.39e-01	1.24e-03	2.27e-06	2.62e-11	6.86e-17	7.96e-17
 5.22527e+22	3.20e-11	1.96e-06	4.41e-03	1.58e-01	3.89e-01	3.18e-01	1.29e-01	1.09e-03	1.90e-06	3.20e-11	8.27e-17	9.60e-17
 5.37896e+22	4.15e-11	2.42e-06	5.26e-03	1.74e-01	3.98e-01	3.06e-01	1.16e-01	9.24e-04	1.52e-06	4.15e-11	1.05e-16	1.22e-16
 5.53237e+22	5.29e-11	2.95e-06	6.25e-03	1.90e-01	4.05e-01	2.94e-01	1.04e-01	7.81e-04	1.21e-06	5.29e-11	1.31e-16	1.52e-16
 5.66010e+22	6.46e-11	3.48e-06	7.20e-03	2.03e-01	4.10e-01	2.83e-01	9.53e-02	6.80e-04	1.01e-06	6.46e-11	1.57e-16	1.83e-16
 5.80083e+22	8.12e-11	4.20e-06	8.41e-03	2.19e-01	4.14e-01	2.71e-01	8.62e-02	5.84e-04	8.22e-07	8.12e-11	1.94e-16	2.26e-16
 5.95406e+22	1.03e-10	5.11e-06	9.96e-03	2.37e-01	4.18e-01	2.58e-01	7.71e-02	4.94e-04	0.00e+00	1.03e-10	2.42e-16	2.81e-16
 6.09058e+22	1.27e-10	6.08e-06	1.16e-02	2.54e-01	4.19e-01	2.45e-01	6.96e-02	4.25e-04	0.00e+00	1.27e-10	2.95e-16	3.42e-16
 6.21405e+22	1.53e-10	7.09e-06	1.32e-02	2.69e-01	4.19e-01	2.34e-01	6.35e-02	3.73e-04	0.00e+00	1.53e-10	3.50e-16	4.06e-16
 6.35351e+22	1.94e-10	8.59e-06	1.54e-02	2.88e-01	4.18e-01	2.22e-01	5.70e-02	3.19e-04	0.00e+00	1.94e-10	4.35e-16	5.05e-16
 6.50542e+22	2.44e-10	1.04e-05	1.82e-02	3.08e-01	4.15e-01	2.08e-01	5.06e-02	2.70e-04	0.00e+00	2.44e-10	5.37e-16	6.24e-16
 6.63880e+22	3.01e-10	1.24e-05	2.12e-02	3.26e-01	4.11e-01	1.96e-01	4.55e-02	2.33e-04	0.00e+00	3.01e-10	6.54e-16	7.60e-16
 6.75547e+22	3.66e-10	1.46e-05	2.42e-02	3.43e-01	4.07e-01	1.85e-01	4.14e-02	2.04e-04	0.00e+00	3.66e-10	7.86e-16	9.13e-16
 6.88514e+22	4.51e-10	1.74e-05	2.81e-02	3.61e-01	4.00e-01	1.73e-01	3.71e-02	1.77e-04	0.00e+00	4.51e-10	9.57e-16	1.11e-15
 7.02494e+22	5.74e-10	2.14e-05	3.31e-02	3.82e-01	3.91e-01	1.60e-01	3.29e-02	1.50e-04	0.00e+00	5.74e-10	1.20e-15	1.39e-15
 7.14491e+22	7.03e-10	2.54e-05	3.83e-02	4.00e-01	3.83e-01	1.50e-01	2.95e-02	1.31e-04	0.00e+00	7.03e-10	1.45e-15	1.69e-15
 7.24751e+22	8.41e-10	2.97e-05	4.36e-02	4.15e-01	3.74e-01	1.40e-01	2.69e-02	1.16e-04	0.00e+00	8.41e-10	1.72e-15	2.00e-15
 7.36052e+22	9.88e-10	3.42e-05	5.03e-02	4.32e-01	3.63e-01	1.30e-01	2.41e-02	1.01e-04	0.00e+00	9.88e-10	2.00e-15	2.32e-15
 7.48456e+22	1.31e-09	4.33e-05	5.93e-02	4.51e-01	3.49e-01	1.19e-01	2.13e-02	8.67e-05	0.00e+00	1.31e-09	2.61e-15	3.03e-15
 7.59292e+22	1.60e-09	5.18e-05	6.88e-02	4.66e-01	3.36e-01	1.10e-01	1.91e-02	7.56e-05	0.00e+00	1.60e-09	3.18e-15	3.69e-15
 7.68376e+22	1.91e-09	6.04e-05	7.85e-02	4.79e-01	3.23e-01	1.02e-01	1.72e-02	6.69e-05	0.00e+00	1.91e-09	3.75e-15	4.35e-15
 7.78185e+22	2.24e-09	6.99e-05	9.04e-02	4.93e-01	3.08e-01	9.30e-02	1.54e-02	5.84e-05	0.00e+00	2.24e-09	4.38e-15	5.08e-15
 7.88879e+22	2.95e-09	8.87e-05	1.06e-01	5.05e-01	2.91e-01	8.37e-02	1.35e-02	5.02e-05	0.00e+00	2.95e-09	5.71e-15	6.62e-15
 7.98085e+22	3.61e-09	1.06e-04	1.23e-01	5.15e-01	2.74e-01	7.56e-02	1.19e-02	4.36e-05	0.00e+00	3.61e-09	6.93e-15	8.04e-15
 8.05669e+22	4.13e-09	1.20e-04	1.40e-01	5.22e-01	2.58e-01	6.89e-02	1.06e-02	3.84e-05	0.00e+00	4.13e-09	7.88e-15	9.13e-15
 8.13781e+22	5.24e-09	1.48e-04	1.60e-01	5.27e-01	2.41e-01	6.19e-02	9.38e-03	3.34e-05	0.00e+00	5.24e-09	9.92e-15	1.15e-14
 8.22576e+22	6.48e-09	1.78e-04	1.87e-01	5.30e-01	2.21e-01	5.44e-02	8.07e-03	2.83e-05	0.00e+00	6.48e-09	1.22e-14	1.41e-14
 8.30146e+22	7.82e-09	2.11e-04	2.14e-01	5.29e-01	2.02e-01	4.80e-02	6.99e-03	2.42e-05	0.00e+00	7.82e-09	1.46e-14	1.69e-14
 8.36462e+22	9.15e-09	2.43e-04	2.40e-01	5.25e-01	1.85e-01	4.27e-02	6.12e-03	2.10e-05	0.00e+00	9.15e-09	1.70e-14	1.97e-14
 8.43258e+22	1.09e-08	2.85e-04	2.71e-01	5.19e-01	1.67e-01	3.73e-02	5.26e-03	1.78e-05	0.00e+00	1.09e-08	2.03e-14	2.35e-14
 8.50672e+22	1.33e-08	3.38e-04	3.10e-01	5.07e-01	1.47e-01	3.16e-02	4.36e-03	1.46e-05	0.00e+00	1.33e-08	2.44e-14	2.83e-14
 8.57120e+22	1.57e-08	3.92e-04	3.48e-01	4.92e-01	1.29e-01	2.69e-02	3.65e-03	1.21e-05	0.00e+00	1.57e-08	2.87e-14	3.33e-14
 8.62551e+22	1.80e-08	4.44e-04	3.82e-01	4.77e-01	1.15e-01	2.32e-02	3.09e-03	1.02e-05	0.00e+00	1.80e-08	3.28e-14	3.81e-14
 8.68433e+22	2.09e-08	5.05e-04	4.21e-01	4.57e-01	9.94e-02	1.96e-02	2.56e-03	8.31e-06	0.00e+00	2.09e-08	3.79e-14	4.40e-14
 8.74970e+22	2.45e-08	5.79e-04	4.66e-01	4.32e-01	8.36e-02	1.60e-02	2.04e-03	6.54e-06	0.00e+00	2.45e-08	4.42e-14	5.13e-14
 8.80914e+22	2.81e-08	6.52e-04	5.09e-01	4.06e-01	7.03e-02	1.32e-02	1.63e-03	5.18e-06	0.00e+00	2.81e-08	5.06e-14	5.87e-14
 8.86187e+22	3.17e-08	7.20e-04	5.46e-01	3.81e-01	5.98e-02	1.10e-02	1.33e-03	4.16e-06	0.00e+00	3.17e-08	5.67e-14	6.59e-14
 8.92031e+22	3.59e-08	7.98e-04	5.86e-01	3.53e-01	4.96e-02	8.99e-03	1.05e-03	3.24e-06	0.00e+00	3.59e-08	6.40e-14	7.44e-14
 8.98480e+22	4.08e-08	8.85e-04	6.28e-01	3.23e-01	4.02e-02	7.18e-03	8.07e-04	2.45e-06	0.00e+00	4.08e-08	7.24e-14	8.42e-14
 9.04260e+22	4.55e-08	9.63e-04	6.63e-01	2.96e-01	3.32e-02	5.88e-03	6.36e-04	1.90e-06	0.00e+00	4.55e-08	8.03e-14	9.36e-14
 9.09441e+22	4.99e-08	1.03e-03	6.92e-01	2.73e-01	2.81e-02	4.94e-03	5.15e-04	1.51e-06	0.00e+00	4.99e-08	8.76e-14	1.02e-13
 9.15299e+22	5.50e-08	1.11e-03	7.22e-01	2.49e-01	2.33e-02	4.08e-03	4.08e-04	1.17e-06	0.00e+00	5.50e-08	9.62e-14	1.12e-13
 9.22915e+22	6.19e-08	1.21e-03	7.56e-01	2.20e-01	1.86e-02	3.24e-03	3.06e-04	8.55e-07	0.00e+00	6.19e-08	1.08e-13	1.26e-13
 9.30830e+22	6.92e-08	1.30e-03	7.86e-01	1.95e-01	1.50e-02	2.60e-03	2.31e-04	0.00e+00	0.00e+00	6.92e-08	1.19e-13	1.40e-13
 9.37608e+22	7.57e-08	1.38e-03	8.07e-01	1.76e-01	1.27e-02	2.19e-03	1.85e-04	0.00e+00	0.00e+00	7.57e-08	1.30e-13	1.52e-13
 9.44609e+22	8.25e-08	1.46e-03	8.27e-01	1.59e-01	1.09e-02	1.86e-03	1.49e-04	0.00e+00	0.00e+00	8.25e-08	1.41e-13	1.65e-13
 9.52064e+22	8.97e-08	1.54e-03	8.44e-01	1.44e-01	9.46e-03	1.58e-03	1.21e-04	0.00e+00	0.00e+00	8.97e-08	1.52e-13	1.79e-13
 9.59230e+22	9.69e-08	1.61e-03	8.58e-01	1.31e-01	8.38e-03	1.38e-03	1.01e-04	0.00e+00	0.00e+00	9.69e-08	1.63e-13	1.92e-13
 9.67211e+22	1.05e-07	1.69e-03	8.71e-01	1.18e-01	7.43e-03	1.19e-03	8.39e-05	0.00e+00	0.00e+00	1.05e-07	1.76e-13	2.07e-13
 9.76763e+22	1.15e-07	1.78e-03	8.85e-01	1.06e-01	6.57e-03	1.02e-03	6.86e-05	0.00e+00	0.00e+00	1.15e-07	1.91e-13	2.24e-13
 9.87134e+22	1.26e-07	1.88e-03	8.97e-01	9.48e-02	5.87e-03	8.73e-04	5.66e-05	0.00e+00	0.00e+00	1.26e-07	2.07e-13	2.44e-13
 9.97790e+22	1.37e-07	1.97e-03	9.06e-01	8.54e-02	5.33e-03	7.57e-04	4.74e-05	0.00e+00	0.00e+00	1.37e-07	2.24e-13	2.64e-13
 1.00909e+23	1.50e-07	2.06e-03	9.15e-01	7.71e-02	4.88e-03	6.58e-04	4.02e-05	0.00e+00	0.00e+00	1.50e-07	2.42e-13	2.85e-13
 1.02154e+23	1.64e-07	2.16e-03	9.23e-01	6.94e-02	4.49e-03	5.72e-04	3.41e-05	0.00e+00	0.00e+00	1.64e-07	2.60e-13	3.08e-13
 1.03541e+23	1.80e-07	2.27e-03	9.31e-01	6.24e-02	4.15e-03	4.95e-04	2.91e-05	0.00e+00	0.00e+00	1.80e-07	2.80e-13	3.32e-13
 1.05085e+23	1.98e-07	2.38e-03	9.37e-01	5.59e-02	3.85e-03	4.27e-04	2.48e-05	0.00e+00	0.00e+00	1.98e-07	3.03e-13	3.59e-13
 1.06803e+23	2.20e-07	2.50e-03	9.44e-01	4.99e-02	3.58e-03	3.67e-04	2.12e-05	0.00e+00	0.00e+00	2.20e-07	3.28e-13	3.90e-13
 1.08734e+23	2.46e-07	2.64e-03	9.49e-01	4.45e-02	3.34e-03	3.14e-04	1.82e-05	0.00e+00	0.00e+00	2.46e-07	3.58e-13	4.26e-13
 1.10936e+23	2.77e-07	2.79e-03	9.54e-01	3.95e-02	3.11e-03	2.67e-04	1.56e-05	0.00e+00	0.00e+00	2.77e-07	3.93e-13	4.68e-13
 1.13447e+23	3.14e-07	2.96e-03	9.59e-01	3.50e-02	2.90e-03	2.25e-04	1.33e-05	0.00e+00	0.00e+00	3.14e-07	4.34e-13	5.18e-13
 1.16458e+23	3.63e-07	3.15e-03	9.63e-01	3.06e-02	2.70e-03	1.87e-04	1.13e-05	0.00e+00	0.00e+00	3.63e-07	4.86e-13	5.80e-13
 1.19769e+23	4.25e-07	3.37e-03	9.67e-01	2.70e-02	2.51e-03	1.55e-04	9.64e-06	0.00e+00	0.00e+00	4.25e-07	5.51e-13	6.58e-13
 1.22947e+23	4.92e-07	3.58e-03	9.70e-01	2.42e-02	2.36e-03	1.32e-04	8.38e-06	0.00e+00	0.00e+00	4.92e-07	6.21e-13	7.42e-13
 1.26492e+23	5.70e-07	3.79e-03	9.72e-01	2.16e-02	2.22e-03	1.11e-04	7.32e-06	0.00e+00	0.00e+00	5.70e-07	6.97e-13	8.33e-13
 1.31101e+23	6.89e-07	4.06e-03	9.75e-01	1.88e-02	2.06e-03	8.99e-05	6.20e-06	0.00e+00	0.00e+00	6.89e-07	8.10e-13	9.68e-13
 1.36040e+23	8.53e-07	4.39e-03	9.77e-01	1.66e-02	1.92e-03	7.38e-05	5.31e-06	0.00e+00	0.00e+00	8.53e-07	9.66e-13	1.15e-12
 1.40394e+23	1.03e-06	4.69e-03	9.78e-01	1.51e-02	1.82e-03	6.27e-05	4.67e-06	0.00e+00	0.00e+00	1.03e-06	1.13e-12	1.35e-12
 1.45037e+23	1.24e-06	4.97e-03	9.80e-01	1.36e-02	1.72e-03	5.32e-05	4.15e-06	0.00e+00	0.00e+00	1.24e-06	1.31e-12	1.57e-12
 1.50677e+23	1.56e-06	5.33e-03	9.81e-01	1.21e-02	1.63e-03	4.40e-05	3.62e-06	0.00e+00	0.00e+00	1.56e-06	1.59e-12	1.90e-12
 1.56538e+23	2.02e-06	5.77e-03	9.82e-01	1.08e-02	1.54e-03	3.63e-05	3.15e-06	0.00e+00	0.00e+00	2.02e-06	2.00e-12	2.38e-12
 1.61883e+23	2.61e-06	6.23e-03	9.82e-01	9.82e-03	1.47e-03	3.06e-05	2.80e-06	0.00e+00	0.00e+00	2.61e-06	2.50e-12	2.98e-12
 1.66829e+23	3.33e-06	6.68e-03	9.83e-01	9.01e-03	1.41e-03	2.62e-05	2.51e-06	0.00e+00	0.00e+00	3.33e-06	3.10e-12	3.69e-12
 1.71709e+23	4.29e-06	7.20e-03	9.83e-01	8.26e-03	1.36e-03	2.24e-05	2.26e-06	0.00e+00	0.00e+00	4.29e-06	3.90e-12	4.63e-12
 1.76464e+23	5.59e-06	7.79e-03	9.83e-01	7.59e-03	1.32e-03	1.92e-05	2.03e-06	0.00e+00	0.00e+00	5.59e-06	4.95e-12	5.87e-12
 1.80957e+23	7.33e-06	8.47e-03	9.83e-01	6.99e-03	1.29e-03	1.65e-05	1.83e-06	0.00e+00	0.00e+00	7.33e-06	6.35e-12	7.52e-12
 1.85143e+23	9.60e-06	9.22e-03	9.83e-01	6.46e-03	1.25e-03	1.42e-05	1.65e-06	0.00e+00	0.00e+00	9.60e-06	8.16e-12	9.65e-12
 1.89073e+23	1.26e-05	1.01e-02	9.83e-01	5.96e-03	1.23e-03	1.22e-05	1.49e-06	0.00e+00	0.00e+00	1.26e-05	1.05e-11	1.24e-11
 1.92821e+23	1.67e-05	1.11e-02	9.82e-01	5.50e-03	1.20e-03	1.05e-05	1.35e-06	0.00e+00	0.00e+00	1.67e-05	1.36e-11	1.61e-11
 1.96422e+23	2.22e-05	1.23e-02	9.81e-01	5.05e-03	1.18e-03	8.92e-06	1.21e-06	0.00e+00	0.00e+00	2.22e-05	1.79e-11	2.11e-11
 1.99843e+23	2.99e-05	1.37e-02	9.80e-01	4.62e-03	1.16e-03	7.57e-06	1.08e-06	0.00e+00	0.00e+00	2.99e-05	2.38e-11	2.79e-11
 2.03050e+23	4.06e-05	1.55e-02	9.79e-01	4.22e-03	1.14e-03	6.40e-06	9.62e-07	0.00e+00	0.00e+00	4.06e-05	3.18e-11	3.72e-11
 2.05321e+23	5.31e-05	1.73e-02	9.78e-01	3.91e-03	1.12e-03	5.53e-06	0.00e+00	0.00e+00	0.00e+00	5.31e-05	4.14e-11	4.83e-11
 2.06426e+23	6.07e-05	1.83e-02	9.77e-01	3.78e-03	1.12e-03	5.16e-06	0.00e+00	0.00e+00	0.00e+00	6.07e-05	4.71e-11	5.49e-11
 2.07312e+23	6.68e-05	1.91e-02	9.76e-01	3.67e-03	1.11e-03	4.88e-06	0.00e+00	0.00e+00	0.00e+00	6.68e-05	5.15e-11	6.01e-11
 2.08462e+23	7.57e-05	2.01e-02	9.75e-01	3.52e-03	1.10e-03	4.54e-06	0.00e+00	0.00e+00	0.00e+00	7.57e-05	5.79e-11	6.75e-11
 2.09958e+23	8.96e-05	2.16e-02	9.74e-01	3.32e-03	1.10e-03	4.12e-06	0.00e+00	0.00e+00	0.00e+00	8.96e-05	6.79e-11	7.88e-11
 2.11513e+23	1.09e-04	2.36e-02	9.72e-01	3.12e-03	1.09e-03	3.68e-06	0.00e+00	0.00e+00	0.00e+00	1.09e-04	8.21e-11	9.51e-11
 2.12717e+23	1.29e-04	2.55e-02	9.70e-01	2.96e-03	1.08e-03	3.35e-06	0.00e+00	0.00e+00	0.00e+00	1.29e-04	9.66e-11	1.12e-10
 2.13628e+23	1.47e-04	2.71e-02	9.69e-01	2.84e-03	1.07e-03	3.11e-06	0.00e+00	0.00e+00	0.00e+00	1.47e-04	1.09e-10	1.26e-10
 2.14587e+23	1.67e-04	2.87e-02	9.67e-01	2.71e-03	1.06e-03	2.89e-06	0.00e+00	0.00e+00	0.00e+00	1.67e-04	1.24e-10	1.42e-10
 2.15834e+23	1.98e-04	3.11e-02	9.65e-01	2.55e-03	1.06e-03	2.61e-06	0.00e+00	0.00e+00	0.00e+00	1.98e-04	1.46e-10	1.67e-10
 2.17105e+23	2.43e-04	3.43e-02	9.62e-01	2.38e-03	1.05e-03	2.32e-06	0.00e+00	0.00e+00	0.00e+00	2.43e-04	1.78e-10	2.03e-10
 2.18056e+23	2.86e-04	3.72e-02	9.59e-01	2.25e-03	1.04e-03	2.11e-06	0.00e+00	0.00e+00	0.00e+00	2.86e-04	2.09e-10	2.38e-10
 2.18770e+23	3.24e-04	3.95e-02	9.57e-01	2.16e-03	1.03e-03	1.96e-06	0.00e+00	0.00e+00	0.00e+00	3.24e-04	2.37e-10	2.67e-10
 2.19529e+23	3.67e-04	4.20e-02	9.55e-01	2.07e-03	1.02e-03	1.82e-06	0.00e+00	0.00e+00	0.00e+00	3.67e-04	2.67e-10	3.01e-10
 2.20517e+23	4.34e-04	4.57e-02	9.51e-01	1.94e-03	1.01e-03	1.65e-06	0.00e+00	0.00e+00	0.00e+00	4.34e-04	3.15e-10	3.52e-10
 2.21542e+23	5.28e-04	5.05e-02	9.46e-01	1.81e-03	1.00e-03	1.47e-06	0.00e+00	0.00e+00	0.00e+00	5.28e-04	3.84e-10	4.25e-10
 2.22339e+23	6.23e-04	5.49e-02	9.42e-01	1.70e-03	9.93e-04	1.33e-06	0.00e+00	0.00e+00	0.00e+00	6.23e-04	4.53e-10	4.98e-10
 2.22951e+23	7.08e-04	5.87e-02	9.38e-01	1.63e-03	9.85e-04	1.24e-06	0.00e+00	0.00e+00	0.00e+00	7.08e-04	5.15e-10	5.63e-10
 2.23601e+23	8.05e-04	6.27e-02	9.34e-01	1.55e-03	9.76e-04	1.15e-06	0.00e+00	0.00e+00	0.00e+00	8.05e-04	5.85e-10	6.35e-10
 2.24447e+23	9.56e-04	6.86e-02	9.28e-01	1.45e-03	9.65e-04	1.03e-06	0.00e+00	0.00e+00	0.00e+00	9.56e-04	6.95e-10	7.47e-10
 2.25321e+23	1.17e-03	7.64e-02	9.20e-01	1.34e-03	9.49e-04	9.14e-07	0.00e+00	0.00e+00	0.00e+00	1.17e-03	8.55e-10	9.08e-10
 2.25992e+23	1.39e-03	8.36e-02	9.13e-01	1.26e-03	9.35e-04	0.00e+00	0.00e+00	0.00e+00	0.00e+00	1.39e-03	1.02e-09	1.07e-09
 2.26508e+23	1.58e-03	8.95e-02	9.07e-01	1.20e-03	9.25e-04	0.00e+00	0.00e+00	0.00e+00	0.00e+00	1.58e-03	1.16e-09	1.20e-09
 2.27061e+23	1.80e-03	9.59e-02	9.00e-01	1.14e-03	9.13e-04	0.00e+00	0.00e+00	0.00e+00	0.00e+00	1.80e-03	1.32e-09	1.36e-09
 2.27779e+23	2.15e-03	1.05e-01	8.91e-01	1.06e-03	8.96e-04	0.00e+00	0.00e+00	0.00e+00	0.00e+00	2.15e-03	1.57e-09	1.61e-09
 2.28530e+23	2.65e-03	1.18e-01	8.78e-01	9.80e-04	8.74e-04	0.00e+00	0.00e+00	0.00e+00	0.00e+00	2.65e-03	1.95e-09	1.96e-09
 2.29125e+23	3.16e-03	1.30e-01	8.65e-01	9.13e-04	8.55e-04	0.00e+00	0.00e+00	0.00e+00	0.00e+00	3.16e-03	2.33e-09	2.32e-09
 2.29594e+23	3.63e-03	1.40e-01	8.55e-01	8.63e-04	8.39e-04	0.00e+00	0.00e+00	0.00e+00	0.00e+00	3.63e-03	2.68e-09	2.64e-09
 2.30101e+23	4.19e-03	1.51e-01	8.43e-01	8.14e-04	8.21e-04	0.00e+00	0.00e+00	0.00e+00	0.00e+00	4.19e-03	3.09e-09	3.02e-09
 2.30760e+23	5.09e-03	1.68e-01	8.26e-01	7.50e-04	7.95e-04	0.00e+00	0.00e+00	0.00e+00	0.00e+00	5.09e-03	3.75e-09	3.63e-09
 2.31451e+23	6.40e-03	1.90e-01	8.02e-01	6.80e-04	7.63e-04	0.00e+00	0.00e+00	0.00e+00	0.00e+00	6.40e-03	4.71e-09	4.51e-09
 2.32007e+23	7.80e-03	2.11e-01	7.80e-01	6.24e-04	7.33e-04	0.00e+00	0.00e+00	0.00e+00	0.00e+00	7.80e-03	5.75e-09	5.46e-09
 2.32457e+23	9.15e-03	2.30e-01	7.60e-01	5.81e-04	7.06e-04	0.00e+00	0.00e+00	0.00e+00	0.00e+00	9.15e-03	6.73e-09	6.35e-09
 2.32951e+23	1.08e-02	2.51e-01	7.37e-01	5.39e-04	6.77e-04	0.00e+00	0.00e+00	0.00e+00	0.00e+00	1.08e-02	7.94e-09	7.45e-09
 2.33593e+23	1.36e-02	2.82e-01	7.03e-01	4.84e-04	6.34e-04	0.00e+00	0.00e+00	0.00e+00	0.00e+00	1.36e-02	9.94e-09	9.26e-09
 2.34239e+23	1.78e-02	3.23e-01	6.58e-01	4.24e-04	5.80e-04	0.00e+00	0.00e+00	0.00e+00	0.00e+00	1.78e-02	1.29e-08	1.20e-08
 2.34704e+23	2.18e-02	3.58e-01	6.19e-01	3.82e-04	5.36e-04	0.00e+00	0.00e+00	0.00e+00	0.00e+00	2.18e-02	1.58e-08	1.46e-08
 2.35048e+23	2.52e-02	3.84e-01	5.90e-01	3.54e-04	5.03e-04	0.00e+00	0.00e+00	0.00e+00	0.00e+00	2.52e-02	1.82e-08	1.67e-08
 2.35417e+23	2.93e-02	4.12e-01	5.58e-01	3.26e-04	4.69e-04	0.00e+00	0.00e+00	0.00e+00	0.00e+00	2.93e-02	2.10e-08	1.93e-08
 2.35897e+23	3.58e-02	4.51e-01	5.13e-01	2.91e-04	4.21e-04	0.00e+00	0.00e+00	0.00e+00	0.00e+00	3.58e-02	2.55e-08	2.33e-08
 2.36384e+23	4.53e-02	4.98e-01	4.56e-01	2.52e-04	3.63e-04	0.00e+00	0.00e+00	0.00e+00	0.00e+00	4.53e-02	3.20e-08	2.91e-08
 2.36742e+23	5.45e-02	5.36e-01	4.09e-01	2.24e-04	3.17e-04	0.00e+00	0.00e+00	0.00e+00	0.00e+00	5.45e-02	3.81e-08	3.47e-08
 2.37003e+23	6.16e-02	5.61e-01	3.77e-01	2.06e-04	2.87e-04	0.00e+00	0.00e+00	0.00e+00	0.00e+00	6.16e-02	4.28e-08	3.89e-08
 2.37274e+23	6.96e-02	5.86e-01	3.44e-01	1.89e-04	2.57e-04	0.00e+00	0.00e+00	0.00e+00	0.00e+00	6.96e-02	4.80e-08	4.36e-08
 2.37628e+23	8.21e-02	6.16e-01	3.01e-01	1.67e-04	2.18e-04	0.00e+00	0.00e+00	0.00e+00	0.00e+00	8.21e-02	5.59e-08	5.07e-08
 2.37995e+23	9.95e-02	6.49e-01	2.51e-01	1.43e-04	1.75e-04	0.00e+00	0.00e+00	0.00e+00	0.00e+00	9.95e-02	6.68e-08	6.06e-08
 2.38277e+23	1.17e-01	6.71e-01	2.12e-01	1.25e-04	1.42e-04	0.00e+00	0.00e+00	0.00e+00	0.00e+00	1.17e-01	7.71e-08	6.99e-08
 2.38484e+23	1.29e-01	6.84e-01	1.87e-01	1.14e-04	1.22e-04	0.00e+00	0.00e+00	0.00e+00	0.00e+00	1.29e-01	8.46e-08	7.66e-08
 2.38695e+23	1.43e-01	6.93e-01	1.64e-01	1.04e-04	1.04e-04	0.00e+00	0.00e+00	0.00e+00	0.00e+00	1.43e-01	9.25e-08	8.38e-08
 2.38970e+23	1.64e-01	7.01e-01	1.35e-01	9.09e-05	8.22e-05	0.00e+00	0.00e+00	0.00e+00	0.00e+00	1.64e-01	1.04e-07	9.41e-08
 2.39259e+23	1.91e-01	7.04e-01	1.05e-01	7.71e-05	6.09e-05	0.00e+00	0.00e+00	0.00e+00	0.00e+00	1.91e-01	1.18e-07	1.07e-07
 2.39486e+23	2.17e-01	6.99e-01	8.36e-02	6.67e-05	4.62e-05	0.00e+00	0.00e+00	0.00e+00	0.00e+00	2.17e-01	1.32e-07	1.19e-07
 2.39659e+23	2.37e-01	6.93e-01	7.01e-02	6.02e-05	3.75e-05	0.00e+00	0.00e+00	0.00e+00	0.00e+00	2.37e-01	1.41e-07	1.27e-07
 2.39838e+23	2.58e-01	6.84e-01	5.83e-02	5.42e-05	3.00e-05	0.00e+00	0.00e+00	0.00e+00	0.00e+00	2.58e-01	1.50e-07	1.36e-07
 2.40072e+23	2.89e-01	6.66e-01	4.48e-02	4.66e-05	2.19e-05	0.00e+00	0.00e+00	0.00e+00	0.00e+00	2.89e-01	1.63e-07	1.48e-07
 2.40314e+23	3.30e-01	6.38e-01	3.21e-02	3.87e-05	1.48e-05	0.00e+00	0.00e+00	0.00e+00	0.00e+00	3.30e-01	1.78e-07	1.61e-07
 2.40504e+23	3.65e-01	6.11e-01	2.41e-02	3.32e-05	1.05e-05	0.00e+00	0.00e+00	0.00e+00	0.00e+00	3.65e-01	1.89e-07	1.71e-07
 2.40648e+23	3.91e-01	5.90e-01	1.93e-02	2.97e-05	8.12e-06	0.00e+00	0.00e+00	0.00e+00	0.00e+00	3.91e-01	1.96e-07	1.77e-07
 2.40792e+23	4.18e-01	5.67e-01	1.55e-02	2.66e-05	6.26e-06	0.00e+00	0.00e+00	0.00e+00	0.00e+00	4.18e-01	2.02e-07	1.83e-07
 2.40969e+23	4.53e-01	5.36e-01	1.16e-02	2.30e-05	4.47e-06	0.00e+00	0.00e+00	0.00e+00	0.00e+00	4.53e-01	2.08e-07	1.88e-07
 2.41143e+23	4.93e-01	4.98e-01	8.30e-03	1.94e-05	3.04e-06	0.00e+00	0.00e+00	0.00e+00	0.00e+00	4.93e-01	2.14e-07	1.93e-07
 2.41269e+23	5.23e-01	4.71e-01	6.45e-03	1.72e-05	2.28e-06	0.00e+00	0.00e+00	0.00e+00	0.00e+00	5.23e-01	2.16e-07	1.95e-07
 2.41359e+23	5.42e-01	4.52e-01	5.42e-03	1.59e-05	1.86e-06	0.00e+00	0.00e+00	0.00e+00	0.00e+00	5.42e-01	2.17e-07	1.96e-07
 2.41452e+23	5.61e-01	4.35e-01	4.55e-03	1.47e-05	1.53e-06	0.00e+00	0.00e+00	0.00e+00	0.00e+00	5.61e-01	2.17e-07	1.96e-07
 2.41563e+23	5.87e-01	4.10e-01	3.62e-03	1.32e-05	1.18e-06	0.00e+00	0.00e+00	0.00e+00	0.00e+00	5.87e-01	2.16e-07	1.96e-07
 2.41650e+23	6.10e-01	3.87e-01	2.95e-03	1.19e-05	9.39e-07	0.00e+00	0.00e+00	0.00e+00	0.00e+00	6.10e-01	2.15e-07	1.95e-07
 2.41696e+23	6.19e-01	3.79e-01	2.69e-03	1.15e-05	0.00e+00	0.00e+00	0.00e+00	0.00e+00	0.00e+00	6.19e-01	2.15e-07	1.94e-07
 2.41733e+23	6.25e-01	3.73e-01	2.51e-03	1.12e-05	0.00e+00	0.00e+00	0.00e+00	0.00e+00	0.00e+00	6.25e-01	2.14e-07	1.93e-07
 2.41782e+23	6.34e-01	3.64e-01	2.28e-03	1.07e-05	0.00e+00	0.00e+00	0.00e+00	0.00e+00	0.00e+00	6.34e-01	2.13e-07	1.92e-07
 2.41844e+23	6.48e-01	3.50e-01	2.00e-03	1.01e-05	0.00e+00	0.00e+00	0.00e+00	0.00e+00	0.00e+00	6.48e-01	2.11e-07	1.91e-07
 2.41910e+23	6.64e-01	3.34e-01	1.72e-03	9.37e-06	0.00e+00	0.00e+00	0.00e+00	0.00e+00	0.00e+00	6.64e-01	2.09e-07	1.88e-07
 2.41964e+23	6.77e-01	3.22e-01	1.52e-03	8.82e-06	0.00e+00	0.00e+00	0.00e+00	0.00e+00	0.00e+00	6.77e-01	2.07e-07	1.87e-07
 2.42007e+23	6.85e-01	3.13e-01	1.38e-03	8.48e-06	0.00e+00	0.00e+00	0.00e+00	0.00e+00	0.00e+00	6.85e-01	2.05e-07	1.85e-07
 2.42053e+23	6.95e-01	3.04e-01	1.25e-03	8.11e-06	0.00e+00	0.00e+00	0.00e+00	0.00e+00	0.00e+00	6.95e-01	2.03e-07	1.83e-07
 2.42111e+23	7.07e-01	2.92e-01	1.10e-03	7.63e-06	0.00e+00	0.00e+00	0.00e+00	0.00e+00	0.00e+00	7.07e-01	2.00e-07	1.81e-07
 2.42169e+23	7.21e-01	2.78e-01	9.65e-04	7.12e-06	0.00e+00	0.00e+00	0.00e+00	0.00e+00	0.00e+00	7.21e-01	1.97e-07	1.78e-07
 2.42218e+23	7.32e-01	2.68e-01	8.64e-04	6.73e-06	0.00e+00	0.00e+00	0.00e+00	0.00e+00	0.00e+00	7.32e-01	1.94e-07	1.75e-07
 2.42259e+23	7.39e-01	2.60e-01	7.93e-04	6.47e-06	0.00e+00	0.00e+00	0.00e+00	0.00e+00	0.00e+00	7.39e-01	1.92e-07	1.74e-07
 2.42306e+23	7.48e-01	2.51e-01	7.19e-04	6.17e-06	0.00e+00	0.00e+00	0.00e+00	0.00e+00	0.00e+00	7.48e-01	1.90e-07	1.71e-07
 2.42362e+23	7.60e-01	2.40e-01	6.37e-04	5.78e-06	0.00e+00	0.00e+00	0.00e+00	0.00e+00	0.00e+00	7.60e-01	1.86e-07	1.68e-07
 2.42416e+23	7.71e-01	2.28e-01	5.66e-04	5.41e-06	0.00e+00	0.00e+00	0.00e+00	0.00e+00	0.00e+00	7.71e-01	1.83e-07	1.65e-07
 2.42460e+23	7.80e-01	2.20e-01	5.17e-04	5.16e-06	0.00e+00	0.00e+00	0.00e+00	0.00e+00	0.00e+00	7.80e-01	1.80e-07	1.62e-07
 2.42501e+23	7.87e-01	2.13e-01	4.78e-04	4.95e-06	0.00e+00	0.00e+00	0.00e+00	0.00e+00	0.00e+00	7.87e-01	1.77e-07	1.60e-07
 2.42550e+23	7.95e-01	2.04e-01	4.36e-04	4.69e-06	0.00e+00	0.00e+00	0.00e+00	0.00e+00	0.00e+00	7.95e-01	1.74e-07	1.57e-07
 2.42603e+23	8.06e-01	1.94e-01	3.93e-04	4.39e-06	0.00e+00	0.00e+00	0.00e+00	0.00e+00	0.00e+00	8.06e-01	1.70e-07	1.53e-07
 2.42651e+23	8.15e-01	1.85e-01	3.59e-04	4.14e-06	0.00e+00	0.00e+00	0.00e+00	0.00e+00	0.00e+00	8.15e-01	1.67e-07	1.49e-07
 2.42692e+23	8.21e-01	1.79e-01	3.36e-04	3.96e-06	0.00e+00	0.00e+00	0.00e+00	0.00e+00	0.00e+00	8.21e-01	1.64e-07	1.46e-07
 2.42735e+23	8.27e-01	1.72e-01	3.14e-04	3.79e-06	0.00e+00	0.00e+00	0.00e+00	0.00e+00	0.00e+00	8.27e-01	1.61e-07	1.43e-07
 2.42785e+23	8.36e-01	1.64e-01	2.90e-04	3.58e-06	0.00e+00	0.00e+00	0.00e+00	0.00e+00	0.00e+00	8.36e-01	1.57e-07	1.38e-07
 2.42836e+23	8.44e-01	1.56e-01	2.68e-04	3.35e-06	0.00e+00	0.00e+00	0.00e+00	0.00e+00	0.00e+00	8.44e-01	1.53e-07	1.34e-07
 2.42880e+23	8.51e-01	1.49e-01	2.53e-04	3.18e-06	0.00e+00	0.00e+00	0.00e+00	0.00e+00	0.00e+00	8.51e-01	1.50e-07	1.31e-07
 2.42920e+23	8.56e-01	1.44e-01	2.41e-04	3.06e-06	0.00e+00	0.00e+00	0.00e+00	0.00e+00	0.00e+00	8.56e-01	1.47e-07	1.28e-07
 2.42963e+23	8.62e-01	1.38e-01	2.30e-04	2.92e-06	0.00e+00	0.00e+00	0.00e+00	0.00e+00	0.00e+00	8.62e-01	1.44e-07	1.25e-07
 2.43012e+23	8.68e-01	1.31e-01	2.18e-04	2.75e-06	0.00e+00	0.00e+00	0.00e+00	0.00e+00	0.00e+00	8.68e-01	1.41e-07	1.21e-07
 2.43058e+23	8.75e-01	1.25e-01	2.08e-04	2.60e-06	0.00e+00	0.00e+00	0.00e+00	0.00e+00	0.00e+00	8.75e-01	1.37e-07	1.17e-07
 2.43099e+23	8.80e-01	1.20e-01	2.01e-04	2.49e-06	0.00e+00	0.00e+00	0.00e+00	0.00e+00	0.00e+00	8.80e-01	1.35e-07	1.15e-07
 2.43138e+23	8.84e-01	1.16e-01	1.96e-04	2.39e-06	0.00e+00	0.00e+00	0.00e+00	0.00e+00	0.00e+00	8.84e-01	1.32e-07	1.12e-07
 2.43182e+23	8.89e-01	1.11e-01	1.90e-04	2.28e-06	0.00e+00	0.00e+00	0.00e+00	0.00e+00	0.00e+00	8.89e-01	1.30e-07	1.09e-07
 2.43228e+23	8.94e-01	1.06e-01	1.85e-04	2.16e-06	0.00e+00	0.00e+00	0.00e+00	0.00e+00	0.00e+00	8.94e-01	1.27e-07	1.06e-07
 2.43271e+23	8.98e-01	1.02e-01	1.81e-04	2.06e-06	0.00e+00	0.00e+00	0.00e+00	0.00e+00	0.00e+00	8.98e-01	1.24e-07	1.04e-07
 2.43309e+23	9.02e-01	9.80e-02	1.78e-04	1.99e-06	0.00e+00	0.00e+00	0.00e+00	0.00e+00	0.00e+00	9.02e-01	1.22e-07	1.02e-07
 2.43349e+23	9.05e-01	9.44e-02	1.75e-04	1.91e-06	0.00e+00	0.00e+00	0.00e+00	0.00e+00	0.00e+00	9.05e-01	1.20e-07	9.93e-08
