#depth	Mg	Mg+	Mg+2	Mg+3	Mg+4	Mg+5	Mg+6	Mg+7	Mg+8	Mg+9	Mg+10	Mg+11	Mg+12
 1.54284e+19	0.00e+00	1.30e-23	6.28e-18	1.23e-13	3.36e-10	1.50e-07	2.24e-05	8.49e-04	9.58e-03	4.95e-02	6.48e-01	2.63e-01	2.92e-02
 9.25702e+19	8.26e-32	1.94e-23	9.27e-18	1.77e-13	4.67e-10	2.00e-07	2.85e-05	1.03e-03	1.10e-02	5.37e-02	6.58e-01	2.50e-01	2.60e-02
 2.19083e+20	0.00e+00	3.67e-23	1.72e-17	3.17e-13	7.92e-10	3.15e-07	4.19e-05	1.40e-03	1.39e-02	6.11e-02	6.72e-01	2.30e-01	2.15e-02
 3.29311e+20	2.94e-31	6.18e-23	2.85e-17	5.10e-13	1.22e-09	4.58e-07	5.73e-05	1.80e-03	1.66e-02	6.77e-02	6.82e-01	2.14e-01	1.83e-02
 3.86390e+20	0.00e+00	8.03e-23	3.68e-17	6.46e-13	1.51e-09	5.50e-07	6.70e-05	2.04e-03	1.82e-02	7.12e-02	6.86e-01	2.06e-01	1.69e-02
 4.05132e+20	4.24e-31	8.69e-23	3.98e-17	6.95e-13	1.61e-09	5.81e-07	7.01e-05	2.11e-03	1.87e-02	7.22e-02	6.87e-01	2.04e-01	1.65e-02
 4.21441e+20	0.00e+00	9.33e-23	4.26e-17	7.41e-13	1.71e-09	6.11e-07	7.31e-05	2.18e-03	1.91e-02	7.31e-02	6.88e-01	2.02e-01	1.61e-02
 4.42642e+20	5.06e-31	1.02e-22	4.67e-17	8.07e-13	1.84e-09	6.53e-07	7.72e-05	2.28e-03	1.97e-02	7.44e-02	6.89e-01	1.99e-01	1.57e-02
 4.70204e+20	0.00e+00	1.16e-22	5.25e-17	8.99e-13	2.03e-09	7.10e-07	8.28e-05	2.41e-03	2.05e-02	7.61e-02	6.91e-01	1.95e-01	1.51e-02
 5.06035e+20	6.81e-31	1.35e-22	6.09e-17	1.03e-12	2.31e-09	7.91e-07	9.07e-05	2.59e-03	2.16e-02	7.82e-02	6.92e-01	1.91e-01	1.44e-02
 5.52615e+20	0.00e+00	1.64e-22	7.38e-17	1.24e-12	2.71e-09	9.08e-07	1.02e-04	2.84e-03	2.31e-02	8.11e-02	6.94e-01	1.85e-01	1.35e-02
 6.03262e+20	1.06e-30	2.03e-22	9.05e-17	1.50e-12	3.22e-09	1.05e-06	1.15e-04	3.13e-03	2.47e-02	8.42e-02	6.96e-01	1.79e-01	1.26e-02
 6.47295e+20	0.00e+00	2.44e-22	1.08e-16	1.76e-12	3.73e-09	1.19e-06	1.28e-04	3.40e-03	2.62e-02	8.69e-02	6.97e-01	1.74e-01	1.19e-02
 6.92633e+20	1.57e-30	2.93e-22	1.29e-16	2.08e-12	4.32e-09	1.35e-06	1.42e-04	3.69e-03	2.78e-02	8.96e-02	6.98e-01	1.69e-01	1.13e-02
 7.43480e+20	0.00e+00	3.59e-22	1.57e-16	2.49e-12	5.08e-09	1.56e-06	1.60e-04	4.04e-03	2.97e-02	9.28e-02	6.99e-01	1.64e-01	1.05e-02
 7.88370e+20	2.37e-30	4.28e-22	1.85e-16	2.91e-12	5.85e-09	1.76e-06	1.76e-04	4.37e-03	3.14e-02	9.55e-02	6.99e-01	1.59e-01	9.95e-03
 8.26519e+20	0.00e+00	4.96e-22	2.14e-16	3.32e-12	6.57e-09	1.94e-06	1.92e-04	4.67e-03	3.28e-02	9.78e-02	6.99e-01	1.56e-01	9.49e-03
 8.69023e+20	3.30e-30	5.84e-22	2.50e-16	3.83e-12	7.48e-09	2.17e-06	2.10e-04	5.01e-03	3.45e-02	1.00e-01	6.99e-01	1.52e-01	9.00e-03
 9.24278e+20	0.00e+00	7.21e-22	3.05e-16	4.61e-12	8.83e-09	2.50e-06	2.36e-04	5.49e-03	3.67e-02	1.04e-01	6.99e-01	1.46e-01	8.41e-03
 9.81862e+20	5.22e-30	8.95e-22	3.75e-16	5.58e-12	1.05e-08	2.89e-06	2.66e-04	6.02e-03	3.92e-02	1.07e-01	6.98e-01	1.41e-01	7.84e-03
 1.02868e+21	0.00e+00	1.06e-21	4.42e-16	6.48e-12	1.20e-08	3.24e-06	2.93e-04	6.48e-03	4.13e-02	1.10e-01	6.97e-01	1.37e-01	7.41e-03
 1.07575e+21	7.53e-30	1.26e-21	5.19e-16	7.52e-12	1.37e-08	3.63e-06	3.21e-04	6.96e-03	4.34e-02	1.13e-01	6.96e-01	1.33e-01	7.01e-03
 1.13694e+21	0.00e+00	1.57e-21	6.40e-16	9.12e-12	1.62e-08	4.20e-06	3.62e-04	7.64e-03	4.62e-02	1.17e-01	6.94e-01	1.28e-01	6.52e-03
 1.20145e+21	1.22e-29	1.97e-21	7.94e-16	1.11e-11	1.94e-08	4.89e-06	4.10e-04	8.41e-03	4.94e-02	1.20e-01	6.92e-01	1.23e-01	6.04e-03
 1.25549e+21	0.00e+00	2.38e-21	9.49e-16	1.31e-11	2.24e-08	5.53e-06	4.54e-04	9.08e-03	5.20e-02	1.24e-01	6.90e-01	1.19e-01	5.68e-03
 1.31092e+21	1.82e-29	2.88e-21	1.13e-15	1.54e-11	2.59e-08	6.25e-06	5.02e-04	9.81e-03	5.48e-02	1.27e-01	6.87e-01	1.16e-01	5.33e-03
 1.38298e+21	0.00e+00	3.66e-21	1.43e-15	1.90e-11	3.12e-08	7.32e-06	5.71e-04	1.08e-02	5.86e-02	1.31e-01	6.83e-01	1.11e-01	4.91e-03
 1.45935e+21	3.10e-29	4.72e-21	1.81e-15	2.37e-11	3.79e-08	8.64e-06	6.54e-04	1.20e-02	6.29e-02	1.35e-01	6.79e-01	1.06e-01	4.51e-03
 1.52422e+21	0.00e+00	5.83e-21	2.21e-15	2.84e-11	4.45e-08	9.91e-06	7.31e-04	1.31e-02	6.66e-02	1.39e-01	6.75e-01	1.02e-01	4.19e-03
 1.58062e+21	4.69e-29	6.96e-21	2.61e-15	3.32e-11	5.11e-08	1.11e-05	8.04e-04	1.41e-02	6.99e-02	1.42e-01	6.71e-01	9.81e-02	3.94e-03
 1.64314e+21	0.00e+00	8.50e-21	3.16e-15	3.94e-11	5.95e-08	1.27e-05	8.92e-04	1.52e-02	7.36e-02	1.46e-01	6.67e-01	9.44e-02	3.68e-03
 1.72442e+21	7.51e-29	1.08e-20	3.97e-15	4.86e-11	7.18e-08	1.48e-05	1.02e-03	1.68e-02	7.87e-02	1.50e-01	6.60e-01	8.98e-02	3.36e-03
 1.80888e+21	0.00e+00	1.39e-20	5.03e-15	6.05e-11	8.72e-08	1.75e-05	1.16e-03	1.86e-02	8.42e-02	1.55e-01	6.53e-01	8.52e-02	3.06e-03
 1.87861e+21	1.22e-28	1.70e-20	6.09e-15	7.21e-11	1.02e-07	2.00e-05	1.29e-03	2.01e-02	8.88e-02	1.58e-01	6.47e-01	8.17e-02	2.83e-03
 1.95040e+21	0.00e+00	2.09e-20	7.41e-15	8.64e-11	1.20e-07	2.29e-05	1.44e-03	2.18e-02	9.36e-02	1.62e-01	6.40e-01	7.81e-02	2.62e-03
 2.04373e+21	1.98e-28	2.68e-20	9.39e-15	1.08e-10	1.46e-07	2.70e-05	1.65e-03	2.42e-02	1.00e-01	1.67e-01	6.31e-01	7.37e-02	2.36e-03
 2.14168e+21	0.00e+00	3.47e-20	1.20e-14	1.35e-10	1.79e-07	3.22e-05	1.90e-03	2.69e-02	1.07e-01	1.72e-01	6.21e-01	6.92e-02	2.12e-03
 2.22283e+21	3.26e-28	4.26e-20	1.46e-14	1.63e-10	2.11e-07	3.70e-05	2.13e-03	2.93e-02	1.14e-01	1.76e-01	6.12e-01	6.57e-02	1.94e-03
 2.30552e+21	0.00e+00	5.25e-20	1.79e-14	1.96e-10	2.49e-07	4.25e-05	2.38e-03	3.18e-02	1.20e-01	1.79e-01	6.03e-01	6.23e-02	1.77e-03
 2.41302e+21	5.33e-28	6.75e-20	2.28e-14	2.46e-10	3.05e-07	5.06e-05	2.74e-03	3.53e-02	1.28e-01	1.84e-01	5.90e-01	5.81e-02	1.58e-03
 2.52476e+21	0.00e+00	8.71e-20	2.91e-14	3.10e-10	3.76e-07	6.05e-05	3.16e-03	3.93e-02	1.37e-01	1.89e-01	5.76e-01	5.39e-02	1.39e-03
 2.61596e+21	8.66e-28	1.06e-19	3.54e-14	3.72e-10	4.44e-07	6.95e-05	3.54e-03	4.27e-02	1.45e-01	1.93e-01	5.64e-01	5.08e-02	1.26e-03
 2.70846e+21	0.00e+00	1.29e-19	4.28e-14	4.45e-10	5.22e-07	7.98e-05	3.95e-03	4.63e-02	1.52e-01	1.96e-01	5.52e-01	4.77e-02	1.14e-03
 2.81068e+21	1.33e-27	1.59e-19	5.23e-14	5.40e-10	6.22e-07	9.26e-05	4.45e-03	5.06e-02	1.61e-01	2.00e-01	5.39e-01	4.45e-02	1.01e-03
 2.90180e+21	1.60e-27	1.90e-19	6.23e-14	6.38e-10	7.24e-07	1.05e-04	4.93e-03	5.45e-02	1.69e-01	2.03e-01	5.26e-01	4.18e-02	9.15e-04
 2.98231e+21	1.89e-27	2.21e-19	7.23e-14	7.37e-10	8.25e-07	1.18e-04	5.38e-03	5.81e-02	1.76e-01	2.05e-01	5.15e-01	3.95e-02	8.36e-04
 3.07273e+21	2.25e-27	2.61e-19	8.51e-14	8.62e-10	9.52e-07	1.33e-04	5.92e-03	6.23e-02	1.83e-01	2.08e-01	5.03e-01	3.71e-02	7.56e-04
 3.19027e+21	2.80e-27	3.21e-19	1.04e-13	1.05e-09	1.14e-06	1.55e-04	6.69e-03	6.81e-02	1.93e-01	2.11e-01	4.86e-01	3.42e-02	6.63e-04
 3.30963e+21	3.45e-27	3.92e-19	1.27e-13	1.27e-09	1.36e-06	1.80e-04	7.54e-03	7.42e-02	2.04e-01	2.14e-01	4.69e-01	3.13e-02	5.78e-04
 3.40309e+21	4.06e-27	4.57e-19	1.47e-13	1.47e-09	1.56e-06	2.02e-04	8.24e-03	7.91e-02	2.12e-01	2.16e-01	4.56e-01	2.93e-02	5.20e-04
 3.49628e+21	4.74e-27	5.30e-19	1.71e-13	1.70e-09	1.78e-06	2.26e-04	8.98e-03	8.41e-02	2.19e-01	2.17e-01	4.42e-01	2.74e-02	4.69e-04
 3.61743e+21	5.76e-27	6.38e-19	2.04e-13	2.03e-09	2.10e-06	2.60e-04	1.00e-02	9.09e-02	2.29e-01	2.19e-01	4.25e-01	2.51e-02	4.09e-04
 3.74616e+21	7.03e-27	7.71e-19	2.46e-13	2.44e-09	2.49e-06	3.00e-04	1.12e-02	9.84e-02	2.40e-01	2.20e-01	4.07e-01	2.28e-02	3.53e-04
 3.85585e+21	8.23e-27	9.04e-19	2.86e-13	2.84e-09	2.87e-06	3.38e-04	1.23e-02	1.05e-01	2.48e-01	2.21e-01	3.92e-01	2.10e-02	3.11e-04
 3.96957e+21	9.69e-27	1.06e-18	3.34e-13	3.31e-09	3.31e-06	3.81e-04	1.35e-02	1.12e-01	2.57e-01	2.22e-01	3.76e-01	1.93e-02	2.74e-04
 4.11741e+21	1.20e-26	1.30e-18	4.05e-13	4.02e-09	3.96e-06	4.44e-04	1.51e-02	1.21e-01	2.68e-01	2.22e-01	3.56e-01	1.73e-02	2.32e-04
 4.27035e+21	1.47e-26	1.60e-18	4.91e-13	4.87e-09	4.75e-06	5.17e-04	1.69e-02	1.30e-01	2.79e-01	2.22e-01	3.36e-01	1.54e-02	1.94e-04
 4.39346e+21	1.74e-26	1.89e-18	5.73e-13	5.68e-09	5.47e-06	5.82e-04	1.85e-02	1.38e-01	2.87e-01	2.21e-01	3.21e-01	1.40e-02	1.69e-04
 4.51703e+21	2.06e-26	2.23e-18	6.65e-13	6.59e-09	6.28e-06	6.53e-04	2.01e-02	1.46e-01	2.95e-01	2.20e-01	3.06e-01	1.27e-02	1.47e-04
 4.67767e+21	2.58e-26	2.75e-18	8.05e-13	7.96e-09	7.49e-06	7.56e-04	2.24e-02	1.56e-01	3.04e-01	2.18e-01	2.87e-01	1.13e-02	1.23e-04
 4.84634e+21	3.23e-26	3.45e-18	9.80e-13	9.68e-09	8.97e-06	8.78e-04	2.49e-02	1.67e-01	3.13e-01	2.16e-01	2.67e-01	9.90e-03	1.02e-04
 4.97718e+21	3.89e-26	4.13e-18	1.14e-12	1.12e-08	1.03e-05	9.83e-04	2.70e-02	1.76e-01	3.20e-01	2.14e-01	2.54e-01	8.97e-03	8.81e-05
 5.08111e+21	4.52e-26	4.75e-18	1.29e-12	1.26e-08	1.14e-05	1.07e-03	2.87e-02	1.82e-01	3.24e-01	2.12e-01	2.43e-01	8.30e-03	7.87e-05
 5.19831e+21	5.34e-26	5.56e-18	1.48e-12	1.44e-08	1.29e-05	1.18e-03	3.08e-02	1.90e-01	3.29e-01	2.10e-01	2.31e-01	7.59e-03	6.92e-05
 5.35068e+21	6.67e-26	6.84e-18	1.76e-12	1.70e-08	1.50e-05	1.34e-03	3.35e-02	1.99e-01	3.35e-01	2.07e-01	2.17e-01	6.76e-03	5.86e-05
 5.51017e+21	8.43e-26	8.55e-18	2.12e-12	2.03e-08	1.75e-05	1.52e-03	3.66e-02	2.09e-01	3.41e-01	2.03e-01	2.03e-01	5.99e-03	4.93e-05
 5.64201e+21	1.03e-25	1.03e-17	2.47e-12	2.34e-08	1.99e-05	1.68e-03	3.92e-02	2.18e-01	3.45e-01	2.00e-01	1.92e-01	5.43e-03	4.28e-05
 5.77647e+21	1.26e-25	1.24e-17	2.88e-12	2.70e-08	2.26e-05	1.86e-03	4.20e-02	2.26e-01	3.48e-01	1.96e-01	1.81e-01	4.92e-03	3.72e-05
 5.95128e+21	1.64e-25	1.59e-17	3.53e-12	3.25e-08	2.66e-05	2.12e-03	4.58e-02	2.36e-01	3.52e-01	1.92e-01	1.68e-01	4.32e-03	3.09e-05
 6.13199e+21	2.18e-25	2.07e-17	4.37e-12	3.94e-08	3.14e-05	2.42e-03	5.00e-02	2.47e-01	3.55e-01	1.87e-01	1.55e-01	3.78e-03	2.56e-05
 6.27857e+21	2.74e-25	2.56e-17	5.19e-12	4.60e-08	3.59e-05	2.68e-03	5.35e-02	2.55e-01	3.57e-01	1.83e-01	1.46e-01	3.40e-03	2.21e-05
 6.42733e+21	3.46e-25	3.16e-17	6.18e-12	5.37e-08	4.09e-05	2.97e-03	5.72e-02	2.64e-01	3.58e-01	1.78e-01	1.37e-01	3.05e-03	1.90e-05
 6.62071e+21	4.70e-25	4.18e-17	7.75e-12	6.56e-08	4.84e-05	3.39e-03	6.23e-02	2.74e-01	3.59e-01	1.73e-01	1.26e-01	2.65e-03	1.56e-05
 6.82372e+21	6.52e-25	5.63e-17	9.86e-12	8.09e-08	5.77e-05	3.88e-03	6.78e-02	2.85e-01	3.59e-01	1.67e-01	1.15e-01	2.29e-03	1.28e-05
 6.99375e+21	8.55e-25	7.20e-17	1.20e-11	9.61e-08	6.65e-05	4.32e-03	7.27e-02	2.94e-01	3.59e-01	1.62e-01	1.07e-01	2.04e-03	1.08e-05
 7.16929e+21	1.13e-24	9.25e-17	1.48e-11	1.15e-07	7.68e-05	4.82e-03	7.78e-02	3.02e-01	3.58e-01	1.56e-01	9.90e-02	1.80e-03	9.16e-06
 7.39749e+21	1.63e-24	1.28e-16	1.93e-11	1.44e-07	9.24e-05	5.54e-03	8.49e-02	3.13e-01	3.56e-01	1.50e-01	8.96e-02	1.54e-03	7.37e-06
 7.63689e+21	2.40e-24	1.81e-16	2.54e-11	1.82e-07	1.12e-04	6.39e-03	9.26e-02	3.23e-01	3.53e-01	1.43e-01	8.07e-02	1.30e-03	5.88e-06
 7.83867e+21	3.31e-24	2.40e-16	3.20e-11	2.20e-07	1.30e-04	7.16e-03	9.93e-02	3.32e-01	3.50e-01	1.37e-01	7.40e-02	1.14e-03	4.89e-06
 8.01083e+21	4.35e-24	3.04e-16	3.88e-11	2.59e-07	1.48e-04	7.88e-03	1.05e-01	3.38e-01	3.47e-01	1.32e-01	6.88e-02	1.01e-03	4.19e-06
 8.19665e+21	5.82e-24	3.92e-16	4.78e-11	3.08e-07	1.70e-04	8.71e-03	1.12e-01	3.45e-01	3.43e-01	1.27e-01	6.35e-02	8.96e-04	3.54e-06
 8.43821e+21	8.48e-24	5.44e-16	6.24e-11	3.84e-07	2.02e-04	9.90e-03	1.20e-01	3.53e-01	3.38e-01	1.20e-01	5.72e-02	7.64e-04	2.85e-06
 8.68614e+21	1.24e-23	7.57e-16	8.17e-11	4.80e-07	2.40e-04	1.12e-02	1.30e-01	3.61e-01	3.32e-01	1.14e-01	5.14e-02	6.49e-04	2.30e-06
 8.88444e+21	1.67e-23	9.78e-16	1.01e-10	5.70e-07	2.75e-04	1.24e-02	1.37e-01	3.67e-01	3.27e-01	1.09e-01	4.73e-02	5.72e-04	1.94e-06
 9.08432e+21	2.23e-23	1.26e-15	1.24e-10	6.77e-07	3.14e-04	1.36e-02	1.45e-01	3.72e-01	3.22e-01	1.04e-01	4.34e-02	5.04e-04	1.64e-06
 9.34417e+21	3.25e-23	1.75e-15	1.62e-10	8.43e-07	3.71e-04	1.53e-02	1.55e-01	3.78e-01	3.14e-01	9.74e-02	3.89e-02	4.27e-04	1.31e-06
 9.61741e+21	4.80e-23	2.45e-15	2.13e-10	1.05e-06	4.41e-04	1.73e-02	1.66e-01	3.84e-01	3.06e-01	9.12e-02	3.46e-02	3.60e-04	1.05e-06
 9.84599e+21	6.57e-23	3.22e-15	2.67e-10	1.26e-06	5.06e-04	1.91e-02	1.75e-01	3.88e-01	2.99e-01	8.63e-02	3.15e-02	3.13e-04	8.71e-07
 1.00811e+22	9.03e-23	4.22e-15	3.34e-10	1.52e-06	5.81e-04	2.11e-02	1.85e-01	3.91e-01	2.92e-01	8.15e-02	2.86e-02	2.71e-04	0.00e+00
 1.03867e+22	1.35e-22	6.00e-15	4.45e-10	1.91e-06	6.92e-04	2.38e-02	1.98e-01	3.95e-01	2.82e-01	7.56e-02	2.52e-02	2.25e-04	0.00e+00
 1.07037e+22	2.04e-22	8.55e-15	5.94e-10	2.41e-06	8.24e-04	2.69e-02	2.11e-01	3.97e-01	2.72e-01	6.97e-02	2.21e-02	1.86e-04	0.00e+00
 1.09641e+22	2.83e-22	1.13e-14	7.47e-10	2.90e-06	9.46e-04	2.96e-02	2.21e-01	3.99e-01	2.64e-01	6.53e-02	1.99e-02	1.60e-04	0.00e+00
 1.12309e+22	3.94e-22	1.50e-14	9.40e-10	3.49e-06	1.09e-03	3.25e-02	2.32e-01	4.00e-01	2.55e-01	6.10e-02	1.78e-02	1.37e-04	0.00e+00
 1.15777e+22	5.99e-22	2.14e-14	1.26e-09	4.41e-06	1.29e-03	3.66e-02	2.47e-01	4.00e-01	2.44e-01	5.57e-02	1.55e-02	1.12e-04	0.00e+00
 1.19435e+22	9.21e-22	3.09e-14	1.70e-09	5.59e-06	1.54e-03	4.12e-02	2.62e-01	3.99e-01	2.33e-01	5.07e-02	1.34e-02	9.11e-05	0.00e+00
 1.22506e+22	1.31e-21	4.14e-14	2.16e-09	6.78e-06	1.77e-03	4.53e-02	2.74e-01	3.97e-01	2.23e-01	4.68e-02	1.18e-02	7.68e-05	0.00e+00
 1.25666e+22	1.86e-21	5.56e-14	2.75e-09	8.20e-06	2.04e-03	4.98e-02	2.86e-01	3.95e-01	2.14e-01	4.31e-02	1.05e-02	6.46e-05	0.00e+00
 1.29773e+22	2.92e-21	8.08e-14	3.73e-09	1.04e-05	2.43e-03	5.59e-02	3.02e-01	3.91e-01	2.01e-01	3.87e-02	8.92e-03	5.16e-05	0.00e+00
 1.34044e+22	4.61e-21	1.18e-13	5.06e-09	1.33e-05	2.89e-03	6.28e-02	3.17e-01	3.86e-01	1.89e-01	3.45e-02	7.56e-03	4.10e-05	0.00e+00
 1.37533e+22	6.67e-21	1.59e-13	6.46e-09	1.61e-05	3.32e-03	6.87e-02	3.30e-01	3.80e-01	1.80e-01	3.15e-02	6.61e-03	3.41e-05	0.00e+00
 1.41073e+22	9.46e-21	2.11e-13	8.15e-09	1.93e-05	3.79e-03	7.48e-02	3.42e-01	3.75e-01	1.70e-01	2.87e-02	5.79e-03	2.85e-05	0.00e+00
 1.45676e+22	1.50e-20	3.05e-13	1.10e-08	2.44e-05	4.48e-03	8.32e-02	3.57e-01	3.67e-01	1.59e-01	2.54e-02	4.88e-03	2.25e-05	0.00e+00
 1.50047e+22	2.28e-20	4.29e-13	1.44e-08	3.02e-05	5.21e-03	9.16e-02	3.70e-01	3.58e-01	1.48e-01	2.26e-02	4.15e-03	1.80e-05	0.00e+00
 1.53058e+22	3.00e-20	5.34e-13	1.73e-08	3.47e-05	5.75e-03	9.75e-02	3.78e-01	3.52e-01	1.41e-01	2.09e-02	3.72e-03	1.55e-05	0.00e+00
 1.55912e+22	3.90e-20	6.56e-13	2.04e-08	3.96e-05	6.31e-03	1.03e-01	3.86e-01	3.47e-01	1.35e-01	1.94e-02	3.36e-03	1.35e-05	0.00e+00
 1.59622e+22	5.50e-20	8.55e-13	2.53e-08	4.67e-05	7.09e-03	1.11e-01	3.96e-01	3.39e-01	1.27e-01	1.76e-02	2.94e-03	1.13e-05	0.00e+00
 1.64446e+22	8.46e-20	1.19e-12	3.30e-08	5.75e-05	8.19e-03	1.21e-01	4.07e-01	3.28e-01	1.17e-01	1.55e-02	2.48e-03	8.97e-06	0.00e+00
 1.69314e+22	1.27e-19	1.65e-12	4.29e-08	7.03e-05	9.42e-03	1.32e-01	4.18e-01	3.17e-01	1.08e-01	1.37e-02	2.08e-03	7.12e-06	0.00e+00
 1.73108e+22	1.71e-19	2.10e-12	5.22e-08	8.16e-05	1.05e-02	1.41e-01	4.25e-01	3.08e-01	1.02e-01	1.24e-02	1.83e-03	5.98e-06	0.00e+00
 1.76907e+22	2.32e-19	2.66e-12	6.31e-08	9.44e-05	1.16e-02	1.49e-01	4.31e-01	2.99e-01	9.54e-02	1.12e-02	1.61e-03	5.04e-06	0.00e+00
 1.81845e+22	3.42e-19	3.59e-12	8.03e-08	1.14e-04	1.31e-02	1.61e-01	4.39e-01	2.88e-01	8.78e-02	9.90e-03	1.36e-03	4.03e-06	0.00e+00
 1.87204e+22	5.08e-19	4.92e-12	1.03e-07	1.37e-04	1.49e-02	1.74e-01	4.46e-01	2.75e-01	8.02e-02	8.63e-03	1.14e-03	3.18e-06	0.00e+00
 1.91976e+22	7.14e-19	6.45e-12	1.28e-07	1.62e-04	1.67e-02	1.85e-01	4.51e-01	2.65e-01	7.40e-02	7.64e-03	9.72e-04	2.59e-06	0.00e+00
 1.97050e+22	1.01e-18	8.50e-12	1.60e-07	1.92e-04	1.87e-02	1.98e-01	4.55e-01	2.53e-01	6.79e-02	6.73e-03	8.26e-04	2.09e-06	0.00e+00
 2.03645e+22	1.57e-18	1.20e-11	2.11e-07	2.36e-04	2.15e-02	2.13e-01	4.59e-01	2.39e-01	6.08e-02	5.71e-03	6.70e-04	1.59e-06	0.00e+00
 2.10344e+22	2.39e-18	1.69e-11	2.77e-07	2.89e-04	2.46e-02	2.30e-01	4.61e-01	2.24e-01	5.42e-02	4.83e-03	5.42e-04	1.20e-06	0.00e+00
 2.15625e+22	3.25e-18	2.19e-11	3.39e-07	3.37e-04	2.72e-02	2.42e-01	4.62e-01	2.14e-01	4.96e-02	4.25e-03	4.61e-04	9.73e-07	0.00e+00
 2.20937e+22	4.45e-18	2.80e-11	4.13e-07	3.90e-04	3.00e-02	2.55e-01	4.62e-01	2.03e-01	4.53e-02	3.74e-03	3.93e-04	0.00e+00	0.00e+00
 2.27843e+22	6.53e-18	3.81e-11	5.28e-07	4.68e-04	3.38e-02	2.71e-01	4.61e-01	1.90e-01	4.04e-02	3.17e-03	3.21e-04	0.00e+00	0.00e+00
 2.35260e+22	9.76e-18	5.31e-11	6.85e-07	5.67e-04	3.82e-02	2.88e-01	4.58e-01	1.77e-01	3.56e-02	2.66e-03	2.57e-04	0.00e+00	0.00e+00
 2.41717e+22	1.36e-17	6.97e-11	8.49e-07	6.64e-04	4.23e-02	3.03e-01	4.54e-01	1.66e-01	3.19e-02	2.28e-03	2.14e-04	0.00e+00	0.00e+00
 2.48489e+22	1.89e-17	9.13e-11	1.05e-06	7.78e-04	4.68e-02	3.18e-01	4.49e-01	1.55e-01	2.86e-02	1.95e-03	1.77e-04	0.00e+00	0.00e+00
 2.55518e+22	2.65e-17	1.21e-10	1.31e-06	9.13e-04	5.17e-02	3.33e-01	4.43e-01	1.44e-01	2.54e-02	1.66e-03	1.45e-04	0.00e+00	0.00e+00
 2.61243e+22	3.39e-17	1.50e-10	1.55e-06	1.03e-03	5.58e-02	3.45e-01	4.38e-01	1.36e-01	2.31e-02	1.46e-03	1.24e-04	0.00e+00	0.00e+00
 2.67050e+22	4.41e-17	1.85e-10	1.83e-06	1.16e-03	6.02e-02	3.56e-01	4.32e-01	1.28e-01	2.10e-02	1.28e-03	1.06e-04	0.00e+00	0.00e+00
 2.74599e+22	6.13e-17	2.42e-10	2.26e-06	1.36e-03	6.61e-02	3.71e-01	4.23e-01	1.19e-01	1.86e-02	1.09e-03	8.72e-05	0.00e+00	0.00e+00
 2.82482e+22	8.50e-17	3.18e-10	2.80e-06	1.58e-03	7.26e-02	3.85e-01	4.14e-01	1.09e-01	1.64e-02	9.16e-04	7.09e-05	0.00e+00	0.00e+00
 2.89090e+22	1.10e-16	3.97e-10	3.32e-06	1.79e-03	7.82e-02	3.97e-01	4.05e-01	1.02e-01	1.47e-02	7.94e-04	5.98e-05	0.00e+00	0.00e+00
 2.95973e+22	1.44e-16	4.94e-10	3.95e-06	2.02e-03	8.42e-02	4.08e-01	3.96e-01	9.51e-02	1.32e-02	6.87e-04	5.04e-05	0.00e+00	0.00e+00
 3.04921e+22	2.02e-16	6.54e-10	4.91e-06	2.36e-03	9.22e-02	4.22e-01	3.84e-01	8.67e-02	1.14e-02	5.71e-04	4.05e-05	0.00e+00	0.00e+00
 3.14267e+22	2.83e-16	8.71e-10	6.13e-06	2.76e-03	1.01e-01	4.36e-01	3.71e-01	7.85e-02	9.87e-03	4.70e-04	3.22e-05	0.00e+00	0.00e+00
 3.21949e+22	3.68e-16	1.09e-09	7.29e-06	3.12e-03	1.08e-01	4.46e-01	3.61e-01	7.25e-02	8.75e-03	4.02e-04	2.68e-05	0.00e+00	0.00e+00
 3.29756e+22	4.79e-16	1.36e-09	8.65e-06	3.52e-03	1.16e-01	4.56e-01	3.50e-01	6.68e-02	7.76e-03	3.44e-04	2.23e-05	0.00e+00	0.00e+00
 3.39905e+22	6.69e-16	1.79e-09	1.07e-05	4.09e-03	1.26e-01	4.67e-01	3.35e-01	6.01e-02	6.66e-03	2.82e-04	1.77e-05	0.00e+00	0.00e+00
 3.50568e+22	9.37e-16	2.38e-09	1.34e-05	4.76e-03	1.37e-01	4.78e-01	3.20e-01	5.38e-02	5.66e-03	2.29e-04	1.39e-05	0.00e+00	0.00e+00
 3.59446e+22	1.22e-15	2.99e-09	1.59e-05	5.38e-03	1.47e-01	4.86e-01	3.08e-01	4.90e-02	4.95e-03	1.93e-04	1.14e-05	0.00e+00	0.00e+00
 3.68533e+22	1.60e-15	3.74e-09	1.89e-05	6.06e-03	1.57e-01	4.93e-01	2.95e-01	4.46e-02	4.33e-03	1.63e-04	9.37e-06	0.00e+00	0.00e+00
 3.80347e+22	2.23e-15	4.94e-09	2.35e-05	7.02e-03	1.69e-01	5.00e-01	2.80e-01	3.96e-02	3.66e-03	1.32e-04	7.33e-06	0.00e+00	0.00e+00
 3.92798e+22	3.17e-15	6.67e-09	2.95e-05	8.19e-03	1.83e-01	5.07e-01	2.63e-01	3.47e-02	3.04e-03	1.05e-04	5.61e-06	0.00e+00	0.00e+00
 4.03177e+22	4.17e-15	8.42e-09	3.52e-05	9.24e-03	1.95e-01	5.11e-01	2.50e-01	3.12e-02	2.62e-03	8.71e-05	4.53e-06	0.00e+00	0.00e+00
 4.13768e+22	5.49e-15	1.06e-08	4.21e-05	1.04e-02	2.07e-01	5.15e-01	2.37e-01	2.80e-02	2.26e-03	7.25e-05	3.67e-06	0.00e+00	0.00e+00
 4.27535e+22	7.81e-15	1.42e-08	5.26e-05	1.21e-02	2.23e-01	5.17e-01	2.21e-01	2.43e-02	1.87e-03	5.74e-05	2.80e-06	0.00e+00	0.00e+00
 4.41748e+22	1.11e-14	1.91e-08	6.59e-05	1.40e-02	2.39e-01	5.18e-01	2.06e-01	2.10e-02	1.53e-03	4.50e-05	2.12e-06	0.00e+00	0.00e+00
 4.53565e+22	1.46e-14	2.42e-08	7.89e-05	1.57e-02	2.53e-01	5.18e-01	1.93e-01	1.87e-02	1.30e-03	3.70e-05	1.70e-06	0.00e+00	0.00e+00
 4.65949e+22	1.95e-14	3.07e-08	9.47e-05	1.77e-02	2.67e-01	5.17e-01	1.81e-01	1.65e-02	1.11e-03	3.03e-05	1.35e-06	0.00e+00	0.00e+00
 4.82049e+22	2.81e-14	4.15e-08	1.19e-04	2.05e-02	2.85e-01	5.13e-01	1.66e-01	1.41e-02	8.98e-04	2.36e-05	1.02e-06	0.00e+00	0.00e+00
 4.98356e+22	4.06e-14	5.66e-08	1.50e-04	2.38e-02	3.04e-01	5.08e-01	1.52e-01	1.19e-02	7.22e-04	1.82e-05	7.53e-07	0.00e+00	0.00e+00
 5.10704e+22	5.29e-14	7.06e-08	1.78e-04	2.64e-02	3.17e-01	5.03e-01	1.42e-01	1.06e-02	6.15e-04	1.50e-05	0.00e+00	0.00e+00	0.00e+00
 5.22527e+22	6.83e-14	8.67e-08	2.08e-04	2.91e-02	3.30e-01	4.98e-01	1.33e-01	9.42e-03	5.30e-04	1.26e-05	0.00e+00	0.00e+00	0.00e+00
 5.37896e+22	9.49e-14	1.13e-07	2.54e-04	3.30e-02	3.47e-01	4.90e-01	1.22e-01	8.12e-03	4.38e-04	1.00e-05	0.00e+00	0.00e+00	0.00e+00
 5.53237e+22	1.31e-13	1.48e-07	3.09e-04	3.72e-02	3.63e-01	4.81e-01	1.12e-01	6.98e-03	3.61e-04	8.00e-06	0.00e+00	0.00e+00	0.00e+00
 5.66010e+22	1.71e-13	1.82e-07	3.63e-04	4.09e-02	3.76e-01	4.72e-01	1.04e-01	6.18e-03	3.09e-04	6.67e-06	0.00e+00	0.00e+00	0.00e+00
 5.80083e+22	2.29e-13	2.30e-07	4.32e-04	4.53e-02	3.90e-01	4.63e-01	9.60e-02	5.41e-03	2.61e-04	5.49e-06	0.00e+00	0.00e+00	0.00e+00
 5.95406e+22	3.15e-13	2.95e-07	5.20e-04	5.05e-02	4.04e-01	4.52e-01	8.79e-02	4.68e-03	2.18e-04	4.43e-06	0.00e+00	0.00e+00	0.00e+00
 6.09058e+22	4.18e-13	3.68e-07	6.12e-04	5.55e-02	4.17e-01	4.42e-01	8.12e-02	4.11e-03	1.85e-04	3.68e-06	0.00e+00	0.00e+00	0.00e+00
 6.21405e+22	5.37e-13	4.46e-07	7.06e-04	6.01e-02	4.28e-01	4.32e-01	7.57e-02	3.68e-03	1.61e-04	3.13e-06	0.00e+00	0.00e+00	0.00e+00
 6.35351e+22	7.24e-13	5.59e-07	8.34e-04	6.60e-02	4.39e-01	4.21e-01	6.98e-02	3.22e-03	1.37e-04	2.60e-06	0.00e+00	0.00e+00	0.00e+00
 6.50542e+22	9.98e-13	7.09e-07	9.93e-04	7.26e-02	4.52e-01	4.08e-01	6.39e-02	2.81e-03	1.16e-04	2.14e-06	0.00e+00	0.00e+00	0.00e+00
 6.63880e+22	1.33e-12	8.74e-07	1.16e-03	7.88e-02	4.62e-01	3.97e-01	5.91e-02	2.49e-03	9.99e-05	1.80e-06	0.00e+00	0.00e+00	0.00e+00
 6.75547e+22	1.73e-12	1.05e-06	1.32e-03	8.46e-02	4.70e-01	3.87e-01	5.52e-02	2.24e-03	8.79e-05	1.56e-06	0.00e+00	0.00e+00	0.00e+00
 6.88514e+22	2.32e-12	1.29e-06	1.54e-03	9.14e-02	4.79e-01	3.75e-01	5.12e-02	2.00e-03	7.65e-05	1.33e-06	0.00e+00	0.00e+00	0.00e+00
 7.02494e+22	3.23e-12	1.62e-06	1.81e-03	9.92e-02	4.87e-01	3.63e-01	4.72e-02	1.76e-03	6.58e-05	1.12e-06	0.00e+00	0.00e+00	0.00e+00
 7.14491e+22	4.31e-12	1.95e-06	2.07e-03	1.06e-01	4.94e-01	3.52e-01	4.40e-02	1.59e-03	5.80e-05	9.68e-07	0.00e+00	0.00e+00	0.00e+00
 7.24751e+22	5.58e-12	2.31e-06	2.34e-03	1.13e-01	5.00e-01	3.43e-01	4.14e-02	1.45e-03	5.22e-05	0.00e+00	0.00e+00	0.00e+00	0.00e+00
 7.36052e+22	7.34e-12	2.78e-06	2.68e-03	1.20e-01	5.05e-01	3.32e-01	3.86e-02	1.32e-03	4.63e-05	0.00e+00	0.00e+00	0.00e+00	0.00e+00
 7.48456e+22	1.05e-11	3.44e-06	3.11e-03	1.29e-01	5.11e-01	3.21e-01	3.59e-02	1.18e-03	4.09e-05	0.00e+00	0.00e+00	0.00e+00	0.00e+00
 7.59292e+22	1.43e-11	4.14e-06	3.55e-03	1.36e-01	5.15e-01	3.11e-01	3.37e-02	1.08e-03	3.66e-05	0.00e+00	0.00e+00	0.00e+00	0.00e+00
 7.68376e+22	1.89e-11	4.87e-06	3.98e-03	1.44e-01	5.18e-01	3.02e-01	3.18e-02	9.98e-04	3.34e-05	0.00e+00	0.00e+00	0.00e+00	0.00e+00
 7.78185e+22	2.52e-11	5.83e-06	4.53e-03	1.52e-01	5.21e-01	2.92e-01	2.99e-02	9.15e-04	3.02e-05	0.00e+00	0.00e+00	0.00e+00	0.00e+00
 7.88879e+22	3.71e-11	7.15e-06	5.22e-03	1.61e-01	5.23e-01	2.82e-01	2.80e-02	8.36e-04	2.72e-05	0.00e+00	0.00e+00	0.00e+00	0.00e+00
 7.98085e+22	5.18e-11	8.56e-06	5.94e-03	1.70e-01	5.25e-01	2.73e-01	2.64e-02	7.72e-04	2.48e-05	0.00e+00	0.00e+00	0.00e+00	0.00e+00
 8.05669e+22	6.74e-11	1.00e-05	6.67e-03	1.78e-01	5.25e-01	2.65e-01	2.50e-02	7.18e-04	2.28e-05	0.00e+00	0.00e+00	0.00e+00	0.00e+00
 8.13781e+22	9.59e-11	1.20e-05	7.57e-03	1.86e-01	5.26e-01	2.56e-01	2.36e-02	6.68e-04	2.10e-05	0.00e+00	0.00e+00	0.00e+00	0.00e+00
 8.22576e+22	1.40e-10	1.46e-05	8.74e-03	1.97e-01	5.25e-01	2.46e-01	2.21e-02	6.14e-04	1.91e-05	0.00e+00	0.00e+00	0.00e+00	0.00e+00
 8.30146e+22	1.97e-10	1.75e-05	9.99e-03	2.07e-01	5.24e-01	2.37e-01	2.09e-02	5.69e-04	1.75e-05	0.00e+00	0.00e+00	0.00e+00	0.00e+00
 8.36462e+22	2.66e-10	2.05e-05	1.13e-02	2.16e-01	5.23e-01	2.30e-01	1.98e-02	5.32e-04	1.63e-05	0.00e+00	0.00e+00	0.00e+00	0.00e+00
 8.43258e+22	3.76e-10	2.45e-05	1.29e-02	2.26e-01	5.21e-01	2.21e-01	1.87e-02	4.94e-04	1.50e-05	0.00e+00	0.00e+00	0.00e+00	0.00e+00
 8.50672e+22	5.57e-10	3.02e-05	1.51e-02	2.39e-01	5.17e-01	2.11e-01	1.74e-02	4.51e-04	1.36e-05	0.00e+00	0.00e+00	0.00e+00	0.00e+00
 8.57120e+22	8.02e-10	3.65e-05	1.75e-02	2.52e-01	5.12e-01	2.02e-01	1.62e-02	4.15e-04	1.24e-05	0.00e+00	0.00e+00	0.00e+00	0.00e+00
 8.62551e+22	1.10e-09	4.32e-05	2.01e-02	2.63e-01	5.08e-01	1.94e-01	1.52e-02	3.84e-04	1.14e-05	0.00e+00	0.00e+00	0.00e+00	0.00e+00
 8.68433e+22	1.57e-09	5.23e-05	2.34e-02	2.77e-01	5.01e-01	1.84e-01	1.41e-02	3.50e-04	1.03e-05	0.00e+00	0.00e+00	0.00e+00	0.00e+00
 8.74970e+22	2.35e-09	6.52e-05	2.79e-02	2.93e-01	4.92e-01	1.73e-01	1.29e-02	3.13e-04	9.21e-06	0.00e+00	0.00e+00	0.00e+00	0.00e+00
 8.80914e+22	3.45e-09	8.04e-05	3.31e-02	3.09e-01	4.83e-01	1.63e-01	1.17e-02	2.80e-04	8.19e-06	0.00e+00	0.00e+00	0.00e+00	0.00e+00
 8.86187e+22	4.87e-09	9.74e-05	3.88e-02	3.25e-01	4.72e-01	1.53e-01	1.07e-02	2.51e-04	7.31e-06	0.00e+00	0.00e+00	0.00e+00	0.00e+00
 8.92031e+22	7.10e-09	1.21e-04	4.64e-02	3.43e-01	4.59e-01	1.42e-01	9.57e-03	2.20e-04	6.37e-06	0.00e+00	0.00e+00	0.00e+00	0.00e+00
 8.98480e+22	1.08e-08	1.54e-04	5.66e-02	3.64e-01	4.42e-01	1.29e-01	8.37e-03	1.87e-04	5.40e-06	0.00e+00	0.00e+00	0.00e+00	0.00e+00
 9.04260e+22	1.59e-08	1.91e-04	6.76e-02	3.83e-01	4.24e-01	1.18e-01	7.33e-03	1.60e-04	4.60e-06	0.00e+00	0.00e+00	0.00e+00	0.00e+00
 9.09441e+22	2.23e-08	2.31e-04	7.92e-02	3.99e-01	4.07e-01	1.08e-01	6.46e-03	1.38e-04	3.94e-06	0.00e+00	0.00e+00	0.00e+00	0.00e+00
 9.15299e+22	3.23e-08	2.84e-04	9.42e-02	4.17e-01	3.86e-01	9.64e-02	5.53e-03	1.15e-04	3.27e-06	0.00e+00	0.00e+00	0.00e+00	0.00e+00
 9.22915e+22	5.18e-08	3.69e-04	1.17e-01	4.39e-01	3.57e-01	8.26e-02	4.46e-03	8.98e-05	2.53e-06	0.00e+00	0.00e+00	0.00e+00	0.00e+00
 9.30830e+22	8.42e-08	4.75e-04	1.43e-01	4.57e-01	3.26e-01	6.96e-02	3.53e-03	6.85e-05	1.91e-06	0.00e+00	0.00e+00	0.00e+00	0.00e+00
 9.37608e+22	1.27e-07	5.81e-04	1.68e-01	4.69e-01	2.99e-01	5.95e-02	2.86e-03	5.38e-05	1.49e-06	0.00e+00	0.00e+00	0.00e+00	0.00e+00
 9.44609e+22	1.93e-07	7.04e-04	1.96e-01	4.78e-01	2.72e-01	5.02e-02	2.28e-03	4.16e-05	1.14e-06	0.00e+00	0.00e+00	0.00e+00	0.00e+00
 9.52064e+22	3.02e-07	8.47e-04	2.27e-01	4.84e-01	2.44e-01	4.18e-02	1.79e-03	3.16e-05	8.55e-07	0.00e+00	0.00e+00	0.00e+00	0.00e+00
 9.59230e+22	4.71e-07	9.97e-04	2.58e-01	4.85e-01	2.20e-01	3.50e-02	1.41e-03	2.42e-05	0.00e+00	0.00e+00	0.00e+00	0.00e+00	0.00e+00
 9.67211e+22	7.76e-07	1.18e-03	2.92e-01	4.83e-01	1.94e-01	2.85e-02	1.08e-03	1.79e-05	0.00e+00	0.00e+00	0.00e+00	0.00e+00	0.00e+00
 9.76763e+22	1.43e-06	1.40e-03	3.33e-01	4.75e-01	1.67e-01	2.23e-02	7.85e-04	1.26e-05	0.00e+00	0.00e+00	0.00e+00	0.00e+00	0.00e+00
 9.87134e+22	2.50e-06	1.66e-03	3.76e-01	4.63e-01	1.42e-01	1.72e-02	5.60e-04	8.64e-06	0.00e+00	0.00e+00	0.00e+00	0.00e+00	0.00e+00
 9.97790e+22	4.08e-06	1.93e-03	4.18e-01	4.46e-01	1.20e-01	1.32e-02	3.98e-04	5.94e-06	0.00e+00	0.00e+00	0.00e+00	0.00e+00	0.00e+00
 1.00909e+23	6.09e-06	2.22e-03	4.60e-01	4.27e-01	1.00e-01	9.99e-03	2.80e-04	4.04e-06	0.00e+00	0.00e+00	0.00e+00	0.00e+00	0.00e+00
 1.02154e+23	8.17e-06	2.54e-03	5.03e-01	4.04e-01	8.30e-02	7.44e-03	1.93e-04	2.69e-06	0.00e+00	0.00e+00	0.00e+00	0.00e+00	0.00e+00
 1.03541e+23	1.03e-05	2.89e-03	5.46e-01	3.78e-01	6.76e-02	5.43e-03	1.30e-04	1.75e-06	0.00e+00	0.00e+00	0.00e+00	0.00e+00	0.00e+00
 1.05085e+23	1.24e-05	3.28e-03	5.89e-01	3.50e-01	5.41e-02	3.89e-03	8.52e-05	1.11e-06	0.00e+00	0.00e+00	0.00e+00	0.00e+00	0.00e+00
 1.06803e+23	1.45e-05	3.71e-03	6.31e-01	3.20e-01	4.28e-02	2.74e-03	5.49e-05	6.95e-07	0.00e+00	0.00e+00	0.00e+00	0.00e+00	0.00e+00
 1.08734e+23	1.65e-05	4.18e-03	6.72e-01	2.89e-01	3.33e-02	1.89e-03	3.47e-05	0.00e+00	0.00e+00	0.00e+00	0.00e+00	0.00e+00	0.00e+00
 1.10936e+23	1.84e-05	4.70e-03	7.11e-01	2.58e-01	2.54e-02	1.28e-03	2.14e-05	0.00e+00	0.00e+00	0.00e+00	0.00e+00	0.00e+00	0.00e+00
 1.13447e+23	2.05e-05	5.27e-03	7.48e-01	2.27e-01	1.91e-02	8.56e-04	1.30e-05	0.00e+00	0.00e+00	0.00e+00	0.00e+00	0.00e+00	0.00e+00
 1.16458e+23	2.25e-05	5.94e-03	7.84e-01	1.95e-01	1.39e-02	5.53e-04	7.64e-06	0.00e+00	0.00e+00	0.00e+00	0.00e+00	0.00e+00	0.00e+00
 1.19769e+23	2.49e-05	6.67e-03	8.16e-01	1.67e-01	1.02e-02	3.61e-04	4.55e-06	0.00e+00	0.00e+00	0.00e+00	0.00e+00	0.00e+00	0.00e+00
 1.22947e+23	2.71e-05	7.35e-03	8.39e-01	1.45e-01	7.72e-03	2.51e-04	2.94e-06	0.00e+00	0.00e+00	0.00e+00	0.00e+00	0.00e+00	0.00e+00
 1.26492e+23	2.96e-05	8.06e-03	8.61e-01	1.25e-01	5.86e-03	1.76e-04	1.92e-06	0.00e+00	0.00e+00	0.00e+00	0.00e+00	0.00e+00	0.00e+00
 1.31101e+23	3.33e-05	9.03e-03	8.82e-01	1.04e-01	4.25e-03	1.17e-04	1.17e-06	0.00e+00	0.00e+00	0.00e+00	0.00e+00	0.00e+00	0.00e+00
 1.36040e+23	3.85e-05	1.01e-02	9.00e-01	8.68e-02	3.17e-03	8.09e-05	7.57e-07	0.00e+00	0.00e+00	0.00e+00	0.00e+00	0.00e+00	0.00e+00
 1.40394e+23	4.38e-05	1.10e-02	9.12e-01	7.46e-02	2.52e-03	6.06e-05	0.00e+00	0.00e+00	0.00e+00	0.00e+00	0.00e+00	0.00e+00	0.00e+00
 1.45037e+23	4.99e-05	1.19e-02	9.22e-01	6.40e-02	2.04e-03	4.62e-05	0.00e+00	0.00e+00	0.00e+00	0.00e+00	0.00e+00	0.00e+00	0.00e+00
 1.50677e+23	5.98e-05	1.32e-02	9.32e-01	5.36e-02	1.63e-03	3.43e-05	0.00e+00	0.00e+00	0.00e+00	0.00e+00	0.00e+00	0.00e+00	0.00e+00
 1.56538e+23	7.39e-05	1.48e-02	9.39e-01	4.46e-02	1.33e-03	2.57e-05	0.00e+00	0.00e+00	0.00e+00	0.00e+00	0.00e+00	0.00e+00	0.00e+00
 1.61883e+23	9.09e-05	1.63e-02	9.45e-01	3.77e-02	1.13e-03	2.00e-05	0.00e+00	0.00e+00	0.00e+00	0.00e+00	0.00e+00	0.00e+00	0.00e+00
 1.66829e+23	1.10e-04	1.78e-02	9.49e-01	3.23e-02	9.82e-04	1.60e-05	0.00e+00	0.00e+00	0.00e+00	0.00e+00	0.00e+00	0.00e+00	0.00e+00
 1.71709e+23	1.32e-04	1.95e-02	9.52e-01	2.76e-02	8.64e-04	1.28e-05	0.00e+00	0.00e+00	0.00e+00	0.00e+00	0.00e+00	0.00e+00	0.00e+00
 1.76464e+23	1.61e-04	2.14e-02	9.54e-01	2.35e-02	7.69e-04	1.04e-05	0.00e+00	0.00e+00	0.00e+00	0.00e+00	0.00e+00	0.00e+00	0.00e+00
 1.80957e+23	1.94e-04	2.35e-02	9.56e-01	2.00e-02	6.89e-04	8.37e-06	0.00e+00	0.00e+00	0.00e+00	0.00e+00	0.00e+00	0.00e+00	0.00e+00
 1.85143e+23	2.32e-04	2.57e-02	9.56e-01	1.71e-02	6.23e-04	6.82e-06	0.00e+00	0.00e+00	0.00e+00	0.00e+00	0.00e+00	0.00e+00	0.00e+00
 1.89073e+23	2.75e-04	2.81e-02	9.56e-01	1.46e-02	5.65e-04	5.57e-06	0.00e+00	0.00e+00	0.00e+00	0.00e+00	0.00e+00	0.00e+00	0.00e+00
 1.92821e+23	3.24e-04	3.07e-02	9.56e-01	1.25e-02	5.14e-04	4.55e-06	0.00e+00	0.00e+00	0.00e+00	0.00e+00	0.00e+00	0.00e+00	0.00e+00
 1.96422e+23	3.80e-04	3.36e-02	9.55e-01	1.06e-02	4.66e-04	3.68e-06	0.00e+00	0.00e+00	0.00e+00	0.00e+00	0.00e+00	0.00e+00	0.00e+00
 1.99843e+23	4.46e-04	3.68e-02	9.53e-01	9.04e-03	4.22e-04	2.97e-06	0.00e+00	0.00e+00	0.00e+00	0.00e+00	0.00e+00	0.00e+00	0.00e+00
 2.03050e+23	5.18e-04	4.03e-02	9.51e-01	7.67e-03	3.81e-04	2.39e-06	0.00e+00	0.00e+00	0.00e+00	0.00e+00	0.00e+00	0.00e+00	0.00e+00
 2.05321e+23	5.87e-04	4.36e-02	9.49e-01	6.67e-03	3.47e-04	1.97e-06	0.00e+00	0.00e+00	0.00e+00	0.00e+00	0.00e+00	0.00e+00	0.00e+00
 2.06426e+23	6.19e-04	4.51e-02	9.48e-01	6.23e-03	3.32e-04	1.79e-06	0.00e+00	0.00e+00	0.00e+00	0.00e+00	0.00e+00	0.00e+00	0.00e+00
 2.07312e+23	6.46e-04	4.62e-02	9.47e-01	5.92e-03	3.21e-04	1.67e-06	0.00e+00	0.00e+00	0.00e+00	0.00e+00	0.00e+00	0.00e+00	0.00e+00
 2.08462e+23	6.83e-04	4.80e-02	9.45e-01	5.54e-03	3.08e-04	1.53e-06	0.00e+00	0.00e+00	0.00e+00	0.00e+00	0.00e+00	0.00e+00	0.00e+00
 2.09958e+23	7.35e-04	5.04e-02	9.43e-01	5.07e-03	2.90e-04	1.35e-06	0.00e+00	0.00e+00	0.00e+00	0.00e+00	0.00e+00	0.00e+00	0.00e+00
 2.11513e+23	8.00e-04	5.34e-02	9.41e-01	4.58e-03	2.71e-04	1.17e-06	0.00e+00	0.00e+00	0.00e+00	0.00e+00	0.00e+00	0.00e+00	0.00e+00
 2.12717e+23	8.54e-04	5.58e-02	9.39e-01	4.21e-03	2.55e-04	1.03e-06	0.00e+00	0.00e+00	0.00e+00	0.00e+00	0.00e+00	0.00e+00	0.00e+00
 2.13628e+23	9.00e-04	5.76e-02	9.37e-01	3.95e-03	2.44e-04	9.42e-07	0.00e+00	0.00e+00	0.00e+00	0.00e+00	0.00e+00	0.00e+00	0.00e+00
 2.14587e+23	9.43e-04	5.97e-02	9.35e-01	3.70e-03	2.33e-04	0.00e+00	0.00e+00	0.00e+00	0.00e+00	0.00e+00	0.00e+00	0.00e+00	0.00e+00
 2.15834e+23	1.01e-03	6.27e-02	9.33e-01	3.39e-03	2.19e-04	0.00e+00	0.00e+00	0.00e+00	0.00e+00	0.00e+00	0.00e+00	0.00e+00	0.00e+00
 2.17105e+23	1.09e-03	6.62e-02	9.29e-01	3.06e-03	2.03e-04	0.00e+00	0.00e+00	0.00e+00	0.00e+00	0.00e+00	0.00e+00	0.00e+00	0.00e+00
 2.18056e+23	1.15e-03	6.90e-02	9.27e-01	2.82e-03	1.91e-04	0.00e+00	0.00e+00	0.00e+00	0.00e+00	0.00e+00	0.00e+00	0.00e+00	0.00e+00
 2.18770e+23	1.21e-03	7.11e-02	9.25e-01	2.66e-03	1.83e-04	0.00e+00	0.00e+00	0.00e+00	0.00e+00	0.00e+00	0.00e+00	0.00e+00	0.00e+00
 2.19529e+23	1.26e-03	7.34e-02	9.23e-01	2.50e-03	1.74e-04	0.00e+00	0.00e+00	0.00e+00	0.00e+00	0.00e+00	0.00e+00	0.00e+00	0.00e+00
 2.20517e+23	1.33e-03	7.68e-02	9.19e-01	2.30e-03	1.64e-04	0.00e+00	0.00e+00	0.00e+00	0.00e+00	0.00e+00	0.00e+00	0.00e+00	0.00e+00
 2.21542e+23	1.42e-03	8.08e-02	9.16e-01	2.10e-03	1.52e-04	0.00e+00	0.00e+00	0.00e+00	0.00e+00	0.00e+00	0.00e+00	0.00e+00	0.00e+00
 2.22339e+23	1.50e-03	8.41e-02	9.12e-01	1.94e-03	1.42e-04	0.00e+00	0.00e+00	0.00e+00	0.00e+00	0.00e+00	0.00e+00	0.00e+00	0.00e+00
 2.22951e+23	1.56e-03	8.67e-02	9.10e-01	1.82e-03	1.36e-04	0.00e+00	0.00e+00	0.00e+00	0.00e+00	0.00e+00	0.00e+00	0.00e+00	0.00e+00
 2.23601e+23	1.62e-03	8.95e-02	9.07e-01	1.71e-03	1.29e-04	0.00e+00	0.00e+00	0.00e+00	0.00e+00	0.00e+00	0.00e+00	0.00e+00	0.00e+00
 2.24447e+23	1.71e-03	9.36e-02	9.03e-01	1.58e-03	1.21e-04	0.00e+00	0.00e+00	0.00e+00	0.00e+00	0.00e+00	0.00e+00	0.00e+00	0.00e+00
 2.25321e+23	1.83e-03	9.87e-02	8.98e-01	1.43e-03	1.11e-04	0.00e+00	0.00e+00	0.00e+00	0.00e+00	0.00e+00	0.00e+00	0.00e+00	0.00e+00
 2.25992e+23	1.91e-03	1.03e-01	8.94e-01	1.33e-03	1.04e-04	0.00e+00	0.00e+00	0.00e+00	0.00e+00	0.00e+00	0.00e+00	0.00e+00	0.00e+00
 2.26508e+23	1.98e-03	1.06e-01	8.91e-01	1.25e-03	9.92e-05	0.00e+00	0.00e+00	0.00e+00	0.00e+00	0.00e+00	0.00e+00	0.00e+00	0.00e+00
 2.27061e+23	2.06e-03	1.09e-01	8.87e-01	1.17e-03	9.42e-05	0.00e+00	0.00e+00	0.00e+00	0.00e+00	0.00e+00	0.00e+00	0.00e+00	0.00e+00
 2.27779e+23	2.17e-03	1.15e-01	8.82e-01	1.08e-03	8.77e-05	0.00e+00	0.00e+00	0.00e+00	0.00e+00	0.00e+00	0.00e+00	0.00e+00	0.00e+00
 2.28530e+23	2.31e-03	1.21e-01	8.76e-01	9.81e-04	8.06e-05	0.00e+00	0.00e+00	0.00e+00	0.00e+00	0.00e+00	0.00e+00	0.00e+00	0.00e+00
 2.29125e+23	2.41e-03	1.26e-01	8.71e-01	9.04e-04	7.50e-05	0.00e+00	0.00e+00	0.00e+00	0.00e+00	0.00e+00	0.00e+00	0.00e+00	0.00e+00
 2.29594e+23	2.50e-03	1.30e-01	8.66e-01	8.48e-04	7.09e-05	0.00e+00	0.00e+00	0.00e+00	0.00e+00	0.00e+00	0.00e+00	0.00e+00	0.00e+00
 2.30101e+23	2.59e-03	1.35e-01	8.61e-01	7.94e-04	6.68e-05	0.00e+00	0.00e+00	0.00e+00	0.00e+00	0.00e+00	0.00e+00	0.00e+00	0.00e+00
 2.30760e+23	2.74e-03	1.42e-01	8.54e-01	7.25e-04	6.17e-05	0.00e+00	0.00e+00	0.00e+00	0.00e+00	0.00e+00	0.00e+00	0.00e+00	0.00e+00
 2.31451e+23	2.91e-03	1.51e-01	8.45e-01	6.51e-04	5.60e-05	0.00e+00	0.00e+00	0.00e+00	0.00e+00	0.00e+00	0.00e+00	0.00e+00	0.00e+00
 2.32007e+23	3.06e-03	1.59e-01	8.37e-01	5.93e-04	5.14e-05	0.00e+00	0.00e+00	0.00e+00	0.00e+00	0.00e+00	0.00e+00	0.00e+00	0.00e+00
 2.32457e+23	3.17e-03	1.65e-01	8.31e-01	5.50e-04	4.80e-05	0.00e+00	0.00e+00	0.00e+00	0.00e+00	0.00e+00	0.00e+00	0.00e+00	0.00e+00
 2.32951e+23	3.30e-03	1.73e-01	8.23e-01	5.08e-04	4.46e-05	0.00e+00	0.00e+00	0.00e+00	0.00e+00	0.00e+00	0.00e+00	0.00e+00	0.00e+00
 2.33593e+23	3.51e-03	1.84e-01	8.12e-01	4.54e-04	4.02e-05	0.00e+00	0.00e+00	0.00e+00	0.00e+00	0.00e+00	0.00e+00	0.00e+00	0.00e+00
 2.34239e+23	3.76e-03	1.99e-01	7.97e-01	3.97e-04	3.55e-05	0.00e+00	0.00e+00	0.00e+00	0.00e+00	0.00e+00	0.00e+00	0.00e+00	0.00e+00
 2.34704e+23	3.93e-03	2.09e-01	7.86e-01	3.58e-04	3.22e-05	0.00e+00	0.00e+00	0.00e+00	0.00e+00	0.00e+00	0.00e+00	0.00e+00	0.00e+00
 2.35048e+23	4.04e-03	2.17e-01	7.78e-01	3.32e-04	3.00e-05	0.00e+00	0.00e+00	0.00e+00	0.00e+00	0.00e+00	0.00e+00	0.00e+00	0.00e+00
 2.35417e+23	4.18e-03	2.27e-01	7.69e-01	3.07e-04	2.78e-05	0.00e+00	0.00e+00	0.00e+00	0.00e+00	0.00e+00	0.00e+00	0.00e+00	0.00e+00
 2.35897e+23	4.39e-03	2.41e-01	7.54e-01	2.75e-04	2.51e-05	0.00e+00	0.00e+00	0.00e+00	0.00e+00	0.00e+00	0.00e+00	0.00e+00	0.00e+00
 2.36384e+23	4.65e-03	2.59e-01	7.36e-01	2.39e-04	2.20e-05	0.00e+00	0.00e+00	0.00e+00	0.00e+00	0.00e+00	0.00e+00	0.00e+00	0.00e+00
 2.36742e+23	4.83e-03	2.73e-01	7.22e-01	2.14e-04	1.98e-05	0.00e+00	0.00e+00	0.00e+00	0.00e+00	0.00e+00	0.00e+00	0.00e+00	0.00e+00
 2.37003e+23	4.93e-03	2.83e-01	7.12e-01	1.99e-04	1.84e-05	0.00e+00	0.00e+00	0.00e+00	0.00e+00	0.00e+00	0.00e+00	0.00e+00	0.00e+00
 2.37274e+23	5.05e-03	2.94e-01	7.01e-01	1.84e-04	1.70e-05	0.00e+00	0.00e+00	0.00e+00	0.00e+00	0.00e+00	0.00e+00	0.00e+00	0.00e+00
 2.37628e+23	5.23e-03	3.11e-01	6.84e-01	1.64e-04	1.53e-05	0.00e+00	0.00e+00	0.00e+00	0.00e+00	0.00e+00	0.00e+00	0.00e+00	0.00e+00
 2.37995e+23	5.45e-03	3.32e-01	6.62e-01	1.43e-04	1.34e-05	0.00e+00	0.00e+00	0.00e+00	0.00e+00	0.00e+00	0.00e+00	0.00e+00	0.00e+00
 2.38277e+23	5.61e-03	3.50e-01	6.45e-01	1.27e-04	1.19e-05	0.00e+00	0.00e+00	0.00e+00	0.00e+00	0.00e+00	0.00e+00	0.00e+00	0.00e+00
 2.38484e+23	5.67e-03	3.61e-01	6.34e-01	1.17e-04	1.10e-05	0.00e+00	0.00e+00	0.00e+00	0.00e+00	0.00e+00	0.00e+00	0.00e+00	0.00e+00
 2.38695e+23	5.75e-03	3.74e-01	6.20e-01	1.08e-04	1.01e-05	0.00e+00	0.00e+00	0.00e+00	0.00e+00	0.00e+00	0.00e+00	0.00e+00	0.00e+00
 2.38970e+23	5.87e-03	3.94e-01	6.00e-01	9.61e-05	9.05e-06	0.00e+00	0.00e+00	0.00e+00	0.00e+00	0.00e+00	0.00e+00	0.00e+00	0.00e+00
 2.39259e+23	5.98e-03	4.17e-01	5.76e-01	8.34e-05	7.87e-06	0.00e+00	0.00e+00	0.00e+00	0.00e+00	0.00e+00	0.00e+00	0.00e+00	0.00e+00
 2.39486e+23	6.02e-03	4.37e-01	5.57e-01	7.39e-05	6.99e-06	0.00e+00	0.00e+00	0.00e+00	0.00e+00	0.00e+00	0.00e+00	0.00e+00	0.00e+00
 2.39659e+23	6.01e-03	4.50e-01	5.44e-01	6.81e-05	6.44e-06	0.00e+00	0.00e+00	0.00e+00	0.00e+00	0.00e+00	0.00e+00	0.00e+00	0.00e+00
 2.39838e+23	5.98e-03	4.65e-01	5.29e-01	6.25e-05	5.92e-06	0.00e+00	0.00e+00	0.00e+00	0.00e+00	0.00e+00	0.00e+00	0.00e+00	0.00e+00
 2.40072e+23	5.94e-03	4.87e-01	5.07e-01	5.55e-05	5.25e-06	0.00e+00	0.00e+00	0.00e+00	0.00e+00	0.00e+00	0.00e+00	0.00e+00	0.00e+00
 2.40314e+23	5.85e-03	5.13e-01	4.81e-01	4.81e-05	4.56e-06	0.00e+00	0.00e+00	0.00e+00	0.00e+00	0.00e+00	0.00e+00	0.00e+00	0.00e+00
 2.40504e+23	5.69e-03	5.31e-01	4.63e-01	4.31e-05	4.08e-06	0.00e+00	0.00e+00	0.00e+00	0.00e+00	0.00e+00	0.00e+00	0.00e+00	0.00e+00
 2.40648e+23	5.53e-03	5.45e-01	4.50e-01	3.99e-05	3.78e-06	0.00e+00	0.00e+00	0.00e+00	0.00e+00	0.00e+00	0.00e+00	0.00e+00	0.00e+00
 2.40792e+23	5.34e-03	5.59e-01	4.36e-01	3.70e-05	3.51e-06	0.00e+00	0.00e+00	0.00e+00	0.00e+00	0.00e+00	0.00e+00	0.00e+00	0.00e+00
 2.40969e+23	5.10e-03	5.77e-01	4.18e-01	3.37e-05	3.19e-06	0.00e+00	0.00e+00	0.00e+00	0.00e+00	0.00e+00	0.00e+00	0.00e+00	0.00e+00
 2.41143e+23	4.80e-03	5.96e-01	4.00e-01	3.04e-05	2.88e-06	0.00e+00	0.00e+00	0.00e+00	0.00e+00	0.00e+00	0.00e+00	0.00e+00	0.00e+00
 2.41269e+23	4.52e-03	6.07e-01	3.89e-01	2.84e-05	2.69e-06	0.00e+00	0.00e+00	0.00e+00	0.00e+00	0.00e+00	0.00e+00	0.00e+00	0.00e+00
 2.41359e+23	4.30e-03	6.14e-01	3.81e-01	2.73e-05	2.58e-06	0.00e+00	0.00e+00	0.00e+00	0.00e+00	0.00e+00	0.00e+00	0.00e+00	0.00e+00
 2.41452e+23	4.09e-03	6.22e-01	3.74e-01	2.62e-05	2.48e-06	0.00e+00	0.00e+00	0.00e+00	0.00e+00	0.00e+00	0.00e+00	0.00e+00	0.00e+00
 2.41563e+23	3.83e-03	6.33e-01	3.64e-01	2.48e-05	2.34e-06	0.00e+00	0.00e+00	0.00e+00	0.00e+00	0.00e+00	0.00e+00	0.00e+00	0.00e+00
 2.41650e+23	3.59e-03	6.41e-01	3.55e-01	2.37e-05	2.23e-06	0.00e+00	0.00e+00	0.00e+00	0.00e+00	0.00e+00	0.00e+00	0.00e+00	0.00e+00
 2.41696e+23	3.47e-03	6.42e-01	3.54e-01	2.34e-05	2.20e-06	0.00e+00	0.00e+00	0.00e+00	0.00e+00	0.00e+00	0.00e+00	0.00e+00	0.00e+00
 2.41733e+23	3.35e-03	6.44e-01	3.52e-01	2.32e-05	2.18e-06	0.00e+00	0.00e+00	0.00e+00	0.00e+00	0.00e+00	0.00e+00	0.00e+00	0.00e+00
 2.41782e+23	3.23e-03	6.49e-01	3.48e-01	2.27e-05	2.14e-06	0.00e+00	0.00e+00	0.00e+00	0.00e+00	0.00e+00	0.00e+00	0.00e+00	0.00e+00
 2.41844e+23	3.07e-03	6.54e-01	3.43e-01	2.22e-05	2.08e-06	0.00e+00	0.00e+00	0.00e+00	0.00e+00	0.00e+00	0.00e+00	0.00e+00	0.00e+00
 2.41910e+23	2.89e-03	6.59e-01	3.38e-01	2.15e-05	2.02e-06	0.00e+00	0.00e+00	0.00e+00	0.00e+00	0.00e+00	0.00e+00	0.00e+00	0.00e+00
 2.41964e+23	2.73e-03	6.63e-01	3.34e-01	2.11e-05	1.98e-06	0.00e+00	0.00e+00	0.00e+00	0.00e+00	0.00e+00	0.00e+00	0.00e+00	0.00e+00
 2.42007e+23	2.62e-03	6.65e-01	3.33e-01	2.08e-05	1.95e-06	0.00e+00	0.00e+00	0.00e+00	0.00e+00	0.00e+00	0.00e+00	0.00e+00	0.00e+00
 2.42053e+23	2.48e-03	6.68e-01	3.30e-01	2.05e-05	1.92e-06	0.00e+00	0.00e+00	0.00e+00	0.00e+00	0.00e+00	0.00e+00	0.00e+00	0.00e+00
 2.42111e+23	2.33e-03	6.71e-01	3.26e-01	2.01e-05	1.88e-06	0.00e+00	0.00e+00	0.00e+00	0.00e+00	0.00e+00	0.00e+00	0.00e+00	0.00e+00
 2.42169e+23	2.17e-03	6.74e-01	3.24e-01	1.97e-05	1.84e-06	0.00e+00	0.00e+00	0.00e+00	0.00e+00	0.00e+00	0.00e+00	0.00e+00	0.00e+00
 2.42218e+23	2.03e-03	6.76e-01	3.22e-01	1.95e-05	1.81e-06	0.00e+00	0.00e+00	0.00e+00	0.00e+00	0.00e+00	0.00e+00	0.00e+00	0.00e+00
 2.42259e+23	1.92e-03	6.78e-01	3.20e-01	1.93e-05	1.79e-06	0.00e+00	0.00e+00	0.00e+00	0.00e+00	0.00e+00	0.00e+00	0.00e+00	0.00e+00
 2.42306e+23	1.79e-03	6.80e-01	3.18e-01	1.91e-05	1.77e-06	0.00e+00	0.00e+00	0.00e+00	0.00e+00	0.00e+00	0.00e+00	0.00e+00	0.00e+00
