#depth	Si	Si+	Si+2	Si+3	Si+4	Si+5	Si+6	Si+7	Si+8	Si+9	Si+10	Si+11	Si+12	Si+13	Si+14
 1.54284e+19	0.00e+00	8.44e-24	5.75e-20	7.79e-17	4.54e-12	9.26e-09	3.55e-06	2.63e-04	6.07e-03	4.39e-02	1.06e-01	1.73e-01	5.85e-01	8.23e-02	3.44e-03
 9.25702e+19	1.06e-33	1.43e-23	9.10e-20	1.15e-16	6.52e-12	1.30e-08	4.81e-06	3.42e-04	7.46e-03	5.11e-02	1.16e-01	1.79e-01	5.68e-01	7.48e-02	2.93e-03
 2.19083e+20	0.00e+00	3.43e-23	1.95e-19	2.19e-16	1.15e-11	2.21e-08	7.80e-06	5.18e-04	1.03e-02	6.47e-02	1.34e-01	1.87e-01	5.37e-01	6.37e-02	2.25e-03
 3.29311e+20	5.61e-33	7.01e-23	3.65e-19	3.72e-16	1.84e-11	3.41e-08	1.15e-05	7.25e-04	1.34e-02	7.78e-02	1.49e-01	1.93e-01	5.09e-01	5.53e-02	1.79e-03
 3.86390e+20	0.00e+00	1.00e-22	5.00e-19	4.84e-16	2.32e-11	4.23e-08	1.40e-05	8.54e-04	1.52e-02	8.51e-02	1.57e-01	1.95e-01	4.94e-01	5.14e-02	1.59e-03
 4.05132e+20	9.01e-33	1.11e-22	5.45e-19	5.23e-16	2.49e-11	4.51e-08	1.48e-05	8.96e-04	1.58e-02	8.73e-02	1.59e-01	1.96e-01	4.90e-01	5.03e-02	1.54e-03
 4.21441e+20	0.00e+00	1.22e-22	5.93e-19	5.62e-16	2.66e-11	4.78e-08	1.56e-05	9.37e-04	1.63e-02	8.94e-02	1.61e-01	1.96e-01	4.85e-01	4.92e-02	1.49e-03
 4.42642e+20	1.14e-32	1.38e-22	6.62e-19	6.17e-16	2.89e-11	5.16e-08	1.67e-05	9.93e-04	1.70e-02	9.22e-02	1.64e-01	1.97e-01	4.80e-01	4.79e-02	1.43e-03
 4.70204e+20	0.00e+00	1.63e-22	7.64e-19	6.97e-16	3.21e-11	5.69e-08	1.82e-05	1.07e-03	1.80e-02	9.59e-02	1.67e-01	1.97e-01	4.73e-01	4.63e-02	1.35e-03
 5.06035e+20	1.67e-32	2.01e-22	9.18e-19	8.15e-16	3.69e-11	6.45e-08	2.04e-05	1.18e-03	1.94e-02	1.01e-01	1.72e-01	1.98e-01	4.63e-01	4.42e-02	1.26e-03
 5.52615e+20	0.00e+00	2.62e-22	1.16e-18	9.95e-16	4.39e-11	7.57e-08	2.35e-05	1.33e-03	2.12e-02	1.07e-01	1.78e-01	1.99e-01	4.51e-01	4.16e-02	1.15e-03
 6.03262e+20	2.99e-32	3.50e-22	1.50e-18	1.24e-15	5.29e-11	8.98e-08	2.73e-05	1.51e-03	2.34e-02	1.15e-01	1.84e-01	2.00e-01	4.37e-01	3.90e-02	1.04e-03
 6.47295e+20	0.00e+00	4.47e-22	1.86e-18	1.49e-15	6.20e-11	1.04e-07	3.10e-05	1.68e-03	2.53e-02	1.21e-01	1.89e-01	2.00e-01	4.26e-01	3.69e-02	9.52e-04
 6.92633e+20	4.95e-32	5.70e-22	2.30e-18	1.78e-15	7.27e-11	1.20e-07	3.53e-05	1.87e-03	2.74e-02	1.28e-01	1.94e-01	2.00e-01	4.14e-01	3.48e-02	8.72e-04
 7.43480e+20	0.00e+00	7.49e-22	2.92e-18	2.19e-15	8.67e-11	1.41e-07	4.06e-05	2.10e-03	3.00e-02	1.36e-01	1.99e-01	2.00e-01	4.00e-01	3.25e-02	7.89e-04
 7.88370e+20	8.42e-32	9.49e-22	3.60e-18	2.61e-15	1.01e-10	1.61e-07	4.59e-05	2.33e-03	3.23e-02	1.42e-01	2.04e-01	1.99e-01	3.89e-01	3.07e-02	7.24e-04
 8.26519e+20	0.00e+00	1.15e-21	4.27e-18	3.03e-15	1.15e-10	1.81e-07	5.07e-05	2.53e-03	3.43e-02	1.48e-01	2.07e-01	1.99e-01	3.79e-01	2.92e-02	6.73e-04
 8.69023e+20	1.29e-31	1.43e-21	5.15e-18	3.56e-15	1.32e-10	2.05e-07	5.66e-05	2.77e-03	3.67e-02	1.55e-01	2.11e-01	1.98e-01	3.68e-01	2.77e-02	6.20e-04
 9.24278e+20	0.00e+00	1.88e-21	6.56e-18	4.38e-15	1.57e-10	2.41e-07	6.50e-05	3.11e-03	3.99e-02	1.63e-01	2.16e-01	1.96e-01	3.54e-01	2.57e-02	5.58e-04
 9.81862e+20	2.30e-31	2.50e-21	8.44e-18	5.42e-15	1.89e-10	2.83e-07	7.50e-05	3.50e-03	4.35e-02	1.73e-01	2.21e-01	1.95e-01	3.40e-01	2.39e-02	5.00e-04
 1.02868e+21	0.00e+00	3.12e-21	1.03e-17	6.42e-15	2.18e-10	3.22e-07	8.38e-05	3.83e-03	4.65e-02	1.80e-01	2.25e-01	1.93e-01	3.29e-01	2.24e-02	4.58e-04
 1.07575e+21	3.63e-31	3.88e-21	1.24e-17	7.57e-15	2.51e-10	3.65e-07	9.35e-05	4.19e-03	4.96e-02	1.87e-01	2.28e-01	1.91e-01	3.18e-01	2.11e-02	4.19e-04
 1.13694e+21	0.00e+00	5.15e-21	1.60e-17	9.38e-15	3.02e-10	4.30e-07	1.08e-04	4.70e-03	5.38e-02	1.97e-01	2.32e-01	1.89e-01	3.04e-01	1.95e-02	3.73e-04
 1.20145e+21	6.63e-31	6.93e-21	2.08e-17	1.17e-14	3.64e-10	5.08e-07	1.24e-04	5.29e-03	5.85e-02	2.07e-01	2.36e-01	1.86e-01	2.89e-01	1.79e-02	3.31e-04
 1.25549e+21	0.00e+00	8.79e-21	2.56e-17	1.40e-14	4.24e-10	5.81e-07	1.39e-04	5.80e-03	6.25e-02	2.15e-01	2.39e-01	1.83e-01	2.77e-01	1.67e-02	2.99e-04
 1.31092e+21	1.09e-30	1.11e-20	3.15e-17	1.68e-14	4.94e-10	6.66e-07	1.57e-04	6.37e-03	6.67e-02	2.24e-01	2.41e-01	1.81e-01	2.66e-01	1.55e-02	2.70e-04
 1.38298e+21	0.00e+00	1.51e-20	4.13e-17	2.11e-14	6.01e-10	7.91e-07	1.81e-04	7.17e-03	7.24e-02	2.34e-01	2.44e-01	1.77e-01	2.51e-01	1.41e-02	2.36e-04
 1.45935e+21	2.09e-30	2.09e-20	5.49e-17	2.69e-14	7.36e-10	9.45e-07	2.11e-04	8.10e-03	7.87e-02	2.46e-01	2.46e-01	1.72e-01	2.36e-01	1.27e-02	2.05e-04
 1.52422e+21	0.00e+00	2.72e-20	6.93e-17	3.29e-14	8.70e-10	1.09e-06	2.39e-04	8.95e-03	8.43e-02	2.55e-01	2.48e-01	1.68e-01	2.24e-01	1.17e-02	1.82e-04
 1.58062e+21	3.46e-30	3.40e-20	8.44e-17	3.89e-14	1.00e-09	1.24e-06	2.66e-04	9.74e-03	8.92e-02	2.63e-01	2.49e-01	1.65e-01	2.13e-01	1.08e-02	1.64e-04
 1.64314e+21	0.00e+00	4.34e-20	1.05e-16	4.68e-14	1.17e-09	1.42e-06	2.98e-04	1.07e-02	9.47e-02	2.72e-01	2.49e-01	1.61e-01	2.02e-01	9.95e-03	1.46e-04
 1.72442e+21	6.15e-30	5.91e-20	1.37e-16	5.90e-14	1.42e-09	1.68e-06	3.44e-04	1.19e-02	1.02e-01	2.82e-01	2.50e-01	1.56e-01	1.89e-01	8.91e-03	1.26e-04
 1.80888e+21	0.00e+00	8.16e-20	1.82e-16	7.50e-14	1.73e-09	2.00e-06	3.98e-04	1.34e-02	1.10e-01	2.93e-01	2.49e-01	1.50e-01	1.75e-01	7.93e-03	1.08e-04
 1.87861e+21	1.12e-29	1.05e-19	2.28e-16	9.07e-14	2.03e-09	2.29e-06	4.47e-04	1.47e-02	1.17e-01	3.02e-01	2.49e-01	1.45e-01	1.65e-01	7.22e-03	9.47e-05
 1.95040e+21	0.00e+00	1.36e-19	2.86e-16	1.10e-13	2.39e-09	2.64e-06	5.01e-04	1.61e-02	1.24e-01	3.10e-01	2.47e-01	1.41e-01	1.55e-01	6.55e-03	8.31e-05
 2.04373e+21	2.04e-29	1.89e-19	3.80e-16	1.40e-13	2.91e-09	3.14e-06	5.81e-04	1.80e-02	1.33e-01	3.20e-01	2.45e-01	1.34e-01	1.42e-01	5.75e-03	6.98e-05
 2.14168e+21	0.00e+00	2.66e-19	5.14e-16	1.80e-13	3.57e-09	3.75e-06	6.74e-04	2.03e-02	1.44e-01	3.30e-01	2.42e-01	1.28e-01	1.30e-01	5.01e-03	5.81e-05
 2.22283e+21	3.87e-29	3.50e-19	6.53e-16	2.20e-13	4.20e-09	4.32e-06	7.60e-04	2.23e-02	1.52e-01	3.38e-01	2.39e-01	1.23e-01	1.20e-01	4.47e-03	5.00e-05
 2.30552e+21	0.00e+00	4.59e-19	8.26e-16	2.69e-13	4.96e-09	4.98e-06	8.54e-04	2.44e-02	1.61e-01	3.45e-01	2.36e-01	1.17e-01	1.11e-01	3.99e-03	4.30e-05
 2.41302e+21	7.27e-29	6.48e-19	1.12e-15	3.46e-13	6.08e-09	5.95e-06	9.91e-04	2.73e-02	1.72e-01	3.54e-01	2.31e-01	1.11e-01	1.00e-01	3.43e-03	3.52e-05
 2.52476e+21	0.00e+00	9.29e-19	1.53e-15	4.49e-13	7.49e-09	7.12e-06	1.15e-03	3.07e-02	1.84e-01	3.62e-01	2.26e-01	1.04e-01	8.98e-02	2.92e-03	2.85e-05
 2.61596e+21	1.40e-28	1.23e-18	1.95e-15	5.51e-13	8.83e-09	8.20e-06	1.30e-03	3.36e-02	1.94e-01	3.67e-01	2.21e-01	9.82e-02	8.21e-02	2.57e-03	2.40e-05
 2.70846e+21	0.00e+00	1.62e-18	2.47e-15	6.73e-13	1.04e-08	9.43e-06	1.45e-03	3.67e-02	2.04e-01	3.72e-01	2.15e-01	9.29e-02	7.50e-02	2.25e-03	2.03e-05
 2.81068e+21	2.53e-28	2.21e-18	3.23e-15	8.40e-13	1.24e-08	1.10e-05	1.65e-03	4.04e-02	2.15e-01	3.77e-01	2.09e-01	8.72e-02	6.77e-02	1.94e-03	1.67e-05
 2.90180e+21	0.00e+00	2.89e-18	4.08e-15	1.02e-12	1.44e-08	1.25e-05	1.83e-03	4.39e-02	2.25e-01	3.80e-01	2.03e-01	8.23e-02	6.17e-02	1.70e-03	1.41e-05
 2.98231e+21	4.18e-28	3.64e-18	4.98e-15	1.20e-12	1.64e-08	1.40e-05	2.01e-03	4.71e-02	2.33e-01	3.82e-01	1.98e-01	7.82e-02	5.69e-02	1.52e-03	1.21e-05
 3.07273e+21	0.00e+00	4.69e-18	6.20e-15	1.44e-12	1.90e-08	1.58e-05	2.23e-03	5.09e-02	2.43e-01	3.84e-01	1.92e-01	7.38e-02	5.19e-02	1.33e-03	1.03e-05
 3.19027e+21	7.48e-28	6.52e-18	8.23e-15	1.83e-12	2.29e-08	1.85e-05	2.54e-03	5.62e-02	2.55e-01	3.86e-01	1.85e-01	6.83e-02	4.60e-02	1.12e-03	8.25e-06
 3.30963e+21	0.00e+00	9.12e-18	1.10e-14	2.32e-12	2.75e-08	2.17e-05	2.88e-03	6.19e-02	2.68e-01	3.86e-01	1.76e-01	6.30e-02	4.05e-02	9.42e-04	6.58e-06
 3.40309e+21	1.34e-27	1.17e-17	1.37e-14	2.78e-12	3.17e-08	2.44e-05	3.17e-03	6.66e-02	2.77e-01	3.86e-01	1.70e-01	5.91e-02	3.68e-02	8.23e-04	5.53e-06
 3.49628e+21	1.70e-27	1.50e-17	1.69e-14	3.31e-12	3.63e-08	2.74e-05	3.49e-03	7.14e-02	2.86e-01	3.85e-01	1.64e-01	5.55e-02	3.34e-02	7.20e-04	4.67e-06
 3.61743e+21	2.33e-27	2.06e-17	2.22e-14	4.16e-12	4.34e-08	3.18e-05	3.93e-03	7.81e-02	2.98e-01	3.83e-01	1.56e-01	5.10e-02	2.94e-02	6.04e-04	3.73e-06
 3.74616e+21	3.24e-27	2.89e-17	2.97e-14	5.30e-12	5.23e-08	3.71e-05	4.45e-03	8.57e-02	3.10e-01	3.80e-01	1.47e-01	4.65e-02	2.56e-02	4.99e-04	2.93e-06
 3.85585e+21	4.22e-27	3.82e-17	3.79e-14	6.48e-12	6.10e-08	4.22e-05	4.93e-03	9.24e-02	3.20e-01	3.76e-01	1.40e-01	4.30e-02	2.28e-02	4.26e-04	2.39e-06
 3.96957e+21	5.52e-27	5.05e-17	4.82e-14	7.94e-12	7.15e-08	4.81e-05	5.47e-03	9.97e-02	3.30e-01	3.72e-01	1.33e-01	3.96e-02	2.02e-02	3.61e-04	1.94e-06
 4.11741e+21	7.86e-27	7.27e-17	6.61e-14	1.03e-11	8.76e-08	5.68e-05	6.24e-03	1.10e-01	3.42e-01	3.65e-01	1.23e-01	3.56e-02	1.73e-02	2.91e-04	1.48e-06
 4.27035e+21	1.12e-26	1.06e-16	9.19e-14	1.36e-11	1.08e-07	6.73e-05	7.13e-03	1.21e-01	3.54e-01	3.57e-01	1.14e-01	3.17e-02	1.46e-02	2.33e-04	1.12e-06
 4.39346e+21	1.49e-26	1.42e-16	1.19e-13	1.68e-11	1.27e-07	7.69e-05	7.91e-03	1.30e-01	3.63e-01	3.50e-01	1.07e-01	2.90e-02	1.28e-02	1.95e-04	8.94e-07
 4.51703e+21	1.95e-26	1.89e-16	1.52e-13	2.07e-11	1.50e-07	8.76e-05	8.74e-03	1.39e-01	3.71e-01	3.42e-01	1.01e-01	2.65e-02	1.13e-02	1.64e-04	0.00e+00
 4.67767e+21	2.78e-26	2.74e-16	2.09e-13	2.72e-11	1.85e-07	1.04e-04	9.94e-03	1.53e-01	3.81e-01	3.31e-01	9.21e-02	2.34e-02	9.47e-03	1.30e-04	0.00e+00
 4.84634e+21	4.01e-26	4.04e-16	2.94e-13	3.62e-11	2.30e-07	1.23e-04	1.13e-02	1.67e-01	3.90e-01	3.19e-01	8.38e-02	2.06e-02	7.89e-03	1.02e-04	0.00e+00
 4.97718e+21	5.30e-26	5.40e-16	3.79e-13	4.48e-11	2.71e-07	1.40e-04	1.25e-02	1.78e-01	3.96e-01	3.10e-01	7.78e-02	1.86e-02	6.86e-03	8.46e-05	0.00e+00
 5.08111e+21	6.56e-26	6.73e-16	4.59e-13	5.28e-11	3.08e-07	1.55e-04	1.35e-02	1.87e-01	4.00e-01	3.02e-01	7.34e-02	1.72e-02	6.16e-03	7.32e-05	0.00e+00
 5.19831e+21	8.35e-26	8.63e-16	5.71e-13	6.36e-11	3.56e-07	1.74e-04	1.46e-02	1.98e-01	4.04e-01	2.93e-01	6.86e-02	1.58e-02	5.43e-03	6.21e-05	0.00e+00
 5.35068e+21	1.14e-25	1.19e-15	7.57e-13	8.09e-11	4.29e-07	2.00e-04	1.63e-02	2.12e-01	4.09e-01	2.81e-01	6.27e-02	1.40e-02	4.62e-03	5.02e-05	0.00e+00
 5.51017e+21	1.57e-25	1.66e-15	1.01e-12	1.04e-10	5.20e-07	2.32e-04	1.81e-02	2.27e-01	4.12e-01	2.69e-01	5.69e-02	1.24e-02	3.90e-03	4.02e-05	0.00e+00
 5.64201e+21	2.03e-25	2.16e-15	1.28e-12	1.27e-10	6.06e-07	2.61e-04	1.97e-02	2.40e-01	4.14e-01	2.59e-01	5.27e-02	1.12e-02	3.40e-03	3.36e-05	0.00e+00
 5.77647e+21	2.62e-25	2.80e-15	1.61e-12	1.55e-10	7.07e-07	2.94e-04	2.14e-02	2.53e-01	4.15e-01	2.49e-01	4.86e-02	1.01e-02	2.95e-03	2.80e-05	0.00e+00
 5.95128e+21	3.64e-25	3.91e-15	2.16e-12	2.00e-10	8.63e-07	3.42e-04	2.39e-02	2.70e-01	4.16e-01	2.35e-01	4.36e-02	8.81e-03	2.46e-03	2.21e-05	0.00e+00
 6.13199e+21	5.09e-25	5.50e-15	2.93e-12	2.59e-10	1.05e-06	3.97e-04	2.65e-02	2.87e-01	4.15e-01	2.22e-01	3.90e-02	7.66e-03	2.04e-03	1.73e-05	0.00e+00
 6.27857e+21	6.60e-25	7.16e-15	3.71e-12	3.17e-10	1.23e-06	4.47e-04	2.88e-02	3.01e-01	4.14e-01	2.12e-01	3.57e-02	6.86e-03	1.76e-03	1.43e-05	0.00e+00
 6.42733e+21	8.53e-25	9.26e-15	4.66e-12	3.87e-10	1.44e-06	5.02e-04	3.12e-02	3.15e-01	4.12e-01	2.01e-01	3.26e-02	6.13e-03	1.51e-03	1.18e-05	0.00e+00
 6.62071e+21	1.19e-24	1.29e-14	6.27e-12	5.01e-10	1.76e-06	5.82e-04	3.45e-02	3.33e-01	4.08e-01	1.88e-01	2.89e-02	5.28e-03	1.24e-03	9.18e-06	0.00e+00
 6.82372e+21	1.67e-24	1.82e-14	8.51e-12	6.54e-10	2.15e-06	6.76e-04	3.82e-02	3.52e-01	4.03e-01	1.75e-01	2.55e-02	4.53e-03	1.02e-03	7.08e-06	0.00e+00
 6.99375e+21	2.20e-24	2.39e-14	1.09e-11	8.08e-10	2.53e-06	7.62e-04	4.13e-02	3.67e-01	3.98e-01	1.65e-01	2.30e-02	3.99e-03	8.60e-04	5.73e-06	0.00e+00
 7.16929e+21	2.90e-24	3.12e-14	1.38e-11	9.98e-10	2.99e-06	8.59e-04	4.48e-02	3.82e-01	3.92e-01	1.55e-01	2.06e-02	3.50e-03	7.26e-04	4.62e-06	0.00e+00
 7.39749e+21	4.12e-24	4.41e-14	1.88e-11	1.31e-09	3.68e-06	1.00e-03	4.95e-02	4.02e-01	3.84e-01	1.43e-01	1.79e-02	2.96e-03	5.82e-04	3.49e-06	0.00e+00
 7.63689e+21	5.94e-24	6.28e-14	2.59e-11	1.73e-09	4.55e-06	1.16e-03	5.47e-02	4.21e-01	3.74e-01	1.31e-01	1.55e-02	2.48e-03	4.64e-04	2.62e-06	0.00e+00
 7.83867e+21	7.98e-24	8.33e-14	3.34e-11	2.16e-09	5.39e-06	1.32e-03	5.91e-02	4.36e-01	3.66e-01	1.22e-01	1.37e-02	2.15e-03	3.85e-04	2.07e-06	0.00e+00
 8.01083e+21	1.02e-23	1.05e-13	4.11e-11	2.60e-09	6.21e-06	1.46e-03	6.30e-02	4.49e-01	3.58e-01	1.14e-01	1.24e-02	1.90e-03	3.29e-04	1.70e-06	0.00e+00
 8.19665e+21	1.32e-23	1.34e-13	5.12e-11	3.15e-09	7.21e-06	1.62e-03	6.74e-02	4.62e-01	3.50e-01	1.07e-01	1.11e-02	1.66e-03	2.78e-04	1.37e-06	0.00e+00
 8.43821e+21	1.83e-23	1.83e-13	6.78e-11	4.04e-09	8.71e-06	1.85e-03	7.33e-02	4.78e-01	3.38e-01	9.73e-02	9.60e-03	1.40e-03	2.23e-04	1.04e-06	0.00e+00
 8.68614e+21	2.55e-23	2.49e-13	9.00e-11	5.17e-09	1.05e-05	2.11e-03	7.95e-02	4.93e-01	3.27e-01	8.87e-02	8.30e-03	1.18e-03	1.79e-04	7.92e-07	0.00e+00
 8.88444e+21	3.28e-23	3.16e-13	1.11e-10	6.24e-09	1.21e-05	2.33e-03	8.45e-02	5.04e-01	3.18e-01	8.25e-02	7.41e-03	1.03e-03	1.51e-04	0.00e+00	0.00e+00
 9.08432e+21	4.19e-23	3.96e-13	1.37e-10	7.50e-09	1.39e-05	2.58e-03	8.97e-02	5.15e-01	3.08e-01	7.67e-02	6.61e-03	9.02e-04	1.28e-04	0.00e+00	0.00e+00
 9.34417e+21	5.72e-23	5.30e-13	1.78e-10	9.49e-09	1.67e-05	2.92e-03	9.67e-02	5.28e-01	2.96e-01	6.96e-02	5.70e-03	7.58e-04	1.02e-04	0.00e+00	0.00e+00
 9.61741e+21	7.89e-23	7.17e-13	2.35e-10	1.21e-08	2.00e-05	3.31e-03	1.04e-01	5.41e-01	2.83e-01	6.30e-02	4.90e-03	6.34e-04	8.17e-05	0.00e+00	0.00e+00
 9.84599e+21	1.02e-22	9.11e-13	2.92e-10	1.47e-08	2.31e-05	3.65e-03	1.10e-01	5.50e-01	2.73e-01	5.80e-02	4.32e-03	5.47e-04	6.80e-05	0.00e+00	0.00e+00
 1.00811e+22	1.32e-22	1.15e-12	3.61e-10	1.77e-08	2.67e-05	4.04e-03	1.17e-01	5.58e-01	2.63e-01	5.33e-02	3.81e-03	4.72e-04	5.65e-05	0.00e+00	0.00e+00
 1.03867e+22	1.82e-22	1.55e-12	4.75e-10	2.26e-08	3.21e-05	4.58e-03	1.26e-01	5.69e-01	2.50e-01	4.78e-02	3.23e-03	3.89e-04	4.44e-05	0.00e+00	0.00e+00
 1.07037e+22	2.53e-22	2.11e-12	6.29e-10	2.90e-08	3.85e-05	5.18e-03	1.35e-01	5.78e-01	2.37e-01	4.27e-02	2.73e-03	3.21e-04	3.49e-05	0.00e+00	0.00e+00
 1.09641e+22	3.28e-22	2.67e-12	7.81e-10	3.52e-08	4.45e-05	5.71e-03	1.42e-01	5.84e-01	2.27e-01	3.90e-02	2.39e-03	2.74e-04	2.87e-05	0.00e+00	0.00e+00
 1.12309e+22	4.22e-22	3.37e-12	9.65e-10	4.26e-08	5.14e-05	6.29e-03	1.50e-01	5.89e-01	2.16e-01	3.55e-02	2.09e-03	2.34e-04	2.36e-05	0.00e+00	0.00e+00
 1.15777e+22	5.84e-22	4.52e-12	1.27e-09	5.43e-08	6.17e-05	7.11e-03	1.60e-01	5.96e-01	2.04e-01	3.15e-02	1.75e-03	1.91e-04	1.84e-05	0.00e+00	0.00e+00
 1.19435e+22	8.19e-22	6.15e-12	1.68e-09	6.99e-08	7.43e-05	8.04e-03	1.71e-01	6.00e-01	1.91e-01	2.78e-02	1.46e-03	1.55e-04	1.42e-05	0.00e+00	0.00e+00
 1.22506e+22	1.08e-21	7.85e-12	2.11e-09	8.55e-08	8.62e-05	8.88e-03	1.80e-01	6.03e-01	1.81e-01	2.51e-02	1.26e-03	1.31e-04	1.15e-05	0.00e+00	0.00e+00
 1.25666e+22	1.40e-21	9.95e-12	2.62e-09	1.04e-07	1.00e-04	9.80e-03	1.90e-01	6.05e-01	1.71e-01	2.26e-02	1.09e-03	1.10e-04	9.29e-06	0.00e+00	0.00e+00
 1.29773e+22	1.98e-21	1.35e-11	3.47e-09	1.34e-07	1.21e-04	1.11e-02	2.02e-01	6.07e-01	1.59e-01	1.97e-02	8.97e-04	8.85e-05	7.08e-06	0.00e+00	0.00e+00
 1.34044e+22	2.82e-21	1.84e-11	4.63e-09	1.74e-07	1.46e-04	1.25e-02	2.15e-01	6.07e-01	1.48e-01	1.72e-02	7.38e-04	7.07e-05	5.37e-06	0.00e+00	0.00e+00
 1.37533e+22	3.73e-21	2.34e-11	5.80e-09	2.13e-07	1.69e-04	1.38e-02	2.25e-01	6.06e-01	1.39e-01	1.54e-02	6.30e-04	5.91e-05	4.30e-06	0.00e+00	0.00e+00
 1.41073e+22	4.88e-21	2.94e-11	7.16e-09	2.58e-07	1.95e-04	1.51e-02	2.36e-01	6.04e-01	1.31e-01	1.38e-02	5.41e-04	4.97e-05	3.48e-06	0.00e+00	0.00e+00
 1.45676e+22	6.90e-21	3.94e-11	9.41e-09	3.31e-07	2.34e-04	1.70e-02	2.49e-01	6.01e-01	1.20e-01	1.19e-02	4.44e-04	3.96e-05	2.64e-06	0.00e+00	0.00e+00
 1.50047e+22	9.58e-21	5.21e-11	1.22e-08	4.19e-07	2.77e-04	1.90e-02	2.62e-01	5.96e-01	1.12e-01	1.05e-02	3.69e-04	3.21e-05	2.04e-06	0.00e+00	0.00e+00
 1.53058e+22	1.18e-20	6.22e-11	1.44e-08	4.87e-07	3.10e-04	2.03e-02	2.71e-01	5.93e-01	1.06e-01	9.57e-03	3.27e-04	2.80e-05	1.72e-06	0.00e+00	0.00e+00
 1.55912e+22	1.44e-20	7.30e-11	1.67e-08	5.59e-07	3.43e-04	2.17e-02	2.79e-01	5.89e-01	1.01e-01	8.79e-03	2.91e-04	2.45e-05	1.46e-06	0.00e+00	0.00e+00
 1.59622e+22	1.86e-20	8.99e-11	2.04e-08	6.69e-07	3.91e-04	2.36e-02	2.90e-01	5.84e-01	9.45e-02	7.88e-03	2.51e-04	2.07e-05	1.19e-06	0.00e+00	0.00e+00
 1.64446e+22	2.58e-20	1.17e-10	2.61e-08	8.39e-07	4.61e-04	2.62e-02	3.03e-01	5.76e-01	8.70e-02	6.86e-03	2.08e-04	1.68e-05	9.18e-07	0.00e+00	0.00e+00
 1.69314e+22	3.52e-20	1.52e-10	3.34e-08	1.05e-06	5.42e-04	2.89e-02	3.16e-01	5.68e-01	8.01e-02	5.97e-03	1.72e-04	1.36e-05	0.00e+00	0.00e+00	0.00e+00
 1.73108e+22	4.41e-20	1.85e-10	4.00e-08	1.24e-06	6.12e-04	3.12e-02	3.27e-01	5.61e-01	7.52e-02	5.38e-03	1.49e-04	1.16e-05	0.00e+00	0.00e+00	0.00e+00
 1.76907e+22	5.52e-20	2.21e-10	4.75e-08	1.46e-06	6.88e-04	3.36e-02	3.37e-01	5.54e-01	7.05e-02	4.85e-03	1.30e-04	9.89e-06	0.00e+00	0.00e+00	0.00e+00
 1.81845e+22	7.38e-20	2.80e-10	5.94e-08	1.79e-06	7.99e-04	3.68e-02	3.49e-01	5.44e-01	6.49e-02	4.24e-03	1.09e-04	8.09e-06	0.00e+00	0.00e+00	0.00e+00
 1.87204e+22	9.96e-20	3.61e-10	7.54e-08	2.23e-06	9.33e-04	4.05e-02	3.63e-01	5.33e-01	5.94e-02	3.68e-03	9.00e-05	6.54e-06	0.00e+00	0.00e+00	0.00e+00
 1.91976e+22	1.29e-19	4.47e-10	9.24e-08	2.69e-06	1.07e-03	4.39e-02	3.74e-01	5.23e-01	5.50e-02	3.25e-03	7.63e-05	5.44e-06	0.00e+00	0.00e+00	0.00e+00
 1.97050e+22	1.67e-19	5.55e-10	1.13e-07	3.26e-06	1.23e-03	4.77e-02	3.86e-01	5.12e-01	5.06e-02	2.86e-03	6.44e-05	4.50e-06	0.00e+00	0.00e+00	0.00e+00
 2.03645e+22	2.32e-19	7.32e-10	1.47e-07	4.14e-06	1.45e-03	5.29e-02	4.00e-01	4.97e-01	4.56e-02	2.42e-03	5.19e-05	3.53e-06	0.00e+00	0.00e+00	0.00e+00
 2.10344e+22	3.18e-19	9.67e-10	1.92e-07	5.28e-06	1.72e-03	5.85e-02	4.15e-01	4.82e-01	4.09e-02	2.05e-03	4.17e-05	2.77e-06	0.00e+00	0.00e+00	0.00e+00
 2.15625e+22	4.01e-19	1.19e-09	2.33e-07	6.31e-06	1.96e-03	6.31e-02	4.25e-01	4.70e-01	3.77e-02	1.81e-03	3.54e-05	2.31e-06	0.00e+00	0.00e+00	0.00e+00
 2.20937e+22	5.07e-19	1.44e-09	2.79e-07	7.50e-06	2.22e-03	6.78e-02	4.36e-01	4.58e-01	3.47e-02	1.60e-03	3.01e-05	1.93e-06	0.00e+00	0.00e+00	0.00e+00
 2.27843e+22	6.79e-19	1.85e-09	3.54e-07	9.32e-06	2.58e-03	7.42e-02	4.48e-01	4.43e-01	3.13e-02	1.36e-03	2.46e-05	1.54e-06	0.00e+00	0.00e+00	0.00e+00
 2.35260e+22	9.14e-19	2.42e-09	4.56e-07	1.18e-05	3.04e-03	8.15e-02	4.60e-01	4.26e-01	2.79e-02	1.15e-03	1.97e-05	1.21e-06	0.00e+00	0.00e+00	0.00e+00
 2.41717e+22	1.17e-18	3.01e-09	5.61e-07	1.43e-05	3.48e-03	8.80e-02	4.70e-01	4.12e-01	2.53e-02	9.96e-04	1.64e-05	9.83e-07	0.00e+00	0.00e+00	0.00e+00
 2.48489e+22	1.50e-18	3.73e-09	6.88e-07	1.73e-05	3.99e-03	9.51e-02	4.80e-01	3.97e-01	2.29e-02	8.61e-04	1.36e-05	0.00e+00	0.00e+00	0.00e+00	0.00e+00
 2.55518e+22	1.93e-18	4.69e-09	8.54e-07	2.12e-05	4.58e-03	1.03e-01	4.89e-01	3.82e-01	2.06e-02	7.39e-04	1.12e-05	0.00e+00	0.00e+00	0.00e+00	0.00e+00
 2.61243e+22	2.33e-18	5.59e-09	1.01e-06	2.46e-05	5.09e-03	1.09e-01	4.96e-01	3.70e-01	1.90e-02	6.57e-04	9.67e-06	0.00e+00	0.00e+00	0.00e+00	0.00e+00
 2.67050e+22	2.84e-18	6.61e-09	1.18e-06	2.85e-05	5.65e-03	1.15e-01	5.02e-01	3.58e-01	1.75e-02	5.84e-04	8.32e-06	0.00e+00	0.00e+00	0.00e+00	0.00e+00
 2.74599e+22	3.63e-18	8.21e-09	1.45e-06	3.45e-05	6.44e-03	1.24e-01	5.10e-01	3.43e-01	1.57e-02	5.02e-04	6.87e-06	0.00e+00	0.00e+00	0.00e+00	0.00e+00
 2.82482e+22	4.64e-18	1.03e-08	1.79e-06	4.21e-05	7.37e-03	1.33e-01	5.17e-01	3.28e-01	1.41e-02	4.28e-04	5.64e-06	0.00e+00	0.00e+00	0.00e+00	0.00e+00
 2.89090e+22	5.64e-18	1.23e-08	2.12e-06	4.93e-05	8.21e-03	1.41e-01	5.21e-01	3.16e-01	1.28e-02	3.77e-04	4.80e-06	0.00e+00	0.00e+00	0.00e+00	0.00e+00
 2.95973e+22	6.87e-18	1.47e-08	2.50e-06	5.76e-05	9.15e-03	1.50e-01	5.26e-01	3.03e-01	1.17e-02	3.31e-04	4.08e-06	0.00e+00	0.00e+00	0.00e+00	0.00e+00
 3.04921e+22	8.84e-18	1.83e-08	3.10e-06	7.03e-05	1.05e-02	1.61e-01	5.30e-01	2.88e-01	1.03e-02	2.80e-04	3.31e-06	0.00e+00	0.00e+00	0.00e+00	0.00e+00
 3.14267e+22	1.14e-17	2.32e-08	3.87e-06	8.66e-05	1.20e-02	1.73e-01	5.34e-01	2.72e-01	9.11e-03	2.35e-04	2.67e-06	0.00e+00	0.00e+00	0.00e+00	0.00e+00
 3.21949e+22	1.39e-17	2.78e-08	4.59e-06	1.02e-04	1.34e-02	1.83e-01	5.36e-01	2.59e-01	8.22e-03	2.05e-04	2.25e-06	0.00e+00	0.00e+00	0.00e+00	0.00e+00
 3.29756e+22	1.68e-17	3.30e-08	5.40e-06	1.19e-04	1.49e-02	1.93e-01	5.38e-01	2.47e-01	7.42e-03	1.78e-04	1.90e-06	0.00e+00	0.00e+00	0.00e+00	0.00e+00
 3.39905e+22	2.15e-17	4.13e-08	6.67e-06	1.45e-04	1.70e-02	2.06e-01	5.38e-01	2.32e-01	6.50e-03	1.50e-04	1.53e-06	0.00e+00	0.00e+00	0.00e+00	0.00e+00
 3.50568e+22	2.77e-17	5.21e-08	8.31e-06	1.78e-04	1.95e-02	2.20e-01	5.38e-01	2.17e-01	5.66e-03	1.25e-04	1.22e-06	0.00e+00	0.00e+00	0.00e+00	0.00e+00
 3.59446e+22	3.37e-17	6.25e-08	9.87e-06	2.10e-04	2.17e-02	2.31e-01	5.36e-01	2.06e-01	5.05e-03	1.08e-04	1.02e-06	0.00e+00	0.00e+00	0.00e+00	0.00e+00
 3.68533e+22	4.10e-17	7.44e-08	1.16e-05	2.45e-04	2.41e-02	2.43e-01	5.34e-01	1.94e-01	4.50e-03	9.28e-05	8.49e-07	0.00e+00	0.00e+00	0.00e+00	0.00e+00
 3.80347e+22	5.30e-17	9.33e-08	1.44e-05	2.99e-04	2.74e-02	2.58e-01	5.30e-01	1.81e-01	3.90e-03	7.73e-05	0.00e+00	0.00e+00	0.00e+00	0.00e+00	0.00e+00
 3.92798e+22	6.81e-17	1.18e-07	1.80e-05	3.71e-04	3.14e-02	2.74e-01	5.24e-01	1.67e-01	3.33e-03	6.32e-05	0.00e+00	0.00e+00	0.00e+00	0.00e+00	0.00e+00
 4.03177e+22	8.32e-17	1.42e-07	2.14e-05	4.38e-04	3.50e-02	2.87e-01	5.19e-01	1.56e-01	2.93e-03	5.39e-05	0.00e+00	0.00e+00	0.00e+00	0.00e+00	0.00e+00
 4.13768e+22	1.02e-16	1.69e-07	2.52e-05	5.14e-04	3.88e-02	3.00e-01	5.12e-01	1.46e-01	2.58e-03	4.60e-05	0.00e+00	0.00e+00	0.00e+00	0.00e+00	0.00e+00
 4.27535e+22	1.31e-16	2.12e-07	3.13e-05	6.31e-04	4.41e-02	3.17e-01	5.03e-01	1.33e-01	2.19e-03	3.76e-05	0.00e+00	0.00e+00	0.00e+00	0.00e+00	0.00e+00
 4.41748e+22	1.70e-16	2.68e-07	3.89e-05	7.79e-04	5.02e-02	3.34e-01	4.92e-01	1.21e-01	1.84e-03	3.05e-05	0.00e+00	0.00e+00	0.00e+00	0.00e+00	0.00e+00
 4.53565e+22	2.08e-16	3.20e-07	4.61e-05	9.18e-04	5.56e-02	3.47e-01	4.82e-01	1.12e-01	1.60e-03	2.58e-05	0.00e+00	0.00e+00	0.00e+00	0.00e+00	0.00e+00
 4.65949e+22	2.56e-16	3.84e-07	5.45e-05	1.08e-03	6.15e-02	3.60e-01	4.72e-01	1.04e-01	1.39e-03	2.18e-05	0.00e+00	0.00e+00	0.00e+00	0.00e+00	0.00e+00
 4.82049e+22	3.36e-16	4.84e-07	6.77e-05	1.33e-03	6.97e-02	3.77e-01	4.57e-01	9.36e-02	1.16e-03	1.76e-05	0.00e+00	0.00e+00	0.00e+00	0.00e+00	0.00e+00
 4.98356e+22	4.37e-16	6.11e-07	8.43e-05	1.64e-03	7.90e-02	3.93e-01	4.41e-01	8.38e-02	9.56e-04	1.41e-05	0.00e+00	0.00e+00	0.00e+00	0.00e+00	0.00e+00
 5.10704e+22	5.30e-16	7.20e-07	9.82e-05	1.91e-03	8.63e-02	4.04e-01	4.29e-01	7.72e-02	8.30e-04	1.20e-05	0.00e+00	0.00e+00	0.00e+00	0.00e+00	0.00e+00
 5.22527e+22	6.37e-16	8.37e-07	1.13e-04	2.18e-03	9.35e-02	4.15e-01	4.17e-01	7.15e-02	7.28e-04	1.03e-05	0.00e+00	0.00e+00	0.00e+00	0.00e+00	0.00e+00
 5.37896e+22	8.12e-16	1.02e-06	1.36e-04	2.60e-03	1.03e-01	4.27e-01	4.02e-01	6.46e-02	6.15e-04	8.51e-06	0.00e+00	0.00e+00	0.00e+00	0.00e+00	0.00e+00
 5.53237e+22	1.03e-15	1.25e-06	1.63e-04	3.10e-03	1.14e-01	4.38e-01	3.86e-01	5.83e-02	5.18e-04	7.02e-06	0.00e+00	0.00e+00	0.00e+00	0.00e+00	0.00e+00
 5.66010e+22	1.26e-15	1.45e-06	1.87e-04	3.55e-03	1.23e-01	4.46e-01	3.73e-01	5.35e-02	4.51e-04	6.01e-06	0.00e+00	0.00e+00	0.00e+00	0.00e+00	0.00e+00
 5.80083e+22	1.56e-15	1.72e-06	2.18e-04	4.10e-03	1.33e-01	4.55e-01	3.59e-01	4.88e-02	3.88e-04	5.10e-06	0.00e+00	0.00e+00	0.00e+00	0.00e+00	0.00e+00
 5.95406e+22	2.00e-15	2.08e-06	2.59e-04	4.80e-03	1.45e-01	4.62e-01	3.43e-01	4.41e-02	3.30e-04	4.26e-06	0.00e+00	0.00e+00	0.00e+00	0.00e+00	0.00e+00
 6.09058e+22	2.48e-15	2.44e-06	2.99e-04	5.49e-03	1.55e-01	4.69e-01	3.30e-01	4.03e-02	2.86e-04	3.64e-06	0.00e+00	0.00e+00	0.00e+00	0.00e+00	0.00e+00
 6.21405e+22	3.02e-15	2.81e-06	3.39e-04	6.15e-03	1.65e-01	4.73e-01	3.18e-01	3.72e-02	2.53e-04	3.18e-06	0.00e+00	0.00e+00	0.00e+00	0.00e+00	0.00e+00
 6.35351e+22	3.81e-15	3.32e-06	3.94e-04	7.04e-03	1.76e-01	4.78e-01	3.04e-01	3.39e-02	2.18e-04	2.72e-06	0.00e+00	0.00e+00	0.00e+00	0.00e+00	0.00e+00
 6.50542e+22	4.94e-15	3.99e-06	4.62e-04	8.10e-03	1.89e-01	4.81e-01	2.90e-01	3.07e-02	1.88e-04	2.32e-06	0.00e+00	0.00e+00	0.00e+00	0.00e+00	0.00e+00
 6.63880e+22	6.24e-15	4.66e-06	5.31e-04	9.14e-03	2.00e-01	4.84e-01	2.78e-01	2.82e-02	1.65e-04	2.01e-06	0.00e+00	0.00e+00	0.00e+00	0.00e+00	0.00e+00
 6.75547e+22	7.75e-15	5.38e-06	6.00e-04	1.01e-02	2.10e-01	4.85e-01	2.68e-01	2.61e-02	1.47e-04	1.78e-06	0.00e+00	0.00e+00	0.00e+00	0.00e+00	0.00e+00
 6.88514e+22	9.82e-15	6.25e-06	6.84e-04	1.13e-02	2.20e-01	4.86e-01	2.57e-01	2.41e-02	1.30e-04	1.57e-06	0.00e+00	0.00e+00	0.00e+00	0.00e+00	0.00e+00
 7.02494e+22	1.30e-14	7.46e-06	7.97e-04	1.28e-02	2.32e-01	4.87e-01	2.45e-01	2.20e-02	1.14e-04	1.36e-06	0.00e+00	0.00e+00	0.00e+00	0.00e+00	0.00e+00
 7.14491e+22	1.66e-14	8.64e-06	9.03e-04	1.41e-02	2.42e-01	4.86e-01	2.36e-01	2.04e-02	1.02e-04	1.21e-06	0.00e+00	0.00e+00	0.00e+00	0.00e+00	0.00e+00
 7.24751e+22	2.06e-14	9.78e-06	1.00e-03	1.53e-02	2.51e-01	4.86e-01	2.28e-01	1.92e-02	9.34e-05	1.10e-06	0.00e+00	0.00e+00	0.00e+00	0.00e+00	0.00e+00
 7.36052e+22	2.49e-14	1.09e-05	1.11e-03	1.67e-02	2.60e-01	4.84e-01	2.19e-01	1.79e-02	8.42e-05	9.90e-07	0.00e+00	0.00e+00	0.00e+00	0.00e+00	0.00e+00
 7.48456e+22	3.51e-14	1.32e-05	1.30e-03	1.84e-02	2.70e-01	4.83e-01	2.11e-01	1.66e-02	7.59e-05	0.00e+00	0.00e+00	0.00e+00	0.00e+00	0.00e+00	0.00e+00
 7.59292e+22	4.56e-14	1.52e-05	1.46e-03	2.00e-02	2.79e-01	4.81e-01	2.03e-01	1.56e-02	6.94e-05	0.00e+00	0.00e+00	0.00e+00	0.00e+00	0.00e+00	0.00e+00
 7.68376e+22	5.71e-14	1.70e-05	1.61e-03	2.14e-02	2.87e-01	4.79e-01	1.97e-01	1.47e-02	6.43e-05	0.00e+00	0.00e+00	0.00e+00	0.00e+00	0.00e+00	0.00e+00
 7.78185e+22	7.04e-14	1.89e-05	1.76e-03	2.31e-02	2.95e-01	4.76e-01	1.90e-01	1.39e-02	5.92e-05	0.00e+00	0.00e+00	0.00e+00	0.00e+00	0.00e+00	0.00e+00
 7.88879e+22	1.02e-13	2.26e-05	2.04e-03	2.49e-02	3.03e-01	4.73e-01	1.84e-01	1.31e-02	5.46e-05	0.00e+00	0.00e+00	0.00e+00	0.00e+00	0.00e+00	0.00e+00
 7.98085e+22	1.35e-13	2.58e-05	2.27e-03	2.66e-02	3.10e-01	4.70e-01	1.78e-01	1.24e-02	5.09e-05	0.00e+00	0.00e+00	0.00e+00	0.00e+00	0.00e+00	0.00e+00
 8.05669e+22	1.61e-13	2.78e-05	2.43e-03	2.83e-02	3.17e-01	4.68e-01	1.73e-01	1.18e-02	4.77e-05	0.00e+00	0.00e+00	0.00e+00	0.00e+00	0.00e+00	0.00e+00
 8.13781e+22	2.23e-13	3.24e-05	2.74e-03	2.99e-02	3.23e-01	4.65e-01	1.68e-01	1.13e-02	4.49e-05	0.00e+00	0.00e+00	0.00e+00	0.00e+00	0.00e+00	0.00e+00
 8.22576e+22	3.04e-13	3.70e-05	3.07e-03	3.21e-02	3.30e-01	4.61e-01	1.63e-01	1.07e-02	4.19e-05	0.00e+00	0.00e+00	0.00e+00	0.00e+00	0.00e+00	0.00e+00
 8.30146e+22	4.02e-13	4.15e-05	3.39e-03	3.40e-02	3.37e-01	4.57e-01	1.58e-01	1.02e-02	3.95e-05	0.00e+00	0.00e+00	0.00e+00	0.00e+00	0.00e+00	0.00e+00
 8.36462e+22	5.09e-13	4.57e-05	3.67e-03	3.57e-02	3.42e-01	4.54e-01	1.54e-01	9.78e-03	3.74e-05	0.00e+00	0.00e+00	0.00e+00	0.00e+00	0.00e+00	0.00e+00
 8.43258e+22	6.70e-13	5.09e-05	4.03e-03	3.77e-02	3.48e-01	4.51e-01	1.50e-01	9.35e-03	3.54e-05	0.00e+00	0.00e+00	0.00e+00	0.00e+00	0.00e+00	0.00e+00
 8.50672e+22	9.07e-13	5.73e-05	4.46e-03	4.03e-02	3.56e-01	4.46e-01	1.45e-01	8.86e-03	3.30e-05	0.00e+00	0.00e+00	0.00e+00	0.00e+00	0.00e+00	0.00e+00
 8.57120e+22	1.20e-12	6.35e-05	4.88e-03	4.27e-02	3.62e-01	4.41e-01	1.40e-01	8.43e-03	3.09e-05	0.00e+00	0.00e+00	0.00e+00	0.00e+00	0.00e+00	0.00e+00
 8.62551e+22	1.51e-12	6.92e-05	5.27e-03	4.50e-02	3.68e-01	4.37e-01	1.36e-01	8.06e-03	2.92e-05	0.00e+00	0.00e+00	0.00e+00	0.00e+00	0.00e+00	0.00e+00
 8.68433e+22	1.95e-12	7.60e-05	5.72e-03	4.77e-02	3.75e-01	4.32e-01	1.32e-01	7.65e-03	2.73e-05	0.00e+00	0.00e+00	0.00e+00	0.00e+00	0.00e+00	0.00e+00
 8.74970e+22	2.61e-12	8.44e-05	6.30e-03	5.13e-02	3.84e-01	4.25e-01	1.26e-01	7.18e-03	2.51e-05	0.00e+00	0.00e+00	0.00e+00	0.00e+00	0.00e+00	0.00e+00
 8.80914e+22	3.41e-12	9.28e-05	6.86e-03	5.49e-02	3.92e-01	4.19e-01	1.21e-01	6.74e-03	2.31e-05	0.00e+00	0.00e+00	0.00e+00	0.00e+00	0.00e+00	0.00e+00
 8.86187e+22	4.34e-12	1.01e-04	7.41e-03	5.84e-02	4.00e-01	4.12e-01	1.16e-01	6.35e-03	2.13e-05	0.00e+00	0.00e+00	0.00e+00	0.00e+00	0.00e+00	0.00e+00
 8.92031e+22	5.62e-12	1.11e-04	8.07e-03	6.28e-02	4.09e-01	4.04e-01	1.10e-01	5.89e-03	1.93e-05	0.00e+00	0.00e+00	0.00e+00	0.00e+00	0.00e+00	0.00e+00
 8.98480e+22	7.56e-12	1.23e-04	8.89e-03	6.84e-02	4.19e-01	3.94e-01	1.04e-01	5.40e-03	1.72e-05	0.00e+00	0.00e+00	0.00e+00	0.00e+00	0.00e+00	0.00e+00
 9.04260e+22	9.93e-12	1.35e-04	9.69e-03	7.39e-02	4.29e-01	3.85e-01	9.77e-02	4.95e-03	1.53e-05	0.00e+00	0.00e+00	0.00e+00	0.00e+00	0.00e+00	0.00e+00
 9.09441e+22	1.26e-11	1.47e-04	1.05e-02	7.93e-02	4.38e-01	3.75e-01	9.23e-02	4.57e-03	1.38e-05	0.00e+00	0.00e+00	0.00e+00	0.00e+00	0.00e+00	0.00e+00
 9.15299e+22	1.67e-11	1.62e-04	1.14e-02	8.59e-02	4.48e-01	3.64e-01	8.61e-02	4.14e-03	1.21e-05	0.00e+00	0.00e+00	0.00e+00	0.00e+00	0.00e+00	0.00e+00
 9.22915e+22	2.41e-11	1.84e-04	1.28e-02	9.53e-02	4.61e-01	3.49e-01	7.82e-02	3.62e-03	1.01e-05	0.00e+00	0.00e+00	0.00e+00	0.00e+00	0.00e+00	0.00e+00
 9.30830e+22	3.61e-11	2.10e-04	1.44e-02	1.06e-01	4.74e-01	3.32e-01	7.05e-02	3.12e-03	8.38e-06	0.00e+00	0.00e+00	0.00e+00	0.00e+00	0.00e+00	0.00e+00
 9.37608e+22	5.18e-11	2.35e-04	1.58e-02	1.15e-01	4.84e-01	3.17e-01	6.41e-02	2.74e-03	7.07e-06	0.00e+00	0.00e+00	0.00e+00	0.00e+00	0.00e+00	0.00e+00
 9.44609e+22	7.62e-11	2.63e-04	1.74e-02	1.26e-01	4.94e-01	3.02e-01	5.80e-02	2.39e-03	5.92e-06	0.00e+00	0.00e+00	0.00e+00	0.00e+00	0.00e+00	0.00e+00
 9.52064e+22	1.18e-10	2.97e-04	1.93e-02	1.37e-01	5.04e-01	2.86e-01	5.20e-02	2.06e-03	4.90e-06	0.00e+00	0.00e+00	0.00e+00	0.00e+00	0.00e+00	0.00e+00
 9.59230e+22	1.86e-10	3.33e-04	2.12e-02	1.48e-01	5.12e-01	2.70e-01	4.68e-02	1.78e-03	4.08e-06	0.00e+00	0.00e+00	0.00e+00	0.00e+00	0.00e+00	0.00e+00
 9.67211e+22	3.15e-10	3.76e-04	2.34e-02	1.60e-01	5.19e-01	2.54e-01	4.14e-02	1.51e-03	3.32e-06	0.00e+00	0.00e+00	0.00e+00	0.00e+00	0.00e+00	0.00e+00
 9.76763e+22	6.16e-10	4.34e-04	2.62e-02	1.75e-01	5.26e-01	2.35e-01	3.58e-02	1.24e-03	2.60e-06	0.00e+00	0.00e+00	0.00e+00	0.00e+00	0.00e+00	0.00e+00
 9.87134e+22	1.19e-09	5.02e-04	2.94e-02	1.92e-01	5.32e-01	2.15e-01	3.06e-02	1.01e-03	2.01e-06	0.00e+00	0.00e+00	0.00e+00	0.00e+00	0.00e+00	0.00e+00
 9.97790e+22	2.22e-09	5.77e-04	3.28e-02	2.08e-01	5.35e-01	1.97e-01	2.60e-02	8.13e-04	1.55e-06	0.00e+00	0.00e+00	0.00e+00	0.00e+00	0.00e+00	0.00e+00
 1.00909e+23	3.88e-09	6.64e-04	3.65e-02	2.25e-01	5.37e-01	1.78e-01	2.19e-02	6.50e-04	1.18e-06	0.00e+00	0.00e+00	0.00e+00	0.00e+00	0.00e+00	0.00e+00
 1.02154e+23	6.14e-09	7.67e-04	4.07e-02	2.43e-01	5.37e-01	1.60e-01	1.82e-02	5.09e-04	8.84e-07	0.00e+00	0.00e+00	0.00e+00	0.00e+00	0.00e+00	0.00e+00
 1.03541e+23	9.25e-09	8.90e-04	4.54e-02	2.62e-01	5.34e-01	1.42e-01	1.49e-02	3.91e-04	0.00e+00	0.00e+00	0.00e+00	0.00e+00	0.00e+00	0.00e+00	0.00e+00
 1.05085e+23	1.34e-08	1.04e-03	5.07e-02	2.82e-01	5.29e-01	1.25e-01	1.19e-02	2.94e-04	0.00e+00	0.00e+00	0.00e+00	0.00e+00	0.00e+00	0.00e+00	0.00e+00
 1.06803e+23	1.89e-08	1.21e-03	5.67e-02	3.03e-01	5.22e-01	1.08e-01	9.41e-03	2.16e-04	0.00e+00	0.00e+00	0.00e+00	0.00e+00	0.00e+00	0.00e+00	0.00e+00
 1.08734e+23	2.63e-08	1.42e-03	6.33e-02	3.24e-01	5.11e-01	9.27e-02	7.26e-03	1.55e-04	0.00e+00	0.00e+00	0.00e+00	0.00e+00	0.00e+00	0.00e+00	0.00e+00
 1.10936e+23	3.61e-08	1.68e-03	7.08e-02	3.46e-01	4.98e-01	7.80e-02	5.46e-03	1.07e-04	0.00e+00	0.00e+00	0.00e+00	0.00e+00	0.00e+00	0.00e+00	0.00e+00
 1.13447e+23	4.90e-08	2.00e-03	7.91e-02	3.69e-01	4.81e-01	6.46e-02	4.02e-03	7.26e-05	0.00e+00	0.00e+00	0.00e+00	0.00e+00	0.00e+00	0.00e+00	0.00e+00
 1.16458e+23	6.71e-08	2.41e-03	8.88e-02	3.93e-01	4.61e-01	5.20e-02	2.83e-03	4.66e-05	0.00e+00	0.00e+00	0.00e+00	0.00e+00	0.00e+00	0.00e+00	0.00e+00
 1.19769e+23	9.11e-08	2.92e-03	9.97e-02	4.16e-01	4.38e-01	4.15e-02	1.98e-03	2.96e-05	0.00e+00	0.00e+00	0.00e+00	0.00e+00	0.00e+00	0.00e+00	0.00e+00
 1.22947e+23	1.18e-07	3.46e-03	1.10e-01	4.35e-01	4.16e-01	3.38e-02	1.43e-03	1.98e-05	0.00e+00	0.00e+00	0.00e+00	0.00e+00	0.00e+00	0.00e+00	0.00e+00
 1.26492e+23	1.49e-07	4.07e-03	1.20e-01	4.53e-01	3.94e-01	2.73e-02	1.03e-03	1.31e-05	0.00e+00	0.00e+00	0.00e+00	0.00e+00	0.00e+00	0.00e+00	0.00e+00
 1.31101e+23	1.96e-07	4.98e-03	1.34e-01	4.74e-01	3.66e-01	2.10e-02	6.90e-04	7.97e-06	0.00e+00	0.00e+00	0.00e+00	0.00e+00	0.00e+00	0.00e+00	0.00e+00
 1.36040e+23	2.58e-07	6.13e-03	1.49e-01	4.91e-01	3.37e-01	1.62e-02	4.69e-04	4.97e-06	0.00e+00	0.00e+00	0.00e+00	0.00e+00	0.00e+00	0.00e+00	0.00e+00
 1.40394e+23	3.20e-07	7.30e-03	1.63e-01	5.04e-01	3.12e-01	1.30e-02	3.42e-04	3.39e-06	0.00e+00	0.00e+00	0.00e+00	0.00e+00	0.00e+00	0.00e+00	0.00e+00
 1.45037e+23	3.88e-07	8.58e-03	1.76e-01	5.16e-01	2.89e-01	1.04e-02	2.52e-04	2.35e-06	0.00e+00	0.00e+00	0.00e+00	0.00e+00	0.00e+00	0.00e+00	0.00e+00
 1.50677e+23	4.83e-07	1.04e-02	1.92e-01	5.27e-01	2.62e-01	8.08e-03	1.79e-04	1.56e-06	0.00e+00	0.00e+00	0.00e+00	0.00e+00	0.00e+00	0.00e+00	0.00e+00
 1.56538e+23	6.08e-07	1.28e-02	2.10e-01	5.37e-01	2.34e-01	6.20e-03	1.28e-04	1.04e-06	0.00e+00	0.00e+00	0.00e+00	0.00e+00	0.00e+00	0.00e+00	0.00e+00
 1.61883e+23	7.44e-07	1.54e-02	2.28e-01	5.43e-01	2.09e-01	4.87e-03	9.49e-05	7.37e-07	0.00e+00	0.00e+00	0.00e+00	0.00e+00	0.00e+00	0.00e+00	0.00e+00
 1.66829e+23	8.90e-07	1.82e-02	2.44e-01	5.47e-01	1.88e-01	3.89e-03	7.27e-05	0.00e+00	0.00e+00	0.00e+00	0.00e+00	0.00e+00	0.00e+00	0.00e+00	0.00e+00
 1.71709e+23	1.06e-06	2.16e-02	2.60e-01	5.49e-01	1.66e-01	3.09e-03	5.57e-05	0.00e+00	0.00e+00	0.00e+00	0.00e+00	0.00e+00	0.00e+00	0.00e+00	0.00e+00
 1.76464e+23	1.26e-06	2.55e-02	2.77e-01	5.49e-01	1.46e-01	2.44e-03	4.28e-05	0.00e+00	0.00e+00	0.00e+00	0.00e+00	0.00e+00	0.00e+00	0.00e+00	0.00e+00
 1.80957e+23	1.49e-06	3.00e-02	2.93e-01	5.47e-01	1.28e-01	1.93e-03	3.30e-05	0.00e+00	0.00e+00	0.00e+00	0.00e+00	0.00e+00	0.00e+00	0.00e+00	0.00e+00
 1.85143e+23	1.75e-06	3.50e-02	3.09e-01	5.43e-01	1.11e-01	1.53e-03	2.55e-05	0.00e+00	0.00e+00	0.00e+00	0.00e+00	0.00e+00	0.00e+00	0.00e+00	0.00e+00
 1.89073e+23	2.04e-06	4.07e-02	3.25e-01	5.37e-01	9.56e-02	1.21e-03	1.97e-05	0.00e+00	0.00e+00	0.00e+00	0.00e+00	0.00e+00	0.00e+00	0.00e+00	0.00e+00
 1.92821e+23	2.37e-06	4.71e-02	3.41e-01	5.29e-01	8.19e-02	9.53e-04	1.52e-05	0.00e+00	0.00e+00	0.00e+00	0.00e+00	0.00e+00	0.00e+00	0.00e+00	0.00e+00
 1.96422e+23	2.76e-06	5.47e-02	3.56e-01	5.19e-01	6.93e-02	7.45e-04	1.16e-05	0.00e+00	0.00e+00	0.00e+00	0.00e+00	0.00e+00	0.00e+00	0.00e+00	0.00e+00
 1.99843e+23	3.21e-06	6.33e-02	3.72e-01	5.06e-01	5.81e-02	5.81e-04	8.73e-06	0.00e+00	0.00e+00	0.00e+00	0.00e+00	0.00e+00	0.00e+00	0.00e+00	0.00e+00
 2.03050e+23	3.73e-06	7.33e-02	3.87e-01	4.91e-01	4.83e-02	4.52e-04	6.53e-06	0.00e+00	0.00e+00	0.00e+00	0.00e+00	0.00e+00	0.00e+00	0.00e+00	0.00e+00
 2.05321e+23	4.28e-06	8.34e-02	4.00e-01	4.75e-01	4.09e-02	3.64e-04	5.04e-06	0.00e+00	0.00e+00	0.00e+00	0.00e+00	0.00e+00	0.00e+00	0.00e+00	0.00e+00
 2.06426e+23	4.56e-06	8.86e-02	4.06e-01	4.67e-01	3.77e-02	3.28e-04	4.43e-06	0.00e+00	0.00e+00	0.00e+00	0.00e+00	0.00e+00	0.00e+00	0.00e+00	0.00e+00
 2.07312e+23	4.77e-06	9.26e-02	4.10e-01	4.61e-01	3.54e-02	3.03e-04	4.03e-06	0.00e+00	0.00e+00	0.00e+00	0.00e+00	0.00e+00	0.00e+00	0.00e+00	0.00e+00
 2.08462e+23	5.05e-06	9.80e-02	4.16e-01	4.54e-01	3.26e-02	2.75e-04	3.56e-06	0.00e+00	0.00e+00	0.00e+00	0.00e+00	0.00e+00	0.00e+00	0.00e+00	0.00e+00
 2.09958e+23	5.45e-06	1.06e-01	4.22e-01	4.43e-01	2.92e-02	2.41e-04	3.01e-06	0.00e+00	0.00e+00	0.00e+00	0.00e+00	0.00e+00	0.00e+00	0.00e+00	0.00e+00
 2.11513e+23	5.96e-06	1.15e-01	4.30e-01	4.29e-01	2.56e-02	2.07e-04	2.48e-06	0.00e+00	0.00e+00	0.00e+00	0.00e+00	0.00e+00	0.00e+00	0.00e+00	0.00e+00
 2.12717e+23	6.42e-06	1.24e-01	4.36e-01	4.17e-01	2.30e-02	1.83e-04	2.10e-06	0.00e+00	0.00e+00	0.00e+00	0.00e+00	0.00e+00	0.00e+00	0.00e+00	0.00e+00
 2.13628e+23	6.79e-06	1.30e-01	4.41e-01	4.07e-01	2.11e-02	1.67e-04	1.84e-06	0.00e+00	0.00e+00	0.00e+00	0.00e+00	0.00e+00	0.00e+00	0.00e+00	0.00e+00
 2.14587e+23	7.18e-06	1.38e-01	4.45e-01	3.98e-01	1.93e-02	1.52e-04	1.62e-06	0.00e+00	0.00e+00	0.00e+00	0.00e+00	0.00e+00	0.00e+00	0.00e+00	0.00e+00
 2.15834e+23	7.73e-06	1.48e-01	4.50e-01	3.84e-01	1.71e-02	1.34e-04	1.35e-06	0.00e+00	0.00e+00	0.00e+00	0.00e+00	0.00e+00	0.00e+00	0.00e+00	0.00e+00
 2.17105e+23	8.42e-06	1.61e-01	4.56e-01	3.68e-01	1.49e-02	1.16e-04	1.10e-06	0.00e+00	0.00e+00	0.00e+00	0.00e+00	0.00e+00	0.00e+00	0.00e+00	0.00e+00
 2.18056e+23	9.02e-06	1.72e-01	4.60e-01	3.55e-01	1.32e-02	1.04e-04	9.30e-07	0.00e+00	0.00e+00	0.00e+00	0.00e+00	0.00e+00	0.00e+00	0.00e+00	0.00e+00
 2.18770e+23	9.47e-06	1.80e-01	4.63e-01	3.45e-01	1.21e-02	9.57e-05	0.00e+00	0.00e+00	0.00e+00	0.00e+00	0.00e+00	0.00e+00	0.00e+00	0.00e+00	0.00e+00
 2.19529e+23	9.98e-06	1.90e-01	4.65e-01	3.34e-01	1.11e-02	8.80e-05	0.00e+00	0.00e+00	0.00e+00	0.00e+00	0.00e+00	0.00e+00	0.00e+00	0.00e+00	0.00e+00
 2.20517e+23	1.07e-05	2.02e-01	4.68e-01	3.20e-01	9.80e-03	7.88e-05	0.00e+00	0.00e+00	0.00e+00	0.00e+00	0.00e+00	0.00e+00	0.00e+00	0.00e+00	0.00e+00
 2.21542e+23	1.15e-05	2.18e-01	4.70e-01	3.03e-01	8.48e-03	6.95e-05	0.00e+00	0.00e+00	0.00e+00	0.00e+00	0.00e+00	0.00e+00	0.00e+00	0.00e+00	0.00e+00
 2.22339e+23	1.23e-05	2.32e-01	4.71e-01	2.89e-01	7.51e-03	6.26e-05	0.00e+00	0.00e+00	0.00e+00	0.00e+00	0.00e+00	0.00e+00	0.00e+00	0.00e+00	0.00e+00
 2.22951e+23	1.29e-05	2.43e-01	4.72e-01	2.78e-01	6.82e-03	5.79e-05	0.00e+00	0.00e+00	0.00e+00	0.00e+00	0.00e+00	0.00e+00	0.00e+00	0.00e+00	0.00e+00
 2.23601e+23	1.35e-05	2.55e-01	4.72e-01	2.67e-01	6.18e-03	5.35e-05	0.00e+00	0.00e+00	0.00e+00	0.00e+00	0.00e+00	0.00e+00	0.00e+00	0.00e+00	0.00e+00
 2.24447e+23	1.44e-05	2.71e-01	4.71e-01	2.52e-01	5.41e-03	4.82e-05	0.00e+00	0.00e+00	0.00e+00	0.00e+00	0.00e+00	0.00e+00	0.00e+00	0.00e+00	0.00e+00
 2.25321e+23	1.55e-05	2.91e-01	4.70e-01	2.34e-01	4.62e-03	4.26e-05	0.00e+00	0.00e+00	0.00e+00	0.00e+00	0.00e+00	0.00e+00	0.00e+00	0.00e+00	0.00e+00
 2.25992e+23	1.65e-05	3.09e-01	4.67e-01	2.20e-01	4.04e-03	3.85e-05	0.00e+00	0.00e+00	0.00e+00	0.00e+00	0.00e+00	0.00e+00	0.00e+00	0.00e+00	0.00e+00
 2.26508e+23	1.72e-05	3.23e-01	4.65e-01	2.09e-01	3.65e-03	3.58e-05	0.00e+00	0.00e+00	0.00e+00	0.00e+00	0.00e+00	0.00e+00	0.00e+00	0.00e+00	0.00e+00
 2.27061e+23	1.80e-05	3.37e-01	4.62e-01	1.98e-01	3.28e-03	3.31e-05	0.00e+00	0.00e+00	0.00e+00	0.00e+00	0.00e+00	0.00e+00	0.00e+00	0.00e+00	0.00e+00
 2.27779e+23	1.91e-05	3.57e-01	4.57e-01	1.83e-01	2.84e-03	2.99e-05	0.00e+00	0.00e+00	0.00e+00	0.00e+00	0.00e+00	0.00e+00	0.00e+00	0.00e+00	0.00e+00
 2.28530e+23	2.04e-05	3.82e-01	4.49e-01	1.67e-01	2.40e-03	2.65e-05	0.00e+00	0.00e+00	0.00e+00	0.00e+00	0.00e+00	0.00e+00	0.00e+00	0.00e+00	0.00e+00
 2.29125e+23	2.15e-05	4.03e-01	4.42e-01	1.53e-01	2.07e-03	2.40e-05	0.00e+00	0.00e+00	0.00e+00	0.00e+00	0.00e+00	0.00e+00	0.00e+00	0.00e+00	0.00e+00
 2.29594e+23	2.24e-05	4.20e-01	4.35e-01	1.43e-01	1.84e-03	2.21e-05	0.00e+00	0.00e+00	0.00e+00	0.00e+00	0.00e+00	0.00e+00	0.00e+00	0.00e+00	0.00e+00
 2.30101e+23	2.34e-05	4.38e-01	4.28e-01	1.32e-01	1.63e-03	2.04e-05	0.00e+00	0.00e+00	0.00e+00	0.00e+00	0.00e+00	0.00e+00	0.00e+00	0.00e+00	0.00e+00
 2.30760e+23	2.47e-05	4.64e-01	4.17e-01	1.18e-01	1.38e-03	1.82e-05	0.00e+00	0.00e+00	0.00e+00	0.00e+00	0.00e+00	0.00e+00	0.00e+00	0.00e+00	0.00e+00
 2.31451e+23	2.62e-05	4.93e-01	4.02e-01	1.04e-01	1.14e-03	1.60e-05	0.00e+00	0.00e+00	0.00e+00	0.00e+00	0.00e+00	0.00e+00	0.00e+00	0.00e+00	0.00e+00
 2.32007e+23	2.76e-05	5.20e-01	3.88e-01	9.14e-02	9.62e-04	1.42e-05	0.00e+00	0.00e+00	0.00e+00	0.00e+00	0.00e+00	0.00e+00	0.00e+00	0.00e+00	0.00e+00
 2.32457e+23	2.87e-05	5.41e-01	3.76e-01	8.21e-02	8.39e-04	1.29e-05	0.00e+00	0.00e+00	0.00e+00	0.00e+00	0.00e+00	0.00e+00	0.00e+00	0.00e+00	0.00e+00
 2.32951e+23	2.98e-05	5.64e-01	3.62e-01	7.30e-02	7.25e-04	1.17e-05	0.00e+00	0.00e+00	0.00e+00	0.00e+00	0.00e+00	0.00e+00	0.00e+00	0.00e+00	0.00e+00
 2.33593e+23	3.13e-05	5.96e-01	3.42e-01	6.16e-02	5.94e-04	1.02e-05	0.00e+00	0.00e+00	0.00e+00	0.00e+00	0.00e+00	0.00e+00	0.00e+00	0.00e+00	0.00e+00
 2.34239e+23	3.31e-05	6.32e-01	3.17e-01	5.00e-02	4.72e-04	8.66e-06	0.00e+00	0.00e+00	0.00e+00	0.00e+00	0.00e+00	0.00e+00	0.00e+00	0.00e+00	0.00e+00
 2.34704e+23	3.43e-05	6.60e-01	2.98e-01	4.21e-02	3.95e-04	7.61e-06	0.00e+00	0.00e+00	0.00e+00	0.00e+00	0.00e+00	0.00e+00	0.00e+00	0.00e+00	0.00e+00
 2.35048e+23	3.52e-05	6.79e-01	2.84e-01	3.70e-02	3.49e-04	6.94e-06	0.00e+00	0.00e+00	0.00e+00	0.00e+00	0.00e+00	0.00e+00	0.00e+00	0.00e+00	0.00e+00
 2.35417e+23	3.60e-05	6.99e-01	2.68e-01	3.22e-02	3.07e-04	6.30e-06	0.00e+00	0.00e+00	0.00e+00	0.00e+00	0.00e+00	0.00e+00	0.00e+00	0.00e+00	0.00e+00
 2.35897e+23	3.71e-05	7.26e-01	2.47e-01	2.65e-02	2.57e-04	5.51e-06	0.00e+00	0.00e+00	0.00e+00	0.00e+00	0.00e+00	0.00e+00	0.00e+00	0.00e+00	0.00e+00
 2.36384e+23	3.83e-05	7.56e-01	2.23e-01	2.08e-02	2.09e-04	4.68e-06	0.00e+00	0.00e+00	0.00e+00	0.00e+00	0.00e+00	0.00e+00	0.00e+00	0.00e+00	0.00e+00
