#depth	O	O+	O+2	O+3	O+4	O+5	O+6	O+7	O+8	O[1]	O[2]	O[3]
 1.54284e+19	7.53e-17	9.55e-12	6.76e-08	3.62e-05	2.22e-03	2.19e-02	6.20e-01	3.23e-01	3.32e-02	7.53e-17	1.80e-21	2.15e-21
 9.25702e+19	9.13e-17	1.14e-11	8.06e-08	4.26e-05	2.54e-03	2.40e-02	6.35e-01	3.09e-01	2.97e-02	9.13e-17	2.13e-21	2.54e-21
 2.17077e+20	1.22e-16	1.50e-11	1.05e-07	5.46e-05	3.10e-03	2.78e-02	6.57e-01	2.87e-01	2.49e-02	1.22e-16	2.59e-21	3.08e-21
 3.20597e+20	1.53e-16	1.87e-11	1.30e-07	6.64e-05	3.61e-03	3.09e-02	6.73e-01	2.71e-01	2.16e-02	1.53e-16	3.06e-21	3.64e-21
 3.81230e+20	1.76e-16	2.12e-11	1.47e-07	7.42e-05	3.94e-03	3.29e-02	6.82e-01	2.62e-01	1.99e-02	1.76e-16	3.40e-21	4.05e-21
 4.21007e+20	1.91e-16	2.29e-11	1.59e-07	7.96e-05	4.16e-03	3.41e-02	6.87e-01	2.56e-01	1.89e-02	1.91e-16	3.67e-21	4.37e-21
 4.66709e+20	2.10e-16	2.51e-11	1.73e-07	8.64e-05	4.43e-03	3.57e-02	6.93e-01	2.49e-01	1.78e-02	2.10e-16	3.96e-21	4.72e-21
 5.26122e+20	2.37e-16	2.81e-11	1.94e-07	9.58e-05	4.81e-03	3.78e-02	7.00e-01	2.41e-01	1.64e-02	2.37e-16	4.34e-21	5.16e-21
 6.03358e+20	2.74e-16	3.25e-11	2.24e-07	1.09e-04	5.32e-03	4.07e-02	7.09e-01	2.30e-01	1.48e-02	2.74e-16	4.86e-21	5.78e-21
 6.82736e+20	3.18e-16	3.75e-11	2.58e-07	1.25e-04	5.89e-03	4.38e-02	7.17e-01	2.20e-01	1.34e-02	3.18e-16	5.39e-21	6.42e-21
 7.46450e+20	3.58e-16	4.21e-11	2.89e-07	1.39e-04	6.37e-03	4.63e-02	7.23e-01	2.12e-01	1.24e-02	3.58e-16	5.90e-21	7.02e-21
 8.10832e+20	4.02e-16	4.71e-11	3.23e-07	1.53e-04	6.87e-03	4.89e-02	7.28e-01	2.05e-01	1.14e-02	4.02e-16	6.48e-21	7.71e-21
 8.94528e+20	4.64e-16	5.42e-11	3.71e-07	1.75e-04	7.58e-03	5.24e-02	7.35e-01	1.95e-01	1.03e-02	4.64e-16	7.22e-21	8.59e-21
 9.82394e+20	5.37e-16	6.27e-11	4.29e-07	1.99e-04	8.36e-03	5.62e-02	7.40e-01	1.86e-01	9.24e-03	5.37e-16	8.01e-21	9.52e-21
 1.05581e+21	6.07e-16	7.07e-11	4.83e-07	2.22e-04	9.05e-03	5.94e-02	7.45e-01	1.78e-01	8.46e-03	6.07e-16	8.77e-21	1.04e-20
 1.13138e+21	6.84e-16	7.97e-11	5.44e-07	2.47e-04	9.79e-03	6.28e-02	7.49e-01	1.71e-01	7.74e-03	6.84e-16	9.67e-21	1.15e-20
 1.22962e+21	7.96e-16	9.27e-11	6.32e-07	2.84e-04	1.08e-02	6.74e-02	7.53e-01	1.62e-01	6.90e-03	7.96e-16	1.08e-20	1.29e-20
 1.33179e+21	9.29e-16	1.08e-10	7.38e-07	3.26e-04	1.19e-02	7.24e-02	7.56e-01	1.53e-01	6.14e-03	9.29e-16	1.21e-20	1.43e-20
 1.41616e+21	1.05e-15	1.23e-10	8.35e-07	3.65e-04	1.29e-02	7.65e-02	7.59e-01	1.46e-01	5.58e-03	1.05e-15	1.33e-20	1.58e-20
 1.50293e+21	1.20e-15	1.40e-10	9.47e-07	4.07e-04	1.40e-02	8.09e-02	7.60e-01	1.39e-01	5.07e-03	1.20e-15	1.47e-20	1.75e-20
 1.61574e+21	1.40e-15	1.64e-10	1.11e-06	4.69e-04	1.54e-02	8.66e-02	7.62e-01	1.31e-01	4.49e-03	1.40e-15	1.66e-20	1.97e-20
 1.73389e+21	1.65e-15	1.94e-10	1.31e-06	5.42e-04	1.70e-02	9.29e-02	7.63e-01	1.23e-01	3.95e-03	1.65e-15	1.87e-20	2.21e-20
 1.83162e+21	1.89e-15	2.23e-10	1.49e-06	6.08e-04	1.84e-02	9.80e-02	7.62e-01	1.17e-01	3.57e-03	1.89e-15	2.07e-20	2.45e-20
 1.93129e+21	2.16e-15	2.55e-10	1.70e-06	6.81e-04	1.99e-02	1.03e-01	7.62e-01	1.11e-01	3.22e-03	2.16e-15	2.31e-20	2.74e-20
 2.06085e+21	2.56e-15	3.04e-10	2.02e-06	7.87e-04	2.19e-02	1.10e-01	7.60e-01	1.04e-01	2.82e-03	2.56e-15	2.64e-20	3.12e-20
 2.19628e+21	3.06e-15	3.64e-10	2.40e-06	9.12e-04	2.42e-02	1.18e-01	7.58e-01	9.68e-02	2.46e-03	3.06e-15	3.00e-20	3.54e-20
 2.30291e+21	3.51e-15	4.19e-10	2.74e-06	1.02e-03	2.60e-02	1.24e-01	7.55e-01	9.18e-02	2.22e-03	3.51e-15	3.33e-20	3.94e-20
 2.38667e+21	3.91e-15	4.68e-10	3.04e-06	1.11e-03	2.75e-02	1.29e-01	7.53e-01	8.81e-02	2.05e-03	3.91e-15	3.64e-20	4.31e-20
 2.47713e+21	4.39e-15	5.26e-10	3.39e-06	1.22e-03	2.91e-02	1.34e-01	7.50e-01	8.42e-02	1.88e-03	4.39e-15	4.00e-20	4.73e-20
 2.59473e+21	5.08e-15	6.12e-10	3.90e-06	1.36e-03	3.14e-02	1.40e-01	7.46e-01	7.94e-02	1.69e-03	5.08e-15	4.49e-20	5.31e-20
 2.71996e+21	5.93e-15	7.17e-10	4.53e-06	1.54e-03	3.39e-02	1.48e-01	7.41e-01	7.47e-02	1.50e-03	5.93e-15	5.05e-20	5.97e-20
 2.82731e+21	6.77e-15	8.20e-10	5.12e-06	1.70e-03	3.61e-02	1.54e-01	7.36e-01	7.09e-02	1.36e-03	6.77e-15	5.62e-20	6.63e-20
 2.93907e+21	7.76e-15	9.43e-10	5.82e-06	1.88e-03	3.85e-02	1.60e-01	7.31e-01	6.73e-02	1.23e-03	7.76e-15	6.30e-20	7.45e-20
 3.08436e+21	9.25e-15	1.13e-09	6.85e-06	2.14e-03	4.17e-02	1.68e-01	7.24e-01	6.28e-02	1.08e-03	9.25e-15	7.27e-20	8.59e-20
 3.23406e+21	1.11e-14	1.35e-09	8.08e-06	2.44e-03	4.52e-02	1.77e-01	7.16e-01	5.85e-02	9.53e-04	1.11e-14	8.36e-20	9.86e-20
 3.35610e+21	1.28e-14	1.57e-09	9.22e-06	2.70e-03	4.81e-02	1.84e-01	7.09e-01	5.53e-02	8.59e-04	1.28e-14	9.42e-20	1.11e-19
 3.48132e+21	1.49e-14	1.82e-09	1.05e-05	2.99e-03	5.12e-02	1.91e-01	7.02e-01	5.22e-02	7.74e-04	1.49e-14	1.07e-19	1.26e-19
 3.64411e+21	1.80e-14	2.21e-09	1.25e-05	3.40e-03	5.55e-02	2.00e-01	6.92e-01	4.84e-02	6.77e-04	1.80e-14	1.26e-19	1.48e-19
 3.81786e+21	2.20e-14	2.70e-09	1.49e-05	3.89e-03	6.02e-02	2.10e-01	6.81e-01	4.48e-02	5.88e-04	2.20e-14	1.48e-19	1.74e-19
 3.96696e+21	2.60e-14	3.19e-09	1.73e-05	4.35e-03	6.43e-02	2.18e-01	6.71e-01	4.19e-02	5.22e-04	2.60e-14	1.70e-19	2.00e-19
 4.12190e+21	3.11e-14	3.81e-09	2.01e-05	4.87e-03	6.88e-02	2.26e-01	6.60e-01	3.91e-02	4.63e-04	3.11e-14	1.99e-19	2.35e-19
 4.32333e+21	3.91e-14	4.76e-09	2.44e-05	5.62e-03	7.49e-02	2.37e-01	6.46e-01	3.58e-02	3.96e-04	3.91e-14	2.42e-19	2.85e-19
 4.53044e+21	4.91e-14	5.96e-09	2.96e-05	6.46e-03	8.13e-02	2.48e-01	6.31e-01	3.27e-02	3.39e-04	4.91e-14	2.92e-19	3.44e-19
 4.69788e+21	5.89e-14	7.10e-09	3.45e-05	7.21e-03	8.66e-02	2.56e-01	6.19e-01	3.05e-02	3.00e-04	5.89e-14	3.43e-19	4.03e-19
 4.86851e+21	7.09e-14	8.49e-09	4.01e-05	8.04e-03	9.23e-02	2.65e-01	6.06e-01	2.83e-02	2.65e-04	7.09e-14	4.05e-19	4.75e-19
 5.09034e+21	8.99e-14	1.07e-08	4.86e-05	9.23e-03	1.00e-01	2.75e-01	5.90e-01	2.58e-02	2.26e-04	8.99e-14	4.98e-19	5.85e-19
 5.32641e+21	1.15e-13	1.35e-08	5.93e-05	1.06e-02	1.08e-01	2.86e-01	5.72e-01	2.34e-02	1.91e-04	1.15e-13	6.15e-19	7.21e-19
 5.50802e+21	1.38e-13	1.60e-08	6.87e-05	1.18e-02	1.15e-01	2.94e-01	5.58e-01	2.17e-02	1.68e-04	1.38e-13	7.20e-19	8.44e-19
 5.64431e+21	1.58e-13	1.82e-08	7.66e-05	1.27e-02	1.20e-01	2.99e-01	5.48e-01	2.05e-02	1.54e-04	1.58e-13	8.17e-19	9.57e-19
 5.79464e+21	1.85e-13	2.11e-08	8.63e-05	1.38e-02	1.25e-01	3.05e-01	5.36e-01	1.93e-02	1.39e-04	1.85e-13	9.39e-19	1.10e-18
 5.99007e+21	2.26e-13	2.54e-08	1.01e-04	1.54e-02	1.33e-01	3.12e-01	5.21e-01	1.78e-02	1.21e-04	2.26e-13	1.12e-18	1.32e-18
 6.20498e+21	2.80e-13	3.09e-08	1.18e-04	1.72e-02	1.42e-01	3.20e-01	5.05e-01	1.63e-02	1.05e-04	2.80e-13	1.36e-18	1.59e-18
 6.40113e+21	3.39e-13	3.69e-08	1.37e-04	1.90e-02	1.49e-01	3.26e-01	4.90e-01	1.50e-02	9.26e-05	3.39e-13	1.61e-18	1.88e-18
 6.61204e+21	4.16e-13	4.45e-08	1.59e-04	2.10e-02	1.58e-01	3.33e-01	4.74e-01	1.38e-02	8.07e-05	4.16e-13	1.95e-18	2.27e-18
 6.88622e+21	5.41e-13	5.64e-08	1.92e-04	2.39e-02	1.69e-01	3.40e-01	4.54e-01	1.24e-02	6.77e-05	5.41e-13	2.47e-18	2.88e-18
 7.16189e+21	6.97e-13	7.09e-08	2.31e-04	2.71e-02	1.81e-01	3.47e-01	4.34e-01	1.11e-02	5.69e-05	6.97e-13	3.09e-18	3.60e-18
 7.37460e+21	8.44e-13	8.40e-08	2.65e-04	2.97e-02	1.89e-01	3.52e-01	4.19e-01	1.02e-02	4.99e-05	8.44e-13	3.69e-18	4.29e-18
 7.58622e+21	1.02e-12	9.95e-08	3.03e-04	3.24e-02	1.98e-01	3.56e-01	4.04e-01	9.38e-03	4.38e-05	1.02e-12	4.40e-18	5.12e-18
 7.86133e+21	1.30e-12	1.23e-07	3.60e-04	3.63e-02	2.10e-01	3.60e-01	3.85e-01	8.42e-03	3.70e-05	1.30e-12	5.51e-18	6.40e-18
 8.15691e+21	1.68e-12	1.54e-07	4.29e-04	4.07e-02	2.22e-01	3.64e-01	3.65e-01	7.50e-03	3.10e-05	1.68e-12	6.92e-18	8.04e-18
 8.41399e+21	2.08e-12	1.85e-07	4.97e-04	4.48e-02	2.33e-01	3.67e-01	3.48e-01	6.79e-03	2.66e-05	2.08e-12	8.43e-18	9.78e-18
 8.68310e+21	2.60e-12	2.24e-07	5.78e-04	4.93e-02	2.44e-01	3.69e-01	3.32e-01	6.12e-03	2.27e-05	2.60e-12	1.04e-17	1.20e-17
 9.03294e+21	3.45e-12	2.84e-07	6.98e-04	5.56e-02	2.58e-01	3.70e-01	3.11e-01	5.35e-03	1.86e-05	3.45e-12	1.35e-17	1.56e-17
 9.39351e+21	4.56e-12	3.60e-07	8.42e-04	6.26e-02	2.72e-01	3.70e-01	2.90e-01	4.65e-03	1.50e-05	4.56e-12	1.74e-17	2.02e-17
 9.68491e+21	5.67e-12	4.33e-07	9.74e-04	6.85e-02	2.83e-01	3.70e-01	2.74e-01	4.16e-03	1.28e-05	5.67e-12	2.13e-17	2.47e-17
 9.98062e+21	7.08e-12	5.20e-07	1.13e-03	7.49e-02	2.94e-01	3.68e-01	2.58e-01	3.72e-03	1.08e-05	7.08e-12	2.63e-17	3.05e-17
 1.03650e+22	9.39e-12	6.57e-07	1.35e-03	8.37e-02	3.08e-01	3.65e-01	2.39e-01	3.21e-03	8.72e-06	9.39e-12	3.43e-17	3.96e-17
 1.07757e+22	1.25e-11	8.30e-07	1.62e-03	9.37e-02	3.21e-01	3.61e-01	2.20e-01	2.75e-03	6.95e-06	1.25e-11	4.46e-17	5.16e-17
 1.11330e+22	1.59e-11	1.01e-06	1.90e-03	1.03e-01	3.33e-01	3.56e-01	2.04e-01	2.40e-03	5.72e-06	1.59e-11	5.59e-17	6.46e-17
 1.15099e+22	2.05e-11	1.24e-06	2.22e-03	1.13e-01	3.44e-01	3.50e-01	1.88e-01	2.08e-03	4.67e-06	2.05e-11	7.11e-17	8.21e-17
 1.19999e+22	2.82e-11	1.60e-06	2.71e-03	1.27e-01	3.58e-01	3.41e-01	1.70e-01	1.73e-03	3.59e-06	2.82e-11	9.60e-17	1.11e-16
 1.24568e+22	3.72e-11	1.99e-06	3.24e-03	1.40e-01	3.69e-01	3.32e-01	1.54e-01	1.46e-03	2.82e-06	3.72e-11	1.24e-16	1.43e-16
 1.27697e+22	4.47e-11	2.30e-06	3.64e-03	1.50e-01	3.77e-01	3.25e-01	1.44e-01	1.30e-03	2.39e-06	4.47e-11	1.48e-16	1.70e-16
 1.30753e+22	5.38e-11	2.65e-06	4.07e-03	1.59e-01	3.83e-01	3.18e-01	1.34e-01	1.16e-03	2.04e-06	5.38e-11	1.76e-16	2.03e-16
 1.34724e+22	6.80e-11	3.19e-06	4.69e-03	1.72e-01	3.91e-01	3.09e-01	1.23e-01	9.99e-04	1.66e-06	6.80e-11	2.19e-16	2.54e-16
 1.38981e+22	8.62e-11	3.83e-06	5.44e-03	1.86e-01	3.97e-01	2.99e-01	1.11e-01	8.52e-04	1.33e-06	8.62e-11	2.74e-16	3.17e-16
 1.42831e+22	1.06e-10	4.50e-06	6.19e-03	1.99e-01	4.03e-01	2.89e-01	1.02e-01	7.39e-04	1.09e-06	1.06e-10	3.34e-16	3.86e-16
 1.47060e+22	1.34e-10	5.38e-06	7.11e-03	2.14e-01	4.08e-01	2.78e-01	9.25e-02	6.32e-04	8.84e-07	1.34e-10	4.16e-16	4.82e-16
 1.51704e+22	1.70e-10	6.46e-06	8.24e-03	2.31e-01	4.12e-01	2.66e-01	8.30e-02	5.32e-04	0.00e+00	1.70e-10	5.22e-16	6.04e-16
 1.56037e+22	2.12e-10	7.63e-06	9.41e-03	2.47e-01	4.14e-01	2.54e-01	7.49e-02	4.54e-04	0.00e+00	2.12e-10	6.42e-16	7.43e-16
 1.60817e+22	2.70e-10	9.17e-06	1.09e-02	2.65e-01	4.16e-01	2.41e-01	6.69e-02	3.81e-04	0.00e+00	2.70e-10	8.09e-16	9.37e-16
 1.65991e+22	3.45e-10	1.11e-05	1.27e-02	2.84e-01	4.16e-01	2.28e-01	5.91e-02	3.15e-04	0.00e+00	3.45e-10	1.02e-15	1.18e-15
 1.70732e+22	4.30e-10	1.31e-05	1.45e-02	3.02e-01	4.15e-01	2.15e-01	5.27e-02	2.65e-04	0.00e+00	4.30e-10	1.26e-15	1.46e-15
 1.75950e+22	5.50e-10	1.57e-05	1.68e-02	3.22e-01	4.12e-01	2.02e-01	4.64e-02	2.19e-04	0.00e+00	5.50e-10	1.59e-15	1.85e-15
 1.81637e+22	7.07e-10	1.90e-05	1.96e-02	3.44e-01	4.08e-01	1.88e-01	4.04e-02	1.78e-04	0.00e+00	7.07e-10	2.02e-15	2.35e-15
 1.86738e+22	8.80e-10	2.24e-05	2.24e-02	3.64e-01	4.02e-01	1.76e-01	3.56e-02	1.48e-04	0.00e+00	8.80e-10	2.49e-15	2.89e-15
 1.91313e+22	1.07e-09	2.60e-05	2.53e-02	3.81e-01	3.97e-01	1.65e-01	3.18e-02	1.26e-04	0.00e+00	1.07e-09	3.00e-15	3.48e-15
 1.96399e+22	1.33e-09	3.08e-05	2.88e-02	4.01e-01	3.89e-01	1.53e-01	2.80e-02	1.05e-04	0.00e+00	1.33e-09	3.71e-15	4.31e-15
 2.01980e+22	1.68e-09	3.67e-05	3.33e-02	4.21e-01	3.80e-01	1.41e-01	2.43e-02	8.60e-05	0.00e+00	1.68e-09	4.63e-15	5.38e-15
 2.07026e+22	2.06e-09	4.28e-05	3.78e-02	4.40e-01	3.70e-01	1.31e-01	2.14e-02	7.20e-05	0.00e+00	2.06e-09	5.62e-15	6.53e-15
 2.11648e+22	2.47e-09	4.93e-05	4.25e-02	4.56e-01	3.61e-01	1.21e-01	1.91e-02	6.13e-05	0.00e+00	2.47e-09	6.69e-15	7.78e-15
 2.16898e+22	3.10e-09	5.87e-05	4.86e-02	4.74e-01	3.49e-01	1.11e-01	1.66e-02	5.08e-05	0.00e+00	3.10e-09	8.33e-15	9.69e-15
 2.22615e+22	3.88e-09	7.01e-05	5.61e-02	4.93e-01	3.36e-01	1.01e-01	1.43e-02	4.16e-05	0.00e+00	3.88e-09	1.03e-14	1.20e-14
 2.27697e+22	4.74e-09	8.19e-05	6.39e-02	5.08e-01	3.23e-01	9.23e-02	1.25e-02	3.48e-05	0.00e+00	4.74e-09	1.25e-14	1.46e-14
 2.32265e+22	5.69e-09	9.48e-05	7.19e-02	5.22e-01	3.10e-01	8.48e-02	1.11e-02	2.97e-05	0.00e+00	5.69e-09	1.50e-14	1.74e-14
 2.37403e+22	7.08e-09	1.13e-04	8.23e-02	5.36e-01	2.96e-01	7.68e-02	9.65e-03	2.47e-05	0.00e+00	7.08e-09	1.85e-14	2.15e-14
 2.42957e+22	8.88e-09	1.35e-04	9.53e-02	5.49e-01	2.79e-01	6.86e-02	8.27e-03	2.03e-05	0.00e+00	8.88e-09	2.31e-14	2.68e-14
 2.47799e+22	1.08e-08	1.59e-04	1.09e-01	5.58e-01	2.64e-01	6.18e-02	7.21e-03	1.71e-05	0.00e+00	1.08e-08	2.80e-14	3.26e-14
 2.52039e+22	1.30e-08	1.85e-04	1.22e-01	5.65e-01	2.50e-01	5.61e-02	6.36e-03	1.47e-05	0.00e+00	1.30e-08	3.34e-14	3.89e-14
 2.56750e+22	1.54e-08	2.13e-04	1.40e-01	5.71e-01	2.33e-01	5.00e-02	5.49e-03	1.22e-05	0.00e+00	1.54e-08	3.95e-14	4.59e-14
 2.61836e+22	2.02e-08	2.66e-04	1.62e-01	5.73e-01	2.15e-01	4.38e-02	4.67e-03	1.01e-05	0.00e+00	2.02e-08	5.15e-14	5.99e-14
 2.66228e+22	2.48e-08	3.16e-04	1.85e-01	5.73e-01	1.99e-01	3.87e-02	4.03e-03	8.50e-06	0.00e+00	2.48e-08	6.27e-14	7.29e-14
 2.69996e+22	2.97e-08	3.68e-04	2.09e-01	5.69e-01	1.84e-01	3.45e-02	3.52e-03	7.26e-06	0.00e+00	2.97e-08	7.49e-14	8.70e-14
 2.74134e+22	3.67e-08	4.40e-04	2.38e-01	5.62e-01	1.67e-01	3.00e-02	2.99e-03	6.02e-06	0.00e+00	3.67e-08	9.24e-14	1.07e-13
 2.78583e+22	4.36e-08	5.11e-04	2.74e-01	5.49e-01	1.48e-01	2.54e-02	2.47e-03	4.86e-06	0.00e+00	4.36e-08	1.09e-13	1.27e-13
 2.82389e+22	5.54e-08	6.25e-04	3.10e-01	5.34e-01	1.32e-01	2.18e-02	2.08e-03	4.03e-06	0.00e+00	5.54e-08	1.39e-13	1.61e-13
 2.85581e+22	6.56e-08	7.21e-04	3.44e-01	5.17e-01	1.18e-01	1.89e-02	1.77e-03	3.38e-06	0.00e+00	6.56e-08	1.64e-13	1.90e-13
 2.88538e+22	7.69e-08	8.24e-04	3.78e-01	4.98e-01	1.05e-01	1.63e-02	1.51e-03	2.83e-06	0.00e+00	7.69e-08	1.92e-13	2.22e-13
 2.91897e+22	9.21e-08	9.58e-04	4.20e-01	4.73e-01	9.08e-02	1.36e-02	1.23e-03	2.28e-06	0.00e+00	9.21e-08	2.29e-13	2.65e-13
 2.95273e+22	1.10e-07	1.11e-03	4.65e-01	4.45e-01	7.71e-02	1.12e-02	9.92e-04	1.80e-06	0.00e+00	1.10e-07	2.72e-13	3.16e-13
 2.97820e+22	1.25e-07	1.23e-03	5.00e-01	4.21e-01	6.73e-02	9.57e-03	8.32e-04	1.49e-06	0.00e+00	1.25e-07	3.08e-13	3.57e-13
 3.00281e+22	1.42e-07	1.37e-03	5.35e-01	3.97e-01	5.83e-02	8.12e-03	6.92e-04	1.23e-06	0.00e+00	1.42e-07	3.50e-13	4.07e-13
 3.03061e+22	1.63e-07	1.53e-03	5.74e-01	3.68e-01	4.92e-02	6.70e-03	5.57e-04	9.70e-07	0.00e+00	1.63e-07	4.01e-13	4.66e-13
 3.05707e+22	1.85e-07	1.69e-03	6.10e-01	3.41e-01	4.14e-02	5.54e-03	4.48e-04	0.00e+00	0.00e+00	1.85e-07	4.55e-13	5.28e-13
 3.08186e+22	2.08e-07	1.84e-03	6.43e-01	3.16e-01	3.50e-02	4.62e-03	3.63e-04	0.00e+00	0.00e+00	2.08e-07	5.09e-13	5.92e-13
 3.10997e+22	2.37e-07	2.03e-03	6.78e-01	2.87e-01	2.88e-02	3.74e-03	2.84e-04	0.00e+00	0.00e+00	2.37e-07	5.79e-13	6.73e-13
 3.14087e+22	2.71e-07	2.23e-03	7.13e-01	2.58e-01	2.32e-02	2.97e-03	2.16e-04	0.00e+00	0.00e+00	2.71e-07	6.58e-13	7.66e-13
 3.16827e+22	3.03e-07	2.41e-03	7.41e-01	2.34e-01	1.91e-02	2.44e-03	1.70e-04	0.00e+00	0.00e+00	3.03e-07	7.33e-13	8.54e-13
 3.19255e+22	3.33e-07	2.57e-03	7.64e-01	2.15e-01	1.62e-02	2.05e-03	1.38e-04	0.00e+00	0.00e+00	3.33e-07	8.05e-13	9.38e-13
 3.21992e+22	3.70e-07	2.76e-03	7.88e-01	1.94e-01	1.35e-02	1.69e-03	1.09e-04	0.00e+00	0.00e+00	3.70e-07	8.93e-13	1.04e-12
 3.25076e+22	4.14e-07	2.96e-03	8.10e-01	1.74e-01	1.11e-02	1.39e-03	8.50e-05	0.00e+00	0.00e+00	4.14e-07	9.94e-13	1.16e-12
 3.28043e+22	4.58e-07	3.16e-03	8.29e-01	1.57e-01	9.28e-03	1.16e-03	6.76e-05	0.00e+00	0.00e+00	4.58e-07	1.10e-12	1.28e-12
 3.31314e+22	5.11e-07	3.37e-03	8.48e-01	1.40e-01	7.72e-03	9.53e-04	5.29e-05	0.00e+00	0.00e+00	5.11e-07	1.22e-12	1.42e-12
 3.34961e+22	5.73e-07	3.60e-03	8.65e-01	1.24e-01	6.43e-03	7.84e-04	4.12e-05	0.00e+00	0.00e+00	5.73e-07	1.36e-12	1.59e-12
 3.38509e+22	6.36e-07	3.83e-03	8.79e-01	1.11e-01	5.49e-03	6.58e-04	3.29e-05	0.00e+00	0.00e+00	6.36e-07	1.50e-12	1.76e-12
 3.42211e+22	7.07e-07	4.06e-03	8.91e-01	9.93e-02	4.73e-03	5.54e-04	2.64e-05	0.00e+00	0.00e+00	7.07e-07	1.66e-12	1.95e-12
 3.46362e+22	7.91e-07	4.31e-03	9.03e-01	8.81e-02	4.08e-03	4.64e-04	2.11e-05	0.00e+00	0.00e+00	7.91e-07	1.85e-12	2.17e-12
 3.50874e+22	8.87e-07	4.58e-03	9.13e-01	7.80e-02	3.56e-03	3.89e-04	1.69e-05	0.00e+00	0.00e+00	8.87e-07	2.05e-12	2.41e-12
 3.55637e+22	9.97e-07	4.87e-03	9.22e-01	6.92e-02	3.14e-03	3.27e-04	1.37e-05	0.00e+00	0.00e+00	9.97e-07	2.27e-12	2.68e-12
 3.60702e+22	1.12e-06	5.17e-03	9.30e-01	6.13e-02	2.80e-03	2.75e-04	1.12e-05	0.00e+00	0.00e+00	1.12e-06	2.52e-12	2.97e-12
 3.66247e+22	1.27e-06	5.49e-03	9.38e-01	5.42e-02	2.52e-03	2.31e-04	9.17e-06	0.00e+00	0.00e+00	1.27e-06	2.81e-12	3.32e-12
 3.72428e+22	1.45e-06	5.86e-03	9.44e-01	4.76e-02	2.27e-03	1.93e-04	7.51e-06	0.00e+00	0.00e+00	1.45e-06	3.17e-12	3.74e-12
 3.79340e+22	1.67e-06	6.26e-03	9.50e-01	4.17e-02	2.06e-03	1.60e-04	6.17e-06	0.00e+00	0.00e+00	1.67e-06	3.59e-12	4.25e-12
 3.87146e+22	1.95e-06	6.72e-03	9.55e-01	3.62e-02	1.88e-03	1.31e-04	5.05e-06	0.00e+00	0.00e+00	1.95e-06	4.13e-12	4.89e-12
 3.95388e+22	2.29e-06	7.22e-03	9.59e-01	3.17e-02	1.73e-03	1.08e-04	4.20e-06	0.00e+00	0.00e+00	2.29e-06	4.78e-12	5.66e-12
 4.04784e+22	2.73e-06	7.78e-03	9.63e-01	2.73e-02	1.59e-03	8.74e-05	3.47e-06	0.00e+00	0.00e+00	2.73e-06	5.61e-12	6.65e-12
 4.15152e+22	3.32e-06	8.43e-03	9.66e-01	2.36e-02	1.47e-03	7.05e-05	2.88e-06	0.00e+00	0.00e+00	3.32e-06	6.70e-12	7.95e-12
 4.24907e+22	3.97e-06	9.08e-03	9.69e-01	2.08e-02	1.37e-03	5.83e-05	2.46e-06	0.00e+00	0.00e+00	3.97e-06	7.94e-12	9.42e-12
 4.35711e+22	4.83e-06	9.79e-03	9.71e-01	1.81e-02	1.28e-03	4.73e-05	2.09e-06	0.00e+00	0.00e+00	4.83e-06	9.54e-12	1.13e-11
 4.49755e+22	6.25e-06	1.08e-02	9.73e-01	1.52e-02	1.18e-03	3.65e-05	1.72e-06	0.00e+00	0.00e+00	6.25e-06	1.22e-11	1.44e-11
 4.64269e+22	8.31e-06	1.20e-02	9.74e-01	1.30e-02	1.10e-03	2.83e-05	1.43e-06	0.00e+00	0.00e+00	8.31e-06	1.60e-11	1.90e-11
 4.76283e+22	1.07e-05	1.31e-02	9.74e-01	1.15e-02	1.04e-03	2.31e-05	1.23e-06	0.00e+00	0.00e+00	1.07e-05	2.04e-11	2.42e-11
 4.88791e+22	1.38e-05	1.43e-02	9.75e-01	1.00e-02	9.92e-04	1.85e-05	1.06e-06	0.00e+00	0.00e+00	1.38e-05	2.63e-11	3.11e-11
 5.02821e+22	1.91e-05	1.60e-02	9.74e-01	8.60e-03	9.40e-04	1.44e-05	8.96e-07	0.00e+00	0.00e+00	1.91e-05	3.61e-11	4.26e-11
 5.16290e+22	2.68e-05	1.81e-02	9.74e-01	7.42e-03	8.96e-04	1.11e-05	0.00e+00	0.00e+00	0.00e+00	2.68e-05	5.07e-11	5.97e-11
 5.27721e+22	3.73e-05	2.04e-02	9.72e-01	6.53e-03	8.62e-04	8.87e-06	0.00e+00	0.00e+00	0.00e+00	3.73e-05	7.08e-11	8.30e-11
 5.34706e+22	4.73e-05	2.24e-02	9.71e-01	6.07e-03	8.42e-04	7.65e-06	0.00e+00	0.00e+00	0.00e+00	4.73e-05	9.02e-11	1.05e-10
 5.38038e+22	5.31e-05	2.34e-02	9.70e-01	5.86e-03	8.34e-04	7.13e-06	0.00e+00	0.00e+00	0.00e+00	5.31e-05	1.01e-10	1.18e-10
 5.40958e+22	5.84e-05	2.42e-02	9.69e-01	5.62e-03	8.26e-04	6.65e-06	0.00e+00	0.00e+00	0.00e+00	5.84e-05	1.12e-10	1.30e-10
 5.44755e+22	6.66e-05	2.55e-02	9.68e-01	5.31e-03	8.16e-04	6.04e-06	0.00e+00	0.00e+00	0.00e+00	6.66e-05	1.28e-10	1.48e-10
 5.49690e+22	7.95e-05	2.73e-02	9.67e-01	4.92e-03	8.02e-04	5.32e-06	0.00e+00	0.00e+00	0.00e+00	7.95e-05	1.53e-10	1.77e-10
 5.54726e+22	9.71e-05	2.96e-02	9.65e-01	4.57e-03	7.89e-04	4.65e-06	0.00e+00	0.00e+00	0.00e+00	9.71e-05	1.88e-10	2.16e-10
 5.58540e+22	1.14e-04	3.17e-02	9.63e-01	4.31e-03	7.79e-04	4.18e-06	0.00e+00	0.00e+00	0.00e+00	1.14e-04	2.22e-10	2.54e-10
 5.61482e+22	1.30e-04	3.35e-02	9.62e-01	4.10e-03	7.72e-04	3.83e-06	0.00e+00	0.00e+00	0.00e+00	1.30e-04	2.54e-10	2.89e-10
 5.64643e+22	1.50e-04	3.55e-02	9.60e-01	3.87e-03	7.63e-04	3.47e-06	0.00e+00	0.00e+00	0.00e+00	1.50e-04	2.94e-10	3.32e-10
 5.68752e+22	1.81e-04	3.85e-02	9.57e-01	3.57e-03	7.52e-04	3.04e-06	0.00e+00	0.00e+00	0.00e+00	1.81e-04	3.58e-10	4.01e-10
 5.72773e+22	2.23e-04	4.23e-02	9.53e-01	3.30e-03	7.40e-04	2.64e-06	0.00e+00	0.00e+00	0.00e+00	2.23e-04	4.46e-10	4.94e-10
 5.75592e+22	2.60e-04	4.54e-02	9.51e-01	3.11e-03	7.32e-04	2.38e-06	0.00e+00	0.00e+00	0.00e+00	2.60e-04	5.27e-10	5.78e-10
 5.77721e+22	2.93e-04	4.79e-02	9.48e-01	2.97e-03	7.26e-04	2.20e-06	0.00e+00	0.00e+00	0.00e+00	2.93e-04	5.99e-10	6.51e-10
 5.80045e+22	3.34e-04	5.09e-02	9.45e-01	2.81e-03	7.18e-04	2.01e-06	0.00e+00	0.00e+00	0.00e+00	3.34e-04	6.88e-10	7.41e-10
 5.83067e+22	3.98e-04	5.51e-02	9.41e-01	2.61e-03	7.09e-04	1.78e-06	0.00e+00	0.00e+00	0.00e+00	3.98e-04	8.31e-10	8.82e-10
 5.86126e+22	4.86e-04	6.06e-02	9.36e-01	2.41e-03	6.98e-04	1.55e-06	0.00e+00	0.00e+00	0.00e+00	4.86e-04	1.03e-09	1.08e-09
 5.88426e+22	5.71e-04	6.54e-02	9.31e-01	2.26e-03	6.89e-04	1.40e-06	0.00e+00	0.00e+00	0.00e+00	5.71e-04	1.23e-09	1.26e-09
 5.90219e+22	6.48e-04	6.95e-02	9.27e-01	2.15e-03	6.82e-04	1.28e-06	0.00e+00	0.00e+00	0.00e+00	6.48e-04	1.42e-09	1.43e-09
 5.92162e+22	7.42e-04	7.42e-02	9.22e-01	2.02e-03	6.74e-04	1.17e-06	0.00e+00	0.00e+00	0.00e+00	7.42e-04	1.65e-09	1.64e-09
 5.94689e+22	8.92e-04	8.11e-02	9.15e-01	1.86e-03	6.64e-04	1.03e-06	0.00e+00	0.00e+00	0.00e+00	8.92e-04	2.02e-09	1.97e-09
 5.97214e+22	1.10e-03	8.98e-02	9.07e-01	1.71e-03	6.51e-04	8.91e-07	0.00e+00	0.00e+00	0.00e+00	1.10e-03	2.55e-09	2.41e-09
 5.99062e+22	1.29e-03	9.74e-02	8.99e-01	1.60e-03	6.41e-04	0.00e+00	0.00e+00	0.00e+00	0.00e+00	1.29e-03	3.06e-09	2.82e-09
 6.00493e+22	1.46e-03	1.04e-01	8.93e-01	1.51e-03	6.33e-04	0.00e+00	0.00e+00	0.00e+00	0.00e+00	1.46e-03	3.53e-09	3.19e-09
 6.02057e+22	1.68e-03	1.11e-01	8.85e-01	1.42e-03	6.23e-04	0.00e+00	0.00e+00	0.00e+00	0.00e+00	1.68e-03	4.12e-09	3.65e-09
 6.04091e+22	2.01e-03	1.22e-01	8.74e-01	1.30e-03	6.10e-04	0.00e+00	0.00e+00	0.00e+00	0.00e+00	2.01e-03	5.07e-09	4.36e-09
 6.06170e+22	2.49e-03	1.35e-01	8.60e-01	1.18e-03	5.94e-04	0.00e+00	0.00e+00	0.00e+00	0.00e+00	2.49e-03	6.43e-09	5.36e-09
 6.07762e+22	2.96e-03	1.48e-01	8.48e-01	1.10e-03	5.81e-04	0.00e+00	0.00e+00	0.00e+00	0.00e+00	2.96e-03	7.83e-09	6.34e-09
 6.09023e+22	3.39e-03	1.58e-01	8.37e-01	1.03e-03	5.70e-04	0.00e+00	0.00e+00	0.00e+00	0.00e+00	3.39e-03	9.14e-09	7.24e-09
 6.10397e+22	3.92e-03	1.70e-01	8.24e-01	9.57e-04	5.57e-04	0.00e+00	0.00e+00	0.00e+00	0.00e+00	3.92e-03	1.08e-08	8.36e-09
 6.12183e+22	4.79e-03	1.88e-01	8.06e-01	8.65e-04	5.38e-04	0.00e+00	0.00e+00	0.00e+00	0.00e+00	4.79e-03	1.35e-08	1.02e-08
 6.14025e+22	6.02e-03	2.11e-01	7.82e-01	7.72e-04	5.15e-04	0.00e+00	0.00e+00	0.00e+00	0.00e+00	6.02e-03	1.74e-08	1.27e-08
 6.15465e+22	7.31e-03	2.33e-01	7.59e-01	6.99e-04	4.94e-04	0.00e+00	0.00e+00	0.00e+00	0.00e+00	7.31e-03	2.15e-08	1.53e-08
 6.16641e+22	8.56e-03	2.51e-01	7.39e-01	6.43e-04	4.76e-04	0.00e+00	0.00e+00	0.00e+00	0.00e+00	8.56e-03	2.55e-08	1.79e-08
 6.17945e+22	1.02e-02	2.73e-01	7.16e-01	5.85e-04	4.55e-04	0.00e+00	0.00e+00	0.00e+00	0.00e+00	1.02e-02	3.06e-08	2.11e-08
 6.19640e+22	1.28e-02	3.05e-01	6.81e-01	5.13e-04	4.25e-04	0.00e+00	0.00e+00	0.00e+00	0.00e+00	1.28e-02	3.91e-08	2.65e-08
 6.21335e+22	1.66e-02	3.45e-01	6.38e-01	4.41e-04	3.91e-04	0.00e+00	0.00e+00	0.00e+00	0.00e+00	1.66e-02	5.15e-08	3.41e-08
 6.22570e+22	2.03e-02	3.79e-01	6.00e-01	3.89e-04	3.61e-04	0.00e+00	0.00e+00	0.00e+00	0.00e+00	2.03e-02	6.36e-08	4.15e-08
 6.23508e+22	2.37e-02	4.05e-01	5.70e-01	3.53e-04	3.38e-04	0.00e+00	0.00e+00	0.00e+00	0.00e+00	2.37e-02	7.42e-08	4.81e-08
 6.24520e+22	2.77e-02	4.34e-01	5.38e-01	3.18e-04	3.13e-04	0.00e+00	0.00e+00	0.00e+00	0.00e+00	2.77e-02	8.70e-08	5.59e-08
 6.25836e+22	3.42e-02	4.73e-01	4.92e-01	2.75e-04	2.79e-04	0.00e+00	0.00e+00	0.00e+00	0.00e+00	3.42e-02	1.08e-07	6.85e-08
 6.27213e+22	4.36e-02	5.20e-01	4.36e-01	2.29e-04	2.39e-04	0.00e+00	0.00e+00	0.00e+00	0.00e+00	4.36e-02	1.37e-07	8.66e-08
 6.28304e+22	5.33e-02	5.59e-01	3.87e-01	1.96e-04	2.07e-04	0.00e+00	0.00e+00	0.00e+00	0.00e+00	5.33e-02	1.67e-07	1.05e-07
 6.29105e+22	6.17e-02	5.87e-01	3.51e-01	1.74e-04	1.83e-04	0.00e+00	0.00e+00	0.00e+00	0.00e+00	6.17e-02	1.93e-07	1.20e-07
 6.29896e+22	7.04e-02	6.11e-01	3.18e-01	1.55e-04	1.62e-04	0.00e+00	0.00e+00	0.00e+00	0.00e+00	7.04e-02	2.19e-07	1.36e-07
 6.30924e+22	8.37e-02	6.41e-01	2.75e-01	1.33e-04	1.36e-04	0.00e+00	0.00e+00	0.00e+00	0.00e+00	8.37e-02	2.58e-07	1.60e-07
 6.31941e+22	1.02e-01	6.69e-01	2.29e-01	1.10e-04	1.08e-04	0.00e+00	0.00e+00	0.00e+00	0.00e+00	1.02e-01	3.10e-07	1.92e-07
 6.32658e+22	1.17e-01	6.87e-01	1.96e-01	9.56e-05	8.94e-05	0.00e+00	0.00e+00	0.00e+00	0.00e+00	1.17e-01	3.53e-07	2.18e-07
 6.33182e+22	1.28e-01	6.96e-01	1.76e-01	8.70e-05	7.82e-05	0.00e+00	0.00e+00	0.00e+00	0.00e+00	1.28e-01	3.83e-07	2.37e-07
 6.33740e+22	1.41e-01	7.04e-01	1.55e-01	7.86e-05	6.74e-05	0.00e+00	0.00e+00	0.00e+00	0.00e+00	1.41e-01	4.17e-07	2.58e-07
 6.34465e+22	1.59e-01	7.10e-01	1.31e-01	6.84e-05	5.46e-05	0.00e+00	0.00e+00	0.00e+00	0.00e+00	1.59e-01	4.65e-07	2.87e-07
 6.35232e+22	1.84e-01	7.11e-01	1.05e-01	5.79e-05	4.17e-05	0.00e+00	0.00e+00	0.00e+00	0.00e+00	1.84e-01	5.26e-07	3.24e-07
 6.35851e+22	2.07e-01	7.07e-01	8.55e-02	5.00e-05	3.25e-05	0.00e+00	0.00e+00	0.00e+00	0.00e+00	2.07e-01	5.82e-07	3.58e-07
 6.36338e+22	2.25e-01	7.02e-01	7.27e-02	4.49e-05	2.68e-05	0.00e+00	0.00e+00	0.00e+00	0.00e+00	2.25e-01	6.23e-07	3.83e-07
 6.36854e+22	2.45e-01	6.94e-01	6.12e-02	4.01e-05	2.18e-05	0.00e+00	0.00e+00	0.00e+00	0.00e+00	2.45e-01	6.66e-07	4.10e-07
 6.37525e+22	2.74e-01	6.78e-01	4.78e-02	3.44e-05	1.62e-05	0.00e+00	0.00e+00	0.00e+00	0.00e+00	2.74e-01	7.26e-07	4.46e-07
 6.38218e+22	3.12e-01	6.53e-01	3.53e-02	2.85e-05	1.12e-05	0.00e+00	0.00e+00	0.00e+00	0.00e+00	3.12e-01	7.95e-07	4.88e-07
 6.38756e+22	3.44e-01	6.29e-01	2.72e-02	2.45e-05	8.24e-06	0.00e+00	0.00e+00	0.00e+00	0.00e+00	3.44e-01	8.46e-07	5.19e-07
 6.39187e+22	3.68e-01	6.09e-01	2.22e-02	2.20e-05	6.46e-06	0.00e+00	0.00e+00	0.00e+00	0.00e+00	3.68e-01	8.80e-07	5.39e-07
 6.39552e+22	3.91e-01	5.90e-01	1.83e-02	1.98e-05	5.17e-06	0.00e+00	0.00e+00	0.00e+00	0.00e+00	3.91e-01	9.08e-07	5.57e-07
 6.39842e+22	4.10e-01	5.74e-01	1.57e-02	1.83e-05	4.32e-06	0.00e+00	0.00e+00	0.00e+00	0.00e+00	4.10e-01	9.28e-07	5.69e-07
 6.40119e+22	4.27e-01	5.60e-01	1.36e-02	1.70e-05	3.65e-06	0.00e+00	0.00e+00	0.00e+00	0.00e+00	4.27e-01	9.44e-07	5.79e-07
 6.40439e+22	4.48e-01	5.40e-01	1.14e-02	1.56e-05	2.98e-06	0.00e+00	0.00e+00	0.00e+00	0.00e+00	4.48e-01	9.62e-07	5.90e-07
 6.40794e+22	4.73e-01	5.18e-01	9.29e-03	1.40e-05	2.34e-06	0.00e+00	0.00e+00	0.00e+00	0.00e+00	4.73e-01	9.80e-07	6.01e-07
 6.41145e+22	4.99e-01	4.93e-01	7.47e-03	1.25e-05	1.82e-06	0.00e+00	0.00e+00	0.00e+00	0.00e+00	4.99e-01	9.95e-07	6.09e-07
 6.41477e+22	5.24e-01	4.70e-01	6.04e-03	1.13e-05	1.42e-06	0.00e+00	0.00e+00	0.00e+00	0.00e+00	5.24e-01	1.00e-06	6.15e-07
 6.41797e+22	5.49e-01	4.46e-01	4.90e-03	1.02e-05	1.12e-06	0.00e+00	0.00e+00	0.00e+00	0.00e+00	5.49e-01	1.01e-06	6.17e-07
 6.42110e+22	5.73e-01	4.23e-01	3.96e-03	9.19e-06	8.79e-07	0.00e+00	0.00e+00	0.00e+00	0.00e+00	5.73e-01	1.01e-06	6.18e-07
 6.42406e+22	5.95e-01	4.01e-01	3.22e-03	8.33e-06	0.00e+00	0.00e+00	0.00e+00	0.00e+00	0.00e+00	5.95e-01	1.01e-06	6.16e-07
 6.42626e+22	6.12e-01	3.85e-01	2.75e-03	7.74e-06	0.00e+00	0.00e+00	0.00e+00	0.00e+00	0.00e+00	6.12e-01	1.00e-06	6.13e-07
 6.42766e+22	6.21e-01	3.76e-01	2.50e-03	7.43e-06	0.00e+00	0.00e+00	0.00e+00	0.00e+00	0.00e+00	6.21e-01	9.99e-07	6.11e-07
 6.42904e+22	6.30e-01	3.68e-01	2.29e-03	7.17e-06	0.00e+00	0.00e+00	0.00e+00	0.00e+00	0.00e+00	6.30e-01	9.95e-07	6.08e-07
 6.43084e+22	6.42e-01	3.56e-01	2.02e-03	6.77e-06	0.00e+00	0.00e+00	0.00e+00	0.00e+00	0.00e+00	6.42e-01	9.88e-07	6.04e-07
 6.43283e+22	6.58e-01	3.41e-01	1.74e-03	6.31e-06	0.00e+00	0.00e+00	0.00e+00	0.00e+00	0.00e+00	6.58e-01	9.79e-07	5.98e-07
 6.43455e+22	6.71e-01	3.28e-01	1.53e-03	5.93e-06	0.00e+00	0.00e+00	0.00e+00	0.00e+00	0.00e+00	6.71e-01	9.70e-07	5.92e-07
 6.43597e+22	6.81e-01	3.18e-01	1.38e-03	5.66e-06	0.00e+00	0.00e+00	0.00e+00	0.00e+00	0.00e+00	6.80e-01	9.62e-07	5.87e-07
 6.43741e+22	6.90e-01	3.08e-01	1.24e-03	5.41e-06	0.00e+00	0.00e+00	0.00e+00	0.00e+00	0.00e+00	6.90e-01	9.53e-07	5.82e-07
 6.43909e+22	7.02e-01	2.97e-01	1.10e-03	5.10e-06	0.00e+00	0.00e+00	0.00e+00	0.00e+00	0.00e+00	7.02e-01	9.42e-07	5.75e-07
 6.44082e+22	7.15e-01	2.84e-01	9.62e-04	4.78e-06	0.00e+00	0.00e+00	0.00e+00	0.00e+00	0.00e+00	7.15e-01	9.29e-07	5.67e-07
 6.44235e+22	7.25e-01	2.74e-01	8.57e-04	4.53e-06	0.00e+00	0.00e+00	0.00e+00	0.00e+00	0.00e+00	7.25e-01	9.18e-07	5.60e-07
 6.44375e+22	7.35e-01	2.65e-01	7.73e-04	4.32e-06	0.00e+00	0.00e+00	0.00e+00	0.00e+00	0.00e+00	7.35e-01	9.07e-07	5.53e-07
 6.44522e+22	7.44e-01	2.55e-01	6.95e-04	4.10e-06	0.00e+00	0.00e+00	0.00e+00	0.00e+00	0.00e+00	7.44e-01	8.95e-07	5.45e-07
 6.44681e+22	7.55e-01	2.45e-01	6.18e-04	3.87e-06	0.00e+00	0.00e+00	0.00e+00	0.00e+00	0.00e+00	7.55e-01	8.81e-07	5.36e-07
 6.44839e+22	7.65e-01	2.34e-01	5.49e-04	3.65e-06	0.00e+00	0.00e+00	0.00e+00	0.00e+00	0.00e+00	7.65e-01	8.66e-07	5.27e-07
 6.44983e+22	7.74e-01	2.25e-01	4.94e-04	3.46e-06	0.00e+00	0.00e+00	0.00e+00	0.00e+00	0.00e+00	7.74e-01	8.53e-07	5.19e-07
 6.45121e+22	7.82e-01	2.17e-01	4.49e-04	3.30e-06	0.00e+00	0.00e+00	0.00e+00	0.00e+00	0.00e+00	7.82e-01	8.40e-07	5.11e-07
 6.45268e+22	7.91e-01	2.09e-01	4.06e-04	3.14e-06	0.00e+00	0.00e+00	0.00e+00	0.00e+00	0.00e+00	7.91e-01	8.27e-07	5.02e-07
 6.45426e+22	8.00e-01	1.99e-01	3.64e-04	2.95e-06	0.00e+00	0.00e+00	0.00e+00	0.00e+00	0.00e+00	8.00e-01	8.10e-07	4.92e-07
 6.45578e+22	8.09e-01	1.91e-01	3.28e-04	2.79e-06	0.00e+00	0.00e+00	0.00e+00	0.00e+00	0.00e+00	8.09e-01	7.94e-07	4.81e-07
 6.45713e+22	8.16e-01	1.83e-01	3.01e-04	2.65e-06	0.00e+00	0.00e+00	0.00e+00	0.00e+00	0.00e+00	8.16e-01	7.80e-07	4.70e-07
 6.45849e+22	8.23e-01	1.77e-01	2.78e-04	2.53e-06	0.00e+00	0.00e+00	0.00e+00	0.00e+00	0.00e+00	8.23e-01	7.65e-07	4.59e-07
 6.45999e+22	8.31e-01	1.69e-01	2.54e-04	2.40e-06	0.00e+00	0.00e+00	0.00e+00	0.00e+00	0.00e+00	8.31e-01	7.49e-07	4.47e-07
 6.46154e+22	8.39e-01	1.61e-01	2.32e-04	2.26e-06	0.00e+00	0.00e+00	0.00e+00	0.00e+00	0.00e+00	8.39e-01	7.31e-07	4.34e-07
 6.46297e+22	8.46e-01	1.54e-01	2.14e-04	2.14e-06	0.00e+00	0.00e+00	0.00e+00	0.00e+00	0.00e+00	8.46e-01	7.15e-07	4.23e-07
 6.46429e+22	8.52e-01	1.48e-01	2.01e-04	2.04e-06	0.00e+00	0.00e+00	0.00e+00	0.00e+00	0.00e+00	8.52e-01	7.02e-07	4.13e-07
 6.46567e+22	8.58e-01	1.42e-01	1.89e-04	1.95e-06	0.00e+00	0.00e+00	0.00e+00	0.00e+00	0.00e+00	8.58e-01	6.88e-07	4.03e-07
 6.46716e+22	8.64e-01	1.35e-01	1.76e-04	1.85e-06	0.00e+00	0.00e+00	0.00e+00	0.00e+00	0.00e+00	8.64e-01	6.72e-07	3.91e-07
 6.46862e+22	8.71e-01	1.29e-01	1.66e-04	1.75e-06	0.00e+00	0.00e+00	0.00e+00	0.00e+00	0.00e+00	8.71e-01	6.57e-07	3.80e-07
 6.46996e+22	8.76e-01	1.24e-01	1.58e-04	1.67e-06	0.00e+00	0.00e+00	0.00e+00	0.00e+00	0.00e+00	8.76e-01	6.44e-07	3.71e-07
 6.47125e+22	8.80e-01	1.20e-01	1.51e-04	1.60e-06	0.00e+00	0.00e+00	0.00e+00	0.00e+00	0.00e+00	8.80e-01	6.33e-07	3.62e-07
 6.47263e+22	8.85e-01	1.15e-01	1.45e-04	1.53e-06	0.00e+00	0.00e+00	0.00e+00	0.00e+00	0.00e+00	8.85e-01	6.20e-07	3.53e-07
 6.47407e+22	8.90e-01	1.09e-01	1.39e-04	1.45e-06	0.00e+00	0.00e+00	0.00e+00	0.00e+00	0.00e+00	8.90e-01	6.07e-07	3.44e-07
 6.47546e+22	8.95e-01	1.05e-01	1.34e-04	1.38e-06	0.00e+00	0.00e+00	0.00e+00	0.00e+00	0.00e+00	8.95e-01	5.95e-07	3.36e-07
 6.47676e+22	8.99e-01	1.01e-01	1.31e-04	1.33e-06	0.00e+00	0.00e+00	0.00e+00	0.00e+00	0.00e+00	8.99e-01	5.85e-07	3.28e-07
 6.47807e+22	9.03e-01	9.73e-02	1.28e-04	1.27e-06	0.00e+00	0.00e+00	0.00e+00	0.00e+00	0.00e+00	9.03e-01	5.75e-07	3.21e-07
 6.47948e+22	9.07e-01	9.34e-02	1.25e-04	1.22e-06	0.00e+00	0.00e+00	0.00e+00	0.00e+00	0.00e+00	9.07e-01	5.64e-07	3.13e-07
 6.48093e+22	9.10e-01	8.94e-02	1.22e-04	1.16e-06	0.00e+00	0.00e+00	0.00e+00	0.00e+00	0.00e+00	9.10e-01	5.54e-07	3.06e-07
 6.48230e+22	9.14e-01	8.61e-02	1.20e-04	1.12e-06	0.00e+00	0.00e+00	0.00e+00	0.00e+00	0.00e+00	9.14e-01	5.45e-07	3.00e-07
 6.48363e+22	9.17e-01	8.31e-02	1.19e-04	1.08e-06	0.00e+00	0.00e+00	0.00e+00	0.00e+00	0.00e+00	9.17e-01	5.36e-07	2.94e-07
 6.48502e+22	9.20e-01	8.02e-02	1.17e-04	1.03e-06	0.00e+00	0.00e+00	0.00e+00	0.00e+00	0.00e+00	9.20e-01	5.27e-07	2.88e-07
 6.48647e+22	9.23e-01	7.72e-02	1.16e-04	9.94e-07	0.00e+00	0.00e+00	0.00e+00	0.00e+00	0.00e+00	9.23e-01	5.18e-07	2.82e-07
 6.48792e+22	9.25e-01	7.44e-02	1.16e-04	0.00e+00	0.00e+00	0.00e+00	0.00e+00	0.00e+00	0.00e+00	9.25e-01	5.10e-07	2.76e-07
 6.48936e+22	9.28e-01	7.19e-02	1.15e-04	0.00e+00	0.00e+00	0.00e+00	0.00e+00	0.00e+00	0.00e+00	9.28e-01	5.02e-07	2.71e-07
 6.49076e+22	9.30e-01	6.97e-02	1.15e-04	0.00e+00	0.00e+00	0.00e+00	0.00e+00	0.00e+00	0.00e+00	9.30e-01	4.95e-07	2.67e-07
 6.49215e+22	9.32e-01	6.77e-02	1.15e-04	0.00e+00	0.00e+00	0.00e+00	0.00e+00	0.00e+00	0.00e+00	9.32e-01	4.89e-07	2.62e-07
 6.49353e+22	9.34e-01	6.58e-02	1.15e-04	0.00e+00	0.00e+00	0.00e+00	0.00e+00	0.00e+00	0.00e+00	9.34e-01	4.83e-07	2.59e-07
 6.49491e+22	9.36e-01	6.41e-02	1.15e-04	0.00e+00	0.00e+00	0.00e+00	0.00e+00	0.00e+00	0.00e+00	9.36e-01	4.77e-07	2.55e-07
 6.49631e+22	9.37e-01	6.24e-02	1.15e-04	0.00e+00	0.00e+00	0.00e+00	0.00e+00	0.00e+00	0.00e+00	9.37e-01	4.72e-07	2.51e-07
 6.49773e+22	9.39e-01	6.08e-02	1.16e-04	0.00e+00	0.00e+00	0.00e+00	0.00e+00	0.00e+00	0.00e+00	9.39e-01	4.67e-07	2.48e-07
 6.49917e+22	9.41e-01	5.94e-02	1.16e-04	0.00e+00	0.00e+00	0.00e+00	0.00e+00	0.00e+00	0.00e+00	9.41e-01	4.62e-07	2.45e-07
 6.50064e+22	9.42e-01	5.80e-02	1.16e-04	0.00e+00	0.00e+00	0.00e+00	0.00e+00	0.00e+00	0.00e+00	9.42e-01	4.58e-07	2.42e-07
 6.50214e+22	9.43e-01	5.67e-02	1.17e-04	0.00e+00	0.00e+00	0.00e+00	0.00e+00	0.00e+00	0.00e+00	9.43e-01	4.53e-07	2.39e-07
 6.50367e+22	9.45e-01	5.54e-02	1.17e-04	0.00e+00	0.00e+00	0.00e+00	0.00e+00	0.00e+00	0.00e+00	9.45e-01	4.49e-07	2.36e-07
 6.50520e+22	9.46e-01	5.43e-02	1.18e-04	0.00e+00	0.00e+00	0.00e+00	0.00e+00	0.00e+00	0.00e+00	9.46e-01	4.46e-07	2.34e-07
 6.50679e+22	9.47e-01	5.32e-02	1.18e-04	0.00e+00	0.00e+00	0.00e+00	0.00e+00	0.00e+00	0.00e+00	9.47e-01	4.42e-07	2.31e-07
 6.50849e+22	9.48e-01	5.22e-02	1.19e-04	0.00e+00	0.00e+00	0.00e+00	0.00e+00	0.00e+00	0.00e+00	9.48e-01	4.38e-07	2.29e-07
 6.51014e+22	9.49e-01	5.12e-02	1.19e-04	0.00e+00	0.00e+00	0.00e+00	0.00e+00	0.00e+00	0.00e+00	9.49e-01	4.35e-07	2.27e-07
 6.51164e+22	9.49e-01	5.06e-02	1.20e-04	0.00e+00	0.00e+00	0.00e+00	0.00e+00	0.00e+00	0.00e+00	9.49e-01	4.33e-07	2.25e-07
 6.51301e+22	9.50e-01	4.99e-02	1.20e-04	0.00e+00	0.00e+00	0.00e+00	0.00e+00	0.00e+00	0.00e+00	9.50e-01	4.30e-07	2.23e-07
 6.51425e+22	9.50e-01	4.95e-02	1.20e-04	0.00e+00	0.00e+00	0.00e+00	0.00e+00	0.00e+00	0.00e+00	9.50e-01	4.29e-07	2.22e-07
 6.51561e+22	9.51e-01	4.90e-02	1.21e-04	0.00e+00	0.00e+00	0.00e+00	0.00e+00	0.00e+00	0.00e+00	9.51e-01	4.26e-07	2.21e-07
 6.51708e+22	9.51e-01	4.84e-02	1.21e-04	0.00e+00	0.00e+00	0.00e+00	0.00e+00	0.00e+00	0.00e+00	9.51e-01	4.24e-07	2.19e-07
 6.51869e+22	9.52e-01	4.78e-02	1.21e-04	0.00e+00	0.00e+00	0.00e+00	0.00e+00	0.00e+00	0.00e+00	9.52e-01	4.22e-07	2.18e-07
 6.52079e+22	9.53e-01	4.70e-02	1.22e-04	0.00e+00	0.00e+00	0.00e+00	0.00e+00	0.00e+00	0.00e+00	9.53e-01	4.20e-07	2.16e-07
 6.52305e+22	9.54e-01	4.62e-02	1.22e-04	0.00e+00	0.00e+00	0.00e+00	0.00e+00	0.00e+00	0.00e+00	9.54e-01	4.16e-07	2.14e-07
 6.52510e+22	9.54e-01	4.58e-02	1.22e-04	0.00e+00	0.00e+00	0.00e+00	0.00e+00	0.00e+00	0.00e+00	9.54e-01	4.14e-07	2.13e-07
 6.52736e+22	9.55e-01	4.53e-02	1.22e-04	0.00e+00	0.00e+00	0.00e+00	0.00e+00	0.00e+00	0.00e+00	9.55e-01	4.12e-07	2.12e-07
 6.53029e+22	9.55e-01	4.46e-02	1.23e-04	0.00e+00	0.00e+00	0.00e+00	0.00e+00	0.00e+00	0.00e+00	9.55e-01	4.08e-07	2.11e-07
 6.53345e+22	9.56e-01	4.40e-02	1.23e-04	0.00e+00	0.00e+00	0.00e+00	0.00e+00	0.00e+00	0.00e+00	9.56e-01	4.05e-07	2.09e-07
 6.53692e+22	9.56e-01	4.35e-02	1.23e-04	0.00e+00	0.00e+00	0.00e+00	0.00e+00	0.00e+00	0.00e+00	9.56e-01	4.03e-07	2.08e-07
 6.54105e+22	9.57e-01	4.30e-02	1.23e-04	0.00e+00	0.00e+00	0.00e+00	0.00e+00	0.00e+00	0.00e+00	9.57e-01	4.01e-07	2.07e-07
 6.54538e+22	9.57e-01	4.26e-02	1.23e-04	0.00e+00	0.00e+00	0.00e+00	0.00e+00	0.00e+00	0.00e+00	9.57e-01	3.99e-07	2.05e-07
 6.55036e+22	9.58e-01	4.21e-02	1.23e-04	0.00e+00	0.00e+00	0.00e+00	0.00e+00	0.00e+00	0.00e+00	9.58e-01	3.97e-07	2.04e-07
 6.55684e+22	9.58e-01	4.15e-02	1.23e-04	0.00e+00	0.00e+00	0.00e+00	0.00e+00	0.00e+00	0.00e+00	9.58e-01	3.94e-07	2.03e-07
 6.56383e+22	9.59e-01	4.12e-02	1.23e-04	0.00e+00	0.00e+00	0.00e+00	0.00e+00	0.00e+00	0.00e+00	9.59e-01	3.93e-07	2.02e-07
 6.57149e+22	9.59e-01	4.08e-02	1.23e-04	0.00e+00	0.00e+00	0.00e+00	0.00e+00	0.00e+00	0.00e+00	9.59e-01	3.92e-07	2.01e-07
 6.58145e+22	9.60e-01	4.02e-02	1.23e-04	0.00e+00	0.00e+00	0.00e+00	0.00e+00	0.00e+00	0.00e+00	9.60e-01	3.90e-07	1.99e-07
 6.59220e+22	9.60e-01	3.99e-02	1.22e-04	0.00e+00	0.00e+00	0.00e+00	0.00e+00	0.00e+00	0.00e+00	9.60e-01	3.89e-07	1.98e-07
 6.60398e+22	9.60e-01	3.95e-02	1.22e-04	0.00e+00	0.00e+00	0.00e+00	0.00e+00	0.00e+00	0.00e+00	9.60e-01	3.88e-07	1.97e-07
 6.61930e+22	9.61e-01	3.88e-02	1.22e-04	0.00e+00	0.00e+00	0.00e+00	0.00e+00	0.00e+00	0.00e+00	9.61e-01	3.86e-07	1.96e-07
 6.63583e+22	9.61e-01	3.84e-02	1.21e-04	0.00e+00	0.00e+00	0.00e+00	0.00e+00	0.00e+00	0.00e+00	9.61e-01	3.86e-07	1.94e-07
 6.65395e+22	9.62e-01	3.78e-02	1.21e-04	0.00e+00	0.00e+00	0.00e+00	0.00e+00	0.00e+00	0.00e+00	9.62e-01	3.84e-07	1.93e-07
 6.67351e+22	9.63e-01	3.73e-02	1.20e-04	0.00e+00	0.00e+00	0.00e+00	0.00e+00	0.00e+00	0.00e+00	9.63e-01	3.84e-07	1.91e-07
 6.69494e+22	9.63e-01	3.65e-02	1.19e-04	0.00e+00	0.00e+00	0.00e+00	0.00e+00	0.00e+00	0.00e+00	9.63e-01	3.82e-07	1.89e-07
 6.71808e+22	9.64e-01	3.60e-02	1.18e-04	0.00e+00	0.00e+00	0.00e+00	0.00e+00	0.00e+00	0.00e+00	9.64e-01	3.82e-07	1.88e-07
 6.73914e+22	9.64e-01	3.55e-02	1.17e-04	0.00e+00	0.00e+00	0.00e+00	0.00e+00	0.00e+00	0.00e+00	9.64e-01	3.82e-07	1.86e-07
 6.76222e+22	9.65e-01	3.47e-02	1.16e-04	0.00e+00	0.00e+00	0.00e+00	0.00e+00	0.00e+00	0.00e+00	9.65e-01	3.81e-07	1.84e-07
 6.78713e+22	9.66e-01	3.41e-02	1.15e-04	0.00e+00	0.00e+00	0.00e+00	0.00e+00	0.00e+00	0.00e+00	9.66e-01	3.81e-07	1.82e-07
 6.80979e+22	9.66e-01	3.36e-02	1.14e-04	0.00e+00	0.00e+00	0.00e+00	0.00e+00	0.00e+00	0.00e+00	9.66e-01	3.81e-07	1.81e-07
 6.83042e+22	9.67e-01	3.32e-02	1.13e-04	0.00e+00	0.00e+00	0.00e+00	0.00e+00	0.00e+00	0.00e+00	9.67e-01	3.81e-07	1.80e-07
 6.84919e+22	9.67e-01	3.28e-02	1.13e-04	0.00e+00	0.00e+00	0.00e+00	0.00e+00	0.00e+00	0.00e+00	9.67e-01	3.81e-07	1.79e-07
 6.86976e+22	9.68e-01	3.21e-02	1.11e-04	0.00e+00	0.00e+00	0.00e+00	0.00e+00	0.00e+00	0.00e+00	9.68e-01	3.79e-07	1.76e-07
 6.89197e+22	9.68e-01	3.16e-02	1.10e-04	0.00e+00	0.00e+00	0.00e+00	0.00e+00	0.00e+00	0.00e+00	9.68e-01	3.79e-07	1.75e-07
 6.91218e+22	9.69e-01	3.12e-02	1.09e-04	0.00e+00	0.00e+00	0.00e+00	0.00e+00	0.00e+00	0.00e+00	9.69e-01	3.80e-07	1.74e-07
 6.93432e+22	9.69e-01	3.05e-02	1.08e-04	0.00e+00	0.00e+00	0.00e+00	0.00e+00	0.00e+00	0.00e+00	9.69e-01	3.78e-07	1.71e-07
 6.95823e+22	9.70e-01	3.00e-02	1.07e-04	0.00e+00	0.00e+00	0.00e+00	0.00e+00	0.00e+00	0.00e+00	9.70e-01	3.78e-07	1.70e-07
 6.97999e+22	9.70e-01	2.95e-02	1.06e-04	0.00e+00	0.00e+00	0.00e+00	0.00e+00	0.00e+00	0.00e+00	9.70e-01	3.78e-07	1.69e-07
 6.99978e+22	9.71e-01	2.92e-02	1.05e-04	0.00e+00	0.00e+00	0.00e+00	0.00e+00	0.00e+00	0.00e+00	9.71e-01	3.79e-07	1.67e-07
 7.02148e+22	9.71e-01	2.85e-02	1.04e-04	0.00e+00	0.00e+00	0.00e+00	0.00e+00	0.00e+00	0.00e+00	9.71e-01	3.77e-07	1.65e-07
 7.04490e+22	9.72e-01	2.81e-02	1.03e-04	0.00e+00	0.00e+00	0.00e+00	0.00e+00	0.00e+00	0.00e+00	9.72e-01	3.77e-07	1.64e-07
 7.06621e+22	9.72e-01	2.77e-02	1.02e-04	0.00e+00	0.00e+00	0.00e+00	0.00e+00	0.00e+00	0.00e+00	9.72e-01	3.78e-07	1.63e-07
 7.08956e+22	9.73e-01	2.71e-02	1.01e-04	0.00e+00	0.00e+00	0.00e+00	0.00e+00	0.00e+00	0.00e+00	9.73e-01	3.76e-07	1.60e-07
 7.11477e+22	9.73e-01	2.67e-02	1.00e-04	0.00e+00	0.00e+00	0.00e+00	0.00e+00	0.00e+00	0.00e+00	9.73e-01	3.76e-07	1.59e-07
 7.13772e+22	9.74e-01	2.63e-02	9.92e-05	0.00e+00	0.00e+00	0.00e+00	0.00e+00	0.00e+00	0.00e+00	9.74e-01	3.77e-07	1.58e-07
 7.16286e+22	9.74e-01	2.57e-02	9.81e-05	0.00e+00	0.00e+00	0.00e+00	0.00e+00	0.00e+00	0.00e+00	9.74e-01	3.75e-07	1.55e-07
 7.19000e+22	9.75e-01	2.53e-02	9.70e-05	0.00e+00	0.00e+00	0.00e+00	0.00e+00	0.00e+00	0.00e+00	9.75e-01	3.74e-07	1.53e-07
 7.21470e+22	9.75e-01	2.49e-02	9.61e-05	0.00e+00	0.00e+00	0.00e+00	0.00e+00	0.00e+00	0.00e+00	9.75e-01	3.73e-07	1.52e-07
 7.24176e+22	9.76e-01	2.44e-02	9.50e-05	0.00e+00	0.00e+00	0.00e+00	0.00e+00	0.00e+00	0.00e+00	9.76e-01	3.68e-07	1.48e-07
 7.27098e+22	9.76e-01	2.40e-02	9.40e-05	0.00e+00	0.00e+00	0.00e+00	0.00e+00	0.00e+00	0.00e+00	9.76e-01	3.66e-07	1.46e-07
 7.29757e+22	9.76e-01	2.37e-02	9.31e-05	0.00e+00	0.00e+00	0.00e+00	0.00e+00	0.00e+00	0.00e+00	9.76e-01	3.65e-07	1.44e-07
 7.32671e+22	9.77e-01	2.31e-02	9.20e-05	0.00e+00	0.00e+00	0.00e+00	0.00e+00	0.00e+00	0.00e+00	9.77e-01	3.60e-07	1.41e-07
 7.35816e+22	9.77e-01	2.27e-02	9.09e-05	0.00e+00	0.00e+00	0.00e+00	0.00e+00	0.00e+00	0.00e+00	9.77e-01	3.58e-07	1.38e-07
 7.38679e+22	9.78e-01	2.24e-02	8.99e-05	0.00e+00	0.00e+00	0.00e+00	0.00e+00	0.00e+00	0.00e+00	9.78e-01	3.58e-07	1.36e-07
 7.41815e+22	9.78e-01	2.19e-02	8.88e-05	0.00e+00	0.00e+00	0.00e+00	0.00e+00	0.00e+00	0.00e+00	9.78e-01	3.53e-07	1.33e-07
 7.45202e+22	9.78e-01	2.14e-02	8.77e-05	0.00e+00	0.00e+00	0.00e+00	0.00e+00	0.00e+00	0.00e+00	9.78e-01	3.51e-07	1.30e-07
