#depth	He	He+	He+2
 1.54284e+19	3.16e-10	2.11e-04	1.00e+00
 9.25702e+19	3.52e-10	2.26e-04	1.00e+00
 2.17077e+20	4.20e-10	2.52e-04	1.00e+00
 3.20597e+20	4.85e-10	2.74e-04	1.00e+00
 3.81230e+20	5.27e-10	2.87e-04	1.00e+00
 4.21007e+20	5.57e-10	2.96e-04	1.00e+00
 4.66709e+20	5.93e-10	3.07e-04	1.00e+00
 5.26122e+20	6.44e-10	3.21e-04	1.00e+00
 6.03358e+20	7.17e-10	3.41e-04	1.00e+00
 6.82736e+20	7.98e-10	3.61e-04	1.00e+00
 7.46450e+20	8.68e-10	3.77e-04	1.00e+00
 8.10832e+20	9.45e-10	3.95e-04	1.00e+00
 8.94528e+20	1.05e-09	4.18e-04	1.00e+00
 9.82394e+20	1.18e-09	4.43e-04	1.00e+00
 1.05581e+21	1.30e-09	4.64e-04	1.00e+00
 1.13138e+21	1.42e-09	4.87e-04	1.00e+00
 1.22962e+21	1.61e-09	5.18e-04	9.99e-01
 1.33179e+21	1.82e-09	5.51e-04	9.99e-01
 1.41616e+21	2.01e-09	5.78e-04	9.99e-01
 1.50293e+21	2.22e-09	6.08e-04	9.99e-01
 1.61574e+21	2.53e-09	6.47e-04	9.99e-01
 1.73389e+21	2.89e-09	6.90e-04	9.99e-01
 1.83162e+21	3.22e-09	7.26e-04	9.99e-01
 1.93129e+21	3.59e-09	7.65e-04	9.99e-01
 2.06085e+21	4.13e-09	8.16e-04	9.99e-01
 2.19628e+21	4.77e-09	8.71e-04	9.99e-01
 2.30291e+21	5.31e-09	9.16e-04	9.99e-01
 2.38667e+21	5.78e-09	9.52e-04	9.99e-01
 2.47713e+21	6.32e-09	9.91e-04	9.99e-01
 2.59473e+21	7.10e-09	1.04e-03	9.99e-01
 2.71996e+21	8.01e-09	1.10e-03	9.99e-01
 2.82731e+21	8.85e-09	1.15e-03	9.99e-01
 2.93907e+21	9.80e-09	1.21e-03	9.99e-01
 3.08436e+21	1.12e-08	1.28e-03	9.99e-01
 3.23406e+21	1.27e-08	1.36e-03	9.99e-01
 3.35610e+21	1.41e-08	1.42e-03	9.99e-01
 3.48132e+21	1.56e-08	1.49e-03	9.99e-01
 3.64411e+21	1.78e-08	1.58e-03	9.98e-01
 3.81786e+21	2.03e-08	1.68e-03	9.98e-01
 3.96696e+21	2.27e-08	1.77e-03	9.98e-01
 4.12190e+21	2.53e-08	1.86e-03	9.98e-01
 4.32333e+21	2.92e-08	1.98e-03	9.98e-01
 4.53044e+21	3.35e-08	2.11e-03	9.98e-01
 4.69788e+21	3.73e-08	2.22e-03	9.98e-01
 4.86851e+21	4.15e-08	2.34e-03	9.98e-01
 5.09034e+21	4.76e-08	2.49e-03	9.98e-01
 5.32641e+21	5.45e-08	2.66e-03	9.97e-01
 5.50802e+21	6.03e-08	2.79e-03	9.97e-01
 5.64431e+21	6.48e-08	2.88e-03	9.97e-01
 5.79464e+21	7.04e-08	3.00e-03	9.97e-01
 5.99007e+21	7.82e-08	3.15e-03	9.97e-01
 6.20498e+21	8.74e-08	3.32e-03	9.97e-01
 6.40113e+21	9.63e-08	3.48e-03	9.97e-01
 6.61204e+21	1.07e-07	3.66e-03	9.96e-01
 6.88622e+21	1.22e-07	3.89e-03	9.96e-01
 7.16189e+21	1.38e-07	4.13e-03	9.96e-01
 7.37460e+21	1.51e-07	4.32e-03	9.96e-01
 7.58622e+21	1.66e-07	4.51e-03	9.95e-01
 7.86133e+21	1.87e-07	4.78e-03	9.95e-01
 8.15691e+21	2.10e-07	5.06e-03	9.95e-01
 8.41399e+21	2.32e-07	5.31e-03	9.95e-01
 8.68310e+21	2.58e-07	5.59e-03	9.94e-01
 9.03294e+21	2.94e-07	5.95e-03	9.94e-01
 9.39351e+21	3.35e-07	6.35e-03	9.94e-01
 9.68491e+21	3.70e-07	6.67e-03	9.93e-01
 9.98062e+21	4.10e-07	7.01e-03	9.93e-01
 1.03650e+22	4.66e-07	7.48e-03	9.93e-01
 1.07757e+22	5.31e-07	7.98e-03	9.92e-01
 1.11330e+22	5.93e-07	8.42e-03	9.92e-01
 1.15099e+22	6.66e-07	8.93e-03	9.91e-01
 1.19999e+22	7.71e-07	9.63e-03	9.90e-01
 1.24568e+22	8.74e-07	1.03e-02	9.90e-01
 1.27697e+22	9.50e-07	1.07e-02	9.89e-01
 1.30753e+22	1.04e-06	1.12e-02	9.89e-01
 1.34724e+22	1.15e-06	1.19e-02	9.88e-01
 1.38981e+22	1.29e-06	1.26e-02	9.87e-01
 1.42831e+22	1.42e-06	1.33e-02	9.87e-01
 1.47060e+22	1.59e-06	1.41e-02	9.86e-01
 1.51704e+22	1.78e-06	1.50e-02	9.85e-01
 1.56037e+22	1.98e-06	1.59e-02	9.84e-01
 1.60817e+22	2.22e-06	1.70e-02	9.83e-01
 1.65991e+22	2.51e-06	1.82e-02	9.82e-01
 1.70732e+22	2.81e-06	1.95e-02	9.81e-01
 1.75950e+22	3.18e-06	2.10e-02	9.79e-01
 1.81637e+22	3.63e-06	2.27e-02	9.77e-01
 1.86738e+22	4.07e-06	2.44e-02	9.76e-01
 1.91313e+22	4.52e-06	2.61e-02	9.74e-01
 1.96399e+22	5.11e-06	2.82e-02	9.72e-01
 2.01980e+22	5.82e-06	3.08e-02	9.69e-01
 2.07026e+22	6.54e-06	3.34e-02	9.67e-01
 2.11648e+22	7.29e-06	3.60e-02	9.64e-01
 2.16898e+22	8.33e-06	3.94e-02	9.61e-01
 2.22615e+22	9.58e-06	4.36e-02	9.56e-01
 2.27697e+22	1.09e-05	4.79e-02	9.52e-01
 2.32265e+22	1.23e-05	5.24e-02	9.48e-01
 2.37403e+22	1.41e-05	5.83e-02	9.42e-01
 2.42957e+22	1.65e-05	6.57e-02	9.34e-01
 2.47799e+22	1.90e-05	7.36e-02	9.26e-01
 2.52039e+22	2.17e-05	8.17e-02	9.18e-01
 2.56750e+22	2.49e-05	9.23e-02	9.08e-01
 2.61836e+22	3.00e-05	1.06e-01	8.94e-01
 2.66228e+22	3.51e-05	1.21e-01	8.79e-01
 2.69996e+22	4.06e-05	1.37e-01	8.63e-01
 2.74134e+22	4.79e-05	1.56e-01	8.43e-01
 2.78583e+22	5.69e-05	1.83e-01	8.17e-01
 2.82389e+22	6.80e-05	2.11e-01	7.89e-01
 2.85581e+22	7.87e-05	2.39e-01	7.61e-01
 2.88538e+22	9.03e-05	2.68e-01	7.32e-01
 2.91897e+22	1.05e-04	3.05e-01	6.95e-01
 2.95273e+22	1.24e-04	3.49e-01	6.51e-01
 2.97820e+22	1.39e-04	3.85e-01	6.15e-01
 3.00281e+22	1.55e-04	4.22e-01	5.78e-01
 3.03061e+22	1.76e-04	4.65e-01	5.35e-01
 3.05707e+22	1.96e-04	5.07e-01	4.92e-01
 3.08186e+22	2.16e-04	5.47e-01	4.53e-01
 3.10997e+22	2.41e-04	5.91e-01	4.08e-01
 3.14087e+22	2.68e-04	6.38e-01	3.62e-01
 3.16827e+22	2.92e-04	6.76e-01	3.23e-01
 3.19255e+22	3.13e-04	7.08e-01	2.92e-01
 3.21992e+22	3.38e-04	7.40e-01	2.59e-01
 3.25076e+22	3.64e-04	7.73e-01	2.27e-01
 3.28043e+22	3.89e-04	8.00e-01	2.00e-01
 3.31314e+22	4.17e-04	8.26e-01	1.73e-01
 3.34961e+22	4.46e-04	8.51e-01	1.49e-01
 3.38509e+22	4.74e-04	8.70e-01	1.29e-01
 3.42211e+22	5.02e-04	8.88e-01	1.12e-01
 3.46362e+22	5.32e-04	9.04e-01	9.56e-02
 3.50874e+22	5.64e-04	9.18e-01	8.14e-02
 3.55637e+22	5.97e-04	9.30e-01	6.94e-02
 3.60702e+22	6.32e-04	9.40e-01	5.91e-02
 3.66247e+22	6.68e-04	9.49e-01	5.01e-02
 3.72428e+22	7.09e-04	9.57e-01	4.22e-02
 3.79340e+22	7.54e-04	9.64e-01	3.53e-02
 3.87146e+22	8.04e-04	9.70e-01	2.93e-02
 3.95388e+22	8.57e-04	9.75e-01	2.45e-02
 4.04784e+22	9.18e-04	9.79e-01	2.02e-02
 4.15152e+22	9.87e-04	9.82e-01	1.67e-02
 4.24907e+22	1.05e-03	9.85e-01	1.42e-02
 4.35711e+22	1.13e-03	9.87e-01	1.19e-02
 4.49755e+22	1.23e-03	9.89e-01	9.74e-03
 4.64269e+22	1.35e-03	9.91e-01	8.08e-03
 4.76283e+22	1.46e-03	9.91e-01	7.05e-03
 4.88791e+22	1.57e-03	9.92e-01	6.17e-03
 5.02821e+22	1.73e-03	9.93e-01	5.36e-03
 5.16290e+22	1.90e-03	9.93e-01	4.75e-03
 5.27721e+22	2.08e-03	9.94e-01	4.34e-03
 5.34706e+22	2.20e-03	9.94e-01	4.13e-03
 5.38038e+22	2.27e-03	9.94e-01	4.06e-03
 5.40958e+22	2.33e-03	9.94e-01	3.99e-03
 5.44755e+22	2.41e-03	9.94e-01	3.88e-03
 5.49690e+22	2.52e-03	9.94e-01	3.74e-03
 5.54726e+22	2.66e-03	9.94e-01	3.60e-03
 5.58540e+22	2.77e-03	9.94e-01	3.52e-03
 5.61482e+22	2.87e-03	9.94e-01	3.46e-03
 5.64643e+22	2.97e-03	9.94e-01	3.39e-03
 5.68752e+22	3.12e-03	9.94e-01	3.29e-03
 5.72773e+22	3.29e-03	9.94e-01	3.20e-03
 5.75592e+22	3.42e-03	9.93e-01	3.15e-03
 5.77721e+22	3.53e-03	9.93e-01	3.11e-03
 5.80045e+22	3.66e-03	9.93e-01	3.07e-03
 5.83067e+22	3.82e-03	9.93e-01	3.01e-03
 5.86126e+22	4.03e-03	9.93e-01	2.95e-03
 5.88426e+22	4.20e-03	9.93e-01	2.91e-03
 5.90219e+22	4.34e-03	9.93e-01	2.88e-03
 5.92162e+22	4.51e-03	9.93e-01	2.85e-03
 5.94689e+22	4.73e-03	9.92e-01	2.80e-03
 5.97214e+22	5.00e-03	9.92e-01	2.76e-03
 5.99062e+22	5.23e-03	9.92e-01	2.73e-03
 6.00493e+22	5.42e-03	9.92e-01	2.71e-03
 6.02057e+22	5.62e-03	9.92e-01	2.68e-03
 6.04091e+22	5.92e-03	9.91e-01	2.65e-03
 6.06170e+22	6.28e-03	9.91e-01	2.61e-03
 6.07762e+22	6.59e-03	9.91e-01	2.59e-03
 6.09023e+22	6.86e-03	9.91e-01	2.57e-03
 6.10397e+22	7.17e-03	9.90e-01	2.55e-03
 6.12183e+22	7.62e-03	9.90e-01	2.52e-03
 6.14025e+22	8.16e-03	9.89e-01	2.49e-03
 6.15465e+22	8.67e-03	9.89e-01	2.46e-03
 6.16641e+22	9.12e-03	9.88e-01	2.44e-03
 6.17945e+22	9.66e-03	9.88e-01	2.42e-03
 6.19640e+22	1.05e-02	9.87e-01	2.39e-03
 6.21335e+22	1.14e-02	9.86e-01	2.36e-03
 6.22570e+22	1.23e-02	9.85e-01	2.34e-03
 6.23508e+22	1.31e-02	9.85e-01	2.32e-03
 6.24520e+22	1.39e-02	9.84e-01	2.30e-03
 6.25836e+22	1.52e-02	9.82e-01	2.28e-03
 6.27213e+22	1.70e-02	9.81e-01	2.25e-03
 6.28304e+22	1.86e-02	9.79e-01	2.23e-03
 6.29105e+22	2.00e-02	9.78e-01	2.23e-03
 6.29896e+22	2.16e-02	9.76e-01	2.21e-03
 6.30924e+22	2.38e-02	9.74e-01	2.20e-03
 6.31941e+22	2.66e-02	9.71e-01	2.19e-03
 6.32658e+22	2.92e-02	9.69e-01	2.19e-03
 6.33182e+22	3.11e-02	9.67e-01	2.19e-03
 6.33740e+22	3.34e-02	9.64e-01	2.19e-03
 6.34465e+22	3.67e-02	9.61e-01	2.19e-03
 6.35232e+22	4.10e-02	9.57e-01	2.20e-03
 6.35851e+22	4.53e-02	9.52e-01	2.21e-03
 6.36338e+22	4.91e-02	9.49e-01	2.22e-03
 6.36854e+22	5.34e-02	9.44e-01	2.23e-03
 6.37525e+22	5.98e-02	9.38e-01	2.26e-03
 6.38218e+22	6.80e-02	9.30e-01	2.30e-03
 6.38756e+22	7.61e-02	9.22e-01	2.34e-03
 6.39187e+22	8.33e-02	9.14e-01	2.38e-03
 6.39552e+22	9.04e-02	9.07e-01	2.41e-03
 6.39842e+22	9.66e-02	9.01e-01	2.44e-03
 6.40119e+22	1.03e-01	8.95e-01	2.46e-03
 6.40439e+22	1.11e-01	8.87e-01	2.49e-03
 6.40794e+22	1.20e-01	8.78e-01	2.55e-03
 6.41145e+22	1.30e-01	8.67e-01	2.61e-03
 6.41477e+22	1.41e-01	8.56e-01	2.67e-03
 6.41797e+22	1.53e-01	8.45e-01	2.72e-03
 6.42110e+22	1.65e-01	8.32e-01	2.79e-03
 6.42406e+22	1.78e-01	8.19e-01	2.86e-03
 6.42626e+22	1.89e-01	8.08e-01	2.92e-03
 6.42766e+22	1.97e-01	8.01e-01	2.94e-03
 6.42904e+22	2.04e-01	7.93e-01	2.95e-03
 6.43084e+22	2.14e-01	7.83e-01	2.98e-03
 6.43283e+22	2.25e-01	7.72e-01	3.03e-03
 6.43455e+22	2.36e-01	7.61e-01	3.08e-03
 6.43597e+22	2.45e-01	7.52e-01	3.11e-03
 6.43741e+22	2.55e-01	7.42e-01	3.13e-03
 6.43909e+22	2.66e-01	7.31e-01	3.17e-03
 6.44082e+22	2.78e-01	7.18e-01	3.22e-03
 6.44235e+22	2.89e-01	7.07e-01	3.27e-03
 6.44375e+22	3.01e-01	6.96e-01	3.29e-03
 6.44522e+22	3.13e-01	6.84e-01	3.32e-03
 6.44681e+22	3.26e-01	6.71e-01	3.36e-03
 6.44839e+22	3.39e-01	6.58e-01	3.40e-03
 6.44983e+22	3.52e-01	6.45e-01	3.43e-03
 6.45121e+22	3.64e-01	6.32e-01	3.46e-03
 6.45268e+22	3.78e-01	6.19e-01	3.48e-03
 6.45426e+22	3.93e-01	6.03e-01	3.51e-03
 6.45578e+22	4.08e-01	5.89e-01	3.55e-03
 6.45713e+22	4.22e-01	5.75e-01	3.56e-03
 6.45849e+22	4.36e-01	5.60e-01	3.56e-03
 6.45999e+22	4.52e-01	5.44e-01	3.57e-03
 6.46154e+22	4.68e-01	5.28e-01	3.58e-03
 6.46297e+22	4.84e-01	5.13e-01	3.59e-03
 6.46429e+22	4.99e-01	4.97e-01	3.58e-03
 6.46567e+22	5.15e-01	4.82e-01	3.56e-03
 6.46716e+22	5.31e-01	4.65e-01	3.55e-03
 6.46862e+22	5.48e-01	4.49e-01	3.54e-03
 6.46996e+22	5.63e-01	4.33e-01	3.51e-03
 6.47125e+22	5.79e-01	4.18e-01	3.47e-03
 6.47263e+22	5.95e-01	4.02e-01	3.43e-03
 6.47407e+22	6.11e-01	3.85e-01	3.39e-03
 6.47546e+22	6.27e-01	3.70e-01	3.35e-03
 6.47676e+22	6.42e-01	3.55e-01	3.29e-03
 6.47807e+22	6.57e-01	3.40e-01	3.22e-03
 6.47948e+22	6.73e-01	3.24e-01	3.15e-03
 6.48093e+22	6.88e-01	3.09e-01	3.08e-03
 6.48230e+22	7.02e-01	2.95e-01	3.01e-03
 6.48363e+22	7.16e-01	2.81e-01	2.93e-03
 6.48502e+22	7.30e-01	2.67e-01	2.84e-03
 6.48647e+22	7.44e-01	2.53e-01	2.76e-03
 6.48792e+22	7.58e-01	2.40e-01	2.67e-03
 6.48936e+22	7.70e-01	2.27e-01	2.57e-03
 6.49076e+22	7.82e-01	2.15e-01	2.48e-03
 6.49215e+22	7.94e-01	2.04e-01	2.39e-03
 6.49353e+22	8.04e-01	1.93e-01	2.30e-03
 6.49491e+22	8.14e-01	1.83e-01	2.21e-03
 6.49631e+22	8.24e-01	1.74e-01	2.12e-03
 6.49773e+22	8.33e-01	1.65e-01	2.03e-03
 6.49917e+22	8.41e-01	1.57e-01	1.95e-03
 6.50064e+22	8.50e-01	1.49e-01	1.87e-03
 6.50214e+22	8.57e-01	1.41e-01	1.79e-03
 6.50367e+22	8.64e-01	1.34e-01	1.71e-03
 6.50520e+22	8.71e-01	1.28e-01	1.64e-03
 6.50679e+22	8.77e-01	1.21e-01	1.57e-03
 6.50849e+22	8.83e-01	1.16e-01	1.51e-03
 6.51014e+22	8.88e-01	1.11e-01	1.44e-03
 6.51164e+22	8.92e-01	1.06e-01	1.39e-03
 6.51301e+22	8.96e-01	1.03e-01	1.35e-03
 6.51425e+22	8.99e-01	9.97e-02	1.31e-03
 6.51561e+22	9.02e-01	9.64e-02	1.26e-03
 6.51708e+22	9.05e-01	9.38e-02	1.23e-03
 6.51869e+22	9.08e-01	9.09e-02	1.19e-03
 6.52079e+22	9.11e-01	8.78e-02	1.16e-03
 6.52305e+22	9.14e-01	8.53e-02	1.13e-03
 6.52510e+22	9.16e-01	8.32e-02	1.10e-03
 6.52736e+22	9.18e-01	8.07e-02	1.06e-03
 6.53029e+22	9.20e-01	7.85e-02	1.04e-03
 6.53345e+22	9.22e-01	7.68e-02	1.02e-03
 6.53692e+22	9.24e-01	7.48e-02	9.85e-04
 6.54105e+22	9.26e-01	7.35e-02	9.68e-04
 6.54538e+22	9.27e-01	7.25e-02	9.55e-04
 6.55036e+22	9.28e-01	7.10e-02	9.28e-04
 6.55684e+22	9.29e-01	7.00e-02	9.09e-04
 6.56383e+22	9.30e-01	6.93e-02	8.99e-04
 6.57149e+22	9.31e-01	6.86e-02	8.83e-04
 6.58145e+22	9.31e-01	6.78e-02	8.64e-04
 6.59220e+22	9.32e-01	6.72e-02	8.52e-04
 6.60398e+22	9.33e-01	6.66e-02	8.35e-04
 6.61930e+22	9.33e-01	6.57e-02	8.14e-04
 6.63583e+22	9.34e-01	6.50e-02	7.96e-04
 6.65395e+22	9.35e-01	6.41e-02	7.73e-04
 6.67351e+22	9.36e-01	6.33e-02	7.54e-04
 6.69494e+22	9.37e-01	6.22e-02	7.29e-04
 6.71808e+22	9.38e-01	6.13e-02	7.07e-04
 6.73914e+22	9.39e-01	6.05e-02	6.89e-04
 6.76222e+22	9.40e-01	5.95e-02	6.65e-04
 6.78713e+22	9.41e-01	5.86e-02	6.44e-04
 6.80979e+22	9.42e-01	5.78e-02	6.27e-04
 6.83042e+22	9.42e-01	5.71e-02	6.12e-04
 6.84919e+22	9.43e-01	5.64e-02	5.97e-04
 6.86976e+22	9.44e-01	5.55e-02	5.77e-04
 6.89197e+22	9.45e-01	5.47e-02	5.61e-04
 6.91218e+22	9.45e-01	5.41e-02	5.48e-04
 6.93432e+22	9.46e-01	5.32e-02	5.29e-04
 6.95823e+22	9.47e-01	5.24e-02	5.14e-04
 6.97999e+22	9.48e-01	5.17e-02	5.01e-04
 6.99978e+22	9.48e-01	5.12e-02	4.90e-04
 7.02148e+22	9.49e-01	5.03e-02	4.73e-04
 7.04490e+22	9.50e-01	4.96e-02	4.60e-04
 7.06621e+22	9.51e-01	4.90e-02	4.49e-04
 7.08956e+22	9.51e-01	4.82e-02	4.34e-04
 7.11477e+22	9.52e-01	4.75e-02	4.21e-04
 7.13772e+22	9.53e-01	4.69e-02	4.11e-04
 7.16286e+22	9.54e-01	4.61e-02	3.97e-04
 7.19000e+22	9.54e-01	4.54e-02	3.85e-04
 7.21470e+22	9.55e-01	4.49e-02	3.76e-04
 7.24176e+22	9.56e-01	4.41e-02	3.63e-04
 7.27098e+22	9.56e-01	4.34e-02	3.52e-04
 7.29757e+22	9.57e-01	4.29e-02	3.44e-04
 7.32671e+22	9.58e-01	4.21e-02	3.31e-04
 7.35816e+22	9.58e-01	4.15e-02	3.21e-04
 7.38679e+22	9.59e-01	4.09e-02	3.13e-04
 7.41815e+22	9.60e-01	4.02e-02	3.01e-04
 7.45202e+22	9.60e-01	3.95e-02	2.91e-04
 7.48283e+22	9.61e-01	3.89e-02	2.83e-04
 7.51087e+22	9.61e-01	3.85e-02	2.76e-04
 7.54160e+22	9.62e-01	3.78e-02	2.67e-04
 7.57477e+22	9.63e-01	3.72e-02	2.58e-04
 7.60496e+22	9.63e-01	3.68e-02	2.52e-04
 7.63804e+22	9.64e-01	3.61e-02	2.43e-04
 7.67375e+22	9.64e-01	3.55e-02	2.35e-04
 7.70625e+22	9.65e-01	3.51e-02	2.29e-04
 7.74186e+22	9.65e-01	3.44e-02	2.21e-04
 7.78030e+22	9.66e-01	3.38e-02	2.13e-04
 7.81529e+22	9.66e-01	3.34e-02	2.08e-04
 7.85362e+22	9.67e-01	3.27e-02	2.00e-04
 7.89501e+22	9.68e-01	3.22e-02	1.93e-04
 7.93267e+22	9.68e-01	3.16e-02	1.87e-04
 7.96694e+22	9.69e-01	3.13e-02	1.83e-04
 8.00450e+22	9.69e-01	3.07e-02	1.76e-04
 8.04504e+22	9.70e-01	3.02e-02	1.71e-04
 8.08947e+22	9.70e-01	2.96e-02	1.64e-04
 8.13744e+22	9.71e-01	2.91e-02	1.58e-04
 8.18108e+22	9.71e-01	2.86e-02	1.53e-04
 8.22080e+22	9.72e-01	2.82e-02	1.49e-04
 8.26433e+22	9.72e-01	2.77e-02	1.44e-04
 8.31131e+22	9.73e-01	2.73e-02	1.39e-04
 8.35407e+22	9.73e-01	2.68e-02	1.34e-04
 8.39298e+22	9.73e-01	2.65e-02	1.31e-04
 8.43562e+22	9.74e-01	2.61e-02	1.27e-04
 8.48165e+22	9.74e-01	2.56e-02	1.23e-04
 8.53209e+22	9.75e-01	2.51e-02	1.18e-04
 8.58655e+22	9.75e-01	2.47e-02	1.14e-04
 8.63610e+22	9.76e-01	2.43e-02	1.11e-04
 8.69040e+22	9.76e-01	2.38e-02	1.06e-04
 8.74902e+22	9.77e-01	2.34e-02	1.02e-04
 8.80237e+22	9.77e-01	2.30e-02	9.89e-05
 8.86083e+22	9.77e-01	2.25e-02	9.48e-05
 8.92393e+22	9.78e-01	2.21e-02	9.13e-05
 8.98136e+22	9.78e-01	2.17e-02	8.82e-05
 9.04429e+22	9.79e-01	2.13e-02	8.47e-05
 9.11223e+22	9.79e-01	2.09e-02	8.13e-05
 9.17405e+22	9.79e-01	2.05e-02	7.86e-05
 9.24180e+22	9.80e-01	2.01e-02	7.54e-05
 9.31494e+22	9.80e-01	1.97e-02	7.24e-05
 9.38149e+22	9.81e-01	1.93e-02	6.97e-05
 9.45442e+22	9.81e-01	1.89e-02	6.69e-05
 9.53316e+22	9.81e-01	1.85e-02	6.42e-05
 9.60480e+22	9.82e-01	1.82e-02	6.18e-05
 9.68332e+22	9.82e-01	1.78e-02	5.92e-05
 9.76808e+22	9.83e-01	1.74e-02	5.67e-05
 9.84521e+22	9.83e-01	1.71e-02	5.46e-05
 9.92973e+22	9.83e-01	1.67e-02	5.22e-05
 1.00210e+23	9.84e-01	1.64e-02	5.00e-05
 1.01040e+23	9.84e-01	1.60e-02	4.81e-05
 1.01950e+23	9.84e-01	1.57e-02	4.60e-05
 1.02932e+23	9.85e-01	1.53e-02	4.40e-05
 1.03826e+23	9.85e-01	1.50e-02	4.23e-05
 1.04806e+23	9.85e-01	1.47e-02	4.05e-05
 1.05863e+23	9.86e-01	1.44e-02	3.87e-05
 1.06825e+23	9.86e-01	1.41e-02	3.72e-05
 1.07880e+23	9.86e-01	1.38e-02	3.56e-05
 1.09018e+23	9.86e-01	1.35e-02	3.40e-05
 1.10054e+23	9.87e-01	1.32e-02	3.27e-05
 1.11189e+23	9.87e-01	1.29e-02	3.12e-05
 1.12415e+23	9.87e-01	1.26e-02	2.98e-05
 1.13530e+23	9.88e-01	1.24e-02	2.86e-05
 1.14752e+23	9.88e-01	1.21e-02	2.73e-05
 1.16258e+23	9.88e-01	1.17e-02	2.58e-05
 1.17921e+23	9.89e-01	1.14e-02	2.43e-05
 1.19664e+23	9.89e-01	1.11e-02	2.29e-05
 1.21487e+23	9.89e-01	1.07e-02	2.16e-05
 1.23383e+23	9.90e-01	1.04e-02	2.03e-05
 1.25344e+23	9.90e-01	1.01e-02	1.91e-05
 1.27367e+23	9.90e-01	9.79e-03	1.80e-05
 1.29464e+23	9.90e-01	9.49e-03	1.69e-05
 1.31630e+23	9.91e-01	9.20e-03	1.59e-05
 1.33870e+23	9.91e-01	8.92e-03	1.49e-05
 1.36200e+23	9.91e-01	8.65e-03	1.40e-05
 1.38610e+23	9.92e-01	8.38e-03	1.32e-05
 1.41108e+23	9.92e-01	8.12e-03	1.24e-05
 1.43709e+23	9.92e-01	7.87e-03	1.16e-05
 1.46398e+23	9.92e-01	7.63e-03	1.09e-05
 1.49195e+23	9.93e-01	7.39e-03	1.03e-05
 1.52102e+23	9.93e-01	7.16e-03	9.63e-06
 1.55121e+23	9.93e-01	6.94e-03	9.05e-06
 1.58278e+23	9.93e-01	6.72e-03	8.49e-06
 1.61562e+23	9.93e-01	6.51e-03	7.97e-06
 1.64994e+23	9.94e-01	6.30e-03	7.48e-06
 1.68587e+23	9.94e-01	6.11e-03	7.02e-06
 1.72357e+23	9.94e-01	5.91e-03	6.59e-06
 1.76287e+23	9.94e-01	5.73e-03	6.19e-06
 1.80470e+23	9.94e-01	5.55e-03	5.80e-06
 1.84992e+23	9.95e-01	5.37e-03	5.44e-06
 1.89815e+23	9.95e-01	5.20e-03	5.09e-06
 1.94945e+23	9.95e-01	5.03e-03	4.77e-06
 2.00421e+23	9.95e-01	4.87e-03	4.47e-06
 2.06257e+23	9.95e-01	4.71e-03	4.19e-06
 2.12523e+23	9.95e-01	4.56e-03	3.93e-06
 2.19229e+23	9.96e-01	4.42e-03	3.68e-06
 2.26181e+23	9.96e-01	4.28e-03	3.46e-06
 2.33304e+23	9.96e-01	4.16e-03	3.26e-06
 2.40338e+23	9.96e-01	4.05e-03	3.09e-06
 2.46853e+23	9.96e-01	3.96e-03	2.96e-06
 2.52716e+23	9.96e-01	3.88e-03	2.85e-06
 2.57992e+23	9.96e-01	3.82e-03	2.76e-06
 2.62741e+23	9.96e-01	3.77e-03	2.68e-06
 2.67015e+23	9.96e-01	3.72e-03	2.62e-06
 2.70862e+23	9.96e-01	3.69e-03	2.57e-06
 2.74324e+23	9.96e-01	3.66e-03	2.53e-06
 2.77491e+23	9.96e-01	3.63e-03	2.49e-06
 2.80546e+23	9.96e-01	3.61e-03	2.46e-06
 2.83601e+23	9.96e-01	3.59e-03	2.43e-06
 2.86656e+23	9.96e-01	3.57e-03	2.40e-06
 2.89710e+23	9.96e-01	3.54e-03	2.37e-06
 2.92765e+23	9.96e-01	3.53e-03	2.35e-06
 2.95820e+23	9.96e-01	3.51e-03	2.32e-06
 2.98875e+23	9.97e-01	3.49e-03	2.30e-06
 3.01930e+23	9.97e-01	3.47e-03	2.28e-06
 3.04469e+23	9.97e-01	3.46e-03	2.26e-06
