#depth	H	H+	H2
 1.54284e+19	8.47e-07	1.00e+00	2.71e-29
 9.25702e+19	9.10e-07	1.00e+00	3.32e-29
 2.17077e+20	1.02e-06	1.00e+00	4.40e-29
 3.20597e+20	1.11e-06	1.00e+00	5.47e-29
 3.81230e+20	1.17e-06	1.00e+00	6.18e-29
 4.21007e+20	1.21e-06	1.00e+00	6.76e-29
 4.66709e+20	1.25e-06	1.00e+00	7.52e-29
 5.26122e+20	1.31e-06	1.00e+00	8.63e-29
 6.03358e+20	1.39e-06	1.00e+00	1.03e-28
 6.82736e+20	1.48e-06	1.00e+00	1.22e-28
 7.46450e+20	1.55e-06	1.00e+00	1.40e-28
 8.10832e+20	1.62e-06	1.00e+00	1.62e-28
 8.94528e+20	1.72e-06	1.00e+00	1.96e-28
 9.82394e+20	1.83e-06	1.00e+00	2.38e-28
 1.05581e+21	1.92e-06	1.00e+00	2.79e-28
 1.13138e+21	2.02e-06	1.00e+00	3.32e-28
 1.22962e+21	2.15e-06	1.00e+00	4.17e-28
 1.33179e+21	2.29e-06	1.00e+00	5.25e-28
 1.41616e+21	2.41e-06	1.00e+00	6.35e-28
 1.50293e+21	2.54e-06	1.00e+00	7.80e-28
 1.61574e+21	2.71e-06	1.00e+00	1.02e-27
 1.73389e+21	2.89e-06	1.00e+00	1.36e-27
 1.83162e+21	3.05e-06	1.00e+00	1.70e-27
 1.93129e+21	3.22e-06	1.00e+00	2.15e-27
 2.06085e+21	3.44e-06	1.00e+00	2.92e-27
 2.19628e+21	3.68e-06	1.00e+00	3.99e-27
 2.30291e+21	3.88e-06	1.00e+00	5.05e-27
 2.38667e+21	4.03e-06	1.00e+00	6.04e-27
 2.47713e+21	4.21e-06	1.00e+00	7.38e-27
 2.59473e+21	4.44e-06	1.00e+00	9.61e-27
 2.71996e+21	4.70e-06	1.00e+00	1.25e-26
 2.82731e+21	4.92e-06	1.00e+00	1.56e-26
 2.93907e+21	5.16e-06	1.00e+00	1.96e-26
 3.08436e+21	5.48e-06	1.00e+00	2.61e-26
 3.23406e+21	5.82e-06	1.00e+00	3.45e-26
 3.35610e+21	6.10e-06	1.00e+00	4.28e-26
 3.48132e+21	6.41e-06	1.00e+00	5.38e-26
 3.64411e+21	6.81e-06	1.00e+00	7.17e-26
 3.81786e+21	7.25e-06	1.00e+00	9.54e-26
 3.96696e+21	7.64e-06	1.00e+00	1.21e-25
 4.12190e+21	8.05e-06	1.00e+00	1.53e-25
 4.32333e+21	8.61e-06	1.00e+00	2.08e-25
 4.53044e+21	9.20e-06	1.00e+00	2.79e-25
 4.69788e+21	9.69e-06	1.00e+00	3.47e-25
 4.86851e+21	1.02e-05	1.00e+00	4.38e-25
 5.09034e+21	1.09e-05	1.00e+00	5.88e-25
 5.32641e+21	1.16e-05	1.00e+00	7.84e-25
 5.50802e+21	1.22e-05	1.00e+00	9.60e-25
 5.64431e+21	1.27e-05	1.00e+00	1.12e-24
 5.79464e+21	1.32e-05	1.00e+00	1.33e-24
 5.99007e+21	1.39e-05	1.00e+00	1.67e-24
 6.20498e+21	1.47e-05	1.00e+00	2.11e-24
 6.40113e+21	1.54e-05	1.00e+00	2.58e-24
 6.61204e+21	1.62e-05	1.00e+00	3.22e-24
 6.88622e+21	1.73e-05	1.00e+00	4.26e-24
 7.16189e+21	1.84e-05	1.00e+00	5.50e-24
 7.37460e+21	1.92e-05	1.00e+00	6.65e-24
 7.58622e+21	2.01e-05	1.00e+00	8.10e-24
 7.86133e+21	2.13e-05	1.00e+00	1.04e-23
 8.15691e+21	2.27e-05	1.00e+00	1.33e-23
 8.41399e+21	2.38e-05	1.00e+00	1.64e-23
 8.68310e+21	2.51e-05	1.00e+00	2.06e-23
 9.03294e+21	2.67e-05	1.00e+00	2.71e-23
 9.39351e+21	2.86e-05	1.00e+00	3.56e-23
 9.68491e+21	3.00e-05	1.00e+00	4.38e-23
 9.98062e+21	3.16e-05	1.00e+00	5.46e-23
 1.03650e+22	3.36e-05	1.00e+00	7.21e-23
 1.07757e+22	3.59e-05	1.00e+00	9.49e-23
 1.11330e+22	3.79e-05	1.00e+00	1.19e-22
 1.15099e+22	4.01e-05	1.00e+00	1.53e-22
 1.19999e+22	4.31e-05	1.00e+00	2.10e-22
 1.24568e+22	4.59e-05	1.00e+00	2.73e-22
 1.27697e+22	4.78e-05	1.00e+00	3.26e-22
 1.30753e+22	4.98e-05	1.00e+00	3.92e-22
 1.34724e+22	5.25e-05	1.00e+00	4.96e-22
 1.38981e+22	5.54e-05	1.00e+00	6.27e-22
 1.42831e+22	5.80e-05	1.00e+00	7.72e-22
 1.47060e+22	6.10e-05	1.00e+00	9.77e-22
 1.51704e+22	6.44e-05	1.00e+00	1.25e-21
 1.56037e+22	6.75e-05	1.00e+00	1.55e-21
 1.60817e+22	7.12e-05	1.00e+00	2.00e-21
 1.65991e+22	7.52e-05	1.00e+00	2.57e-21
 1.70732e+22	7.88e-05	1.00e+00	3.23e-21
 1.75950e+22	8.31e-05	1.00e+00	4.18e-21
 1.81637e+22	8.76e-05	1.00e+00	5.45e-21
 1.86738e+22	9.17e-05	1.00e+00	6.86e-21
 1.91313e+22	9.54e-05	1.00e+00	8.42e-21
 1.96399e+22	9.98e-05	1.00e+00	1.07e-20
 2.01980e+22	1.04e-04	1.00e+00	1.36e-20
 2.07026e+22	1.09e-04	1.00e+00	1.69e-20
 2.11648e+22	1.12e-04	1.00e+00	2.05e-20
 2.16898e+22	1.17e-04	1.00e+00	2.60e-20
 2.22615e+22	1.22e-04	1.00e+00	3.29e-20
 2.27697e+22	1.25e-04	1.00e+00	4.06e-20
 2.32265e+22	1.29e-04	1.00e+00	4.91e-20
 2.37403e+22	1.33e-04	1.00e+00	6.16e-20
 2.42957e+22	1.38e-04	1.00e+00	7.81e-20
 2.47799e+22	1.41e-04	1.00e+00	9.61e-20
 2.52039e+22	1.44e-04	1.00e+00	1.16e-19
 2.56750e+22	1.47e-04	1.00e+00	1.42e-19
 2.61836e+22	1.51e-04	1.00e+00	1.85e-19
 2.66228e+22	1.54e-04	1.00e+00	2.29e-19
 2.69996e+22	1.56e-04	1.00e+00	2.81e-19
 2.74134e+22	1.60e-04	1.00e+00	3.57e-19
 2.78583e+22	1.62e-04	1.00e+00	4.46e-19
 2.82389e+22	1.65e-04	1.00e+00	5.93e-19
 2.85581e+22	1.67e-04	1.00e+00	7.40e-19
 2.88538e+22	1.70e-04	1.00e+00	9.17e-19
 2.91897e+22	1.73e-04	1.00e+00	1.20e-18
 2.95273e+22	1.77e-04	1.00e+00	1.59e-18
 2.97820e+22	1.80e-04	1.00e+00	2.00e-18
 3.00281e+22	1.83e-04	1.00e+00	2.55e-18
 3.03061e+22	1.87e-04	1.00e+00	3.39e-18
 3.05707e+22	1.92e-04	1.00e+00	4.53e-18
 3.08186e+22	1.96e-04	1.00e+00	6.04e-18
 3.10997e+22	2.02e-04	1.00e+00	8.58e-18
 3.14087e+22	2.09e-04	1.00e+00	1.29e-17
 3.16827e+22	2.15e-04	1.00e+00	1.90e-17
 3.19255e+22	2.22e-04	1.00e+00	2.75e-17
 3.21992e+22	2.29e-04	1.00e+00	4.18e-17
 3.25076e+22	2.38e-04	1.00e+00	6.59e-17
 3.28043e+22	2.47e-04	1.00e+00	1.00e-16
 3.31314e+22	2.57e-04	1.00e+00	1.48e-16
 3.34961e+22	2.69e-04	1.00e+00	2.11e-16
 3.38509e+22	2.80e-04	1.00e+00	2.69e-16
 3.42211e+22	2.93e-04	1.00e+00	3.35e-16
 3.46362e+22	3.07e-04	1.00e+00	4.10e-16
 3.50874e+22	3.23e-04	1.00e+00	4.94e-16
 3.55637e+22	3.40e-04	1.00e+00	5.96e-16
 3.60702e+22	3.59e-04	1.00e+00	7.14e-16
 3.66247e+22	3.80e-04	1.00e+00	8.64e-16
 3.72428e+22	4.05e-04	1.00e+00	1.06e-15
 3.79340e+22	4.33e-04	1.00e+00	1.30e-15
 3.87146e+22	4.66e-04	1.00e+00	1.65e-15
 3.95388e+22	5.04e-04	9.99e-01	2.09e-15
 4.04784e+22	5.50e-04	9.99e-01	2.71e-15
 4.15152e+22	6.06e-04	9.99e-01	3.60e-15
 4.24907e+22	6.64e-04	9.99e-01	4.68e-15
 4.35711e+22	7.36e-04	9.99e-01	6.29e-15
 4.49755e+22	8.43e-04	9.99e-01	9.20e-15
 4.64269e+22	9.79e-04	9.99e-01	1.38e-14
 4.76283e+22	1.12e-03	9.99e-01	1.97e-14
 4.88791e+22	1.29e-03	9.99e-01	2.87e-14
 5.02821e+22	1.53e-03	9.98e-01	4.48e-14
 5.16290e+22	1.84e-03	9.98e-01	7.11e-14
 5.27721e+22	2.19e-03	9.98e-01	1.09e-13
 5.34706e+22	2.48e-03	9.98e-01	1.45e-13
 5.38038e+22	2.63e-03	9.97e-01	1.68e-13
 5.40958e+22	2.76e-03	9.97e-01	1.89e-13
 5.44755e+22	2.95e-03	9.97e-01	2.23e-13
 5.49690e+22	3.24e-03	9.97e-01	2.78e-13
 5.54726e+22	3.58e-03	9.96e-01	3.51e-13
 5.58540e+22	3.88e-03	9.96e-01	4.23e-13
 5.61482e+22	4.13e-03	9.96e-01	4.89e-13
 5.64643e+22	4.43e-03	9.96e-01	5.74e-13
 5.68752e+22	4.86e-03	9.95e-01	7.11e-13
 5.72773e+22	5.37e-03	9.95e-01	8.89e-13
 5.75592e+22	5.78e-03	9.94e-01	1.05e-12
 5.77721e+22	6.12e-03	9.94e-01	1.19e-12
 5.80045e+22	6.51e-03	9.93e-01	1.37e-12
 5.83067e+22	7.06e-03	9.93e-01	1.64e-12
 5.86126e+22	7.75e-03	9.92e-01	2.01e-12
 5.88426e+22	8.34e-03	9.92e-01	2.36e-12
 5.90219e+22	8.84e-03	9.91e-01	2.67e-12
 5.92162e+22	9.41e-03	9.91e-01	3.06e-12
 5.94689e+22	1.02e-02	9.90e-01	3.66e-12
 5.97214e+22	1.12e-02	9.89e-01	4.48e-12
 5.99062e+22	1.21e-02	9.88e-01	5.24e-12
 6.00493e+22	1.28e-02	9.87e-01	5.91e-12
 6.02057e+22	1.36e-02	9.86e-01	6.75e-12
 6.04091e+22	1.48e-02	9.85e-01	8.04e-12
 6.06170e+22	1.63e-02	9.84e-01	9.89e-12
 6.07762e+22	1.76e-02	9.82e-01	1.16e-11
 6.09023e+22	1.87e-02	9.81e-01	1.31e-11
 6.10397e+22	2.00e-02	9.80e-01	1.51e-11
 6.12183e+22	2.19e-02	9.78e-01	1.83e-11
 6.14025e+22	2.44e-02	9.76e-01	2.27e-11
 6.15465e+22	2.67e-02	9.73e-01	2.74e-11
 6.16641e+22	2.87e-02	9.71e-01	3.20e-11
 6.17945e+22	3.11e-02	9.69e-01	3.78e-11
 6.19640e+22	3.48e-02	9.65e-01	4.77e-11
 6.21335e+22	3.94e-02	9.61e-01	6.14e-11
 6.22570e+22	4.37e-02	9.56e-01	7.57e-11
 6.23508e+22	4.72e-02	9.53e-01	8.88e-11
 6.24520e+22	5.11e-02	9.49e-01	1.05e-10
 6.25836e+22	5.73e-02	9.43e-01	1.34e-10
 6.27213e+22	6.57e-02	9.34e-01	1.78e-10
 6.28304e+22	7.38e-02	9.26e-01	2.26e-10
 6.29105e+22	8.05e-02	9.19e-01	2.71e-10
 6.29896e+22	8.74e-02	9.13e-01	3.21e-10
 6.30924e+22	9.77e-02	9.02e-01	4.06e-10
 6.31941e+22	1.12e-01	8.88e-01	5.34e-10
 6.32658e+22	1.23e-01	8.77e-01	6.61e-10
 6.33182e+22	1.32e-01	8.68e-01	7.56e-10
 6.33740e+22	1.41e-01	8.59e-01	8.79e-10
 6.34465e+22	1.56e-01	8.44e-01	1.08e-09
 6.35232e+22	1.75e-01	8.25e-01	1.37e-09
 6.35851e+22	1.93e-01	8.07e-01	1.69e-09
 6.36338e+22	2.08e-01	7.92e-01	1.97e-09
 6.36854e+22	2.24e-01	7.76e-01	2.31e-09
 6.37525e+22	2.48e-01	7.52e-01	2.86e-09
 6.38218e+22	2.80e-01	7.20e-01	3.66e-09
 6.38756e+22	3.08e-01	6.92e-01	4.46e-09
 6.39187e+22	3.29e-01	6.71e-01	5.13e-09
 6.39552e+22	3.50e-01	6.50e-01	5.82e-09
 6.39842e+22	3.67e-01	6.33e-01	6.41e-09
 6.40119e+22	3.82e-01	6.18e-01	6.99e-09
 6.40439e+22	4.02e-01	5.98e-01	7.75e-09
 6.40794e+22	4.25e-01	5.75e-01	8.66e-09
 6.41145e+22	4.50e-01	5.50e-01	9.69e-09
 6.41477e+22	4.74e-01	5.26e-01	1.07e-08
 6.41797e+22	4.98e-01	5.02e-01	1.18e-08
 6.42110e+22	5.22e-01	4.78e-01	1.28e-08
 6.42406e+22	5.45e-01	4.55e-01	1.39e-08
 6.42626e+22	5.62e-01	4.38e-01	1.46e-08
 6.42766e+22	5.71e-01	4.29e-01	1.51e-08
 6.42904e+22	5.79e-01	4.21e-01	1.55e-08
 6.43084e+22	5.92e-01	4.08e-01	1.61e-08
 6.43283e+22	6.09e-01	3.91e-01	1.68e-08
 6.43455e+22	6.22e-01	3.78e-01	1.74e-08
 6.43597e+22	6.32e-01	3.68e-01	1.79e-08
 6.43741e+22	6.43e-01	3.57e-01	1.84e-08
 6.43909e+22	6.55e-01	3.45e-01	1.89e-08
 6.44082e+22	6.69e-01	3.31e-01	1.94e-08
 6.44235e+22	6.80e-01	3.20e-01	1.98e-08
 6.44375e+22	6.90e-01	3.10e-01	2.02e-08
 6.44522e+22	7.01e-01	2.99e-01	2.06e-08
 6.44681e+22	7.12e-01	2.88e-01	2.10e-08
 6.44839e+22	7.24e-01	2.76e-01	2.13e-08
 6.44983e+22	7.34e-01	2.66e-01	2.16e-08
 6.45121e+22	7.43e-01	2.57e-01	2.18e-08
 6.45268e+22	7.52e-01	2.48e-01	2.20e-08
 6.45426e+22	7.63e-01	2.37e-01	2.23e-08
 6.45578e+22	7.73e-01	2.27e-01	2.24e-08
 6.45713e+22	7.81e-01	2.19e-01	2.25e-08
 6.45849e+22	7.88e-01	2.12e-01	2.26e-08
 6.45999e+22	7.97e-01	2.03e-01	2.27e-08
 6.46154e+22	8.07e-01	1.93e-01	2.27e-08
 6.46297e+22	8.15e-01	1.85e-01	2.27e-08
 6.46429e+22	8.21e-01	1.79e-01	2.26e-08
 6.46567e+22	8.28e-01	1.72e-01	2.25e-08
 6.46716e+22	8.36e-01	1.64e-01	2.24e-08
 6.46862e+22	8.43e-01	1.57e-01	2.23e-08
 6.46996e+22	8.49e-01	1.51e-01	2.21e-08
 6.47125e+22	8.54e-01	1.46e-01	2.19e-08
 6.47263e+22	8.60e-01	1.40e-01	2.17e-08
 6.47407e+22	8.66e-01	1.34e-01	2.15e-08
 6.47546e+22	8.71e-01	1.29e-01	2.12e-08
 6.47676e+22	8.76e-01	1.24e-01	2.10e-08
 6.47807e+22	8.80e-01	1.20e-01	2.07e-08
 6.47948e+22	8.85e-01	1.15e-01	2.04e-08
 6.48093e+22	8.89e-01	1.11e-01	2.01e-08
 6.48230e+22	8.93e-01	1.07e-01	1.98e-08
 6.48363e+22	8.97e-01	1.03e-01	1.94e-08
 6.48502e+22	9.00e-01	9.99e-02	1.90e-08
 6.48647e+22	9.04e-01	9.64e-02	1.86e-08
 6.48792e+22	9.07e-01	9.31e-02	1.82e-08
 6.48936e+22	9.10e-01	9.02e-02	1.78e-08
 6.49076e+22	9.12e-01	8.76e-02	1.74e-08
 6.49215e+22	9.15e-01	8.52e-02	1.70e-08
 6.49353e+22	9.17e-01	8.30e-02	1.66e-08
 6.49491e+22	9.19e-01	8.09e-02	1.63e-08
 6.49631e+22	9.21e-01	7.90e-02	1.59e-08
 6.49773e+22	9.23e-01	7.71e-02	1.54e-08
 6.49917e+22	9.25e-01	7.54e-02	1.50e-08
 6.50064e+22	9.26e-01	7.38e-02	1.46e-08
 6.50214e+22	9.28e-01	7.22e-02	1.42e-08
 6.50367e+22	9.29e-01	7.08e-02	1.38e-08
 6.50520e+22	9.31e-01	6.95e-02	1.35e-08
 6.50679e+22	9.32e-01	6.83e-02	1.31e-08
 6.50849e+22	9.33e-01	6.71e-02	1.27e-08
 6.51014e+22	9.34e-01	6.59e-02	1.24e-08
 6.51164e+22	9.35e-01	6.52e-02	1.22e-08
 6.51301e+22	9.35e-01	6.45e-02	1.19e-08
 6.51425e+22	9.36e-01	6.41e-02	1.17e-08
 6.51561e+22	9.37e-01	6.35e-02	1.15e-08
 6.51708e+22	9.37e-01	6.28e-02	1.13e-08
 6.51869e+22	9.38e-01	6.21e-02	1.11e-08
 6.52079e+22	9.39e-01	6.12e-02	1.09e-08
 6.52305e+22	9.40e-01	6.02e-02	1.06e-08
 6.52510e+22	9.40e-01	5.98e-02	1.05e-08
 6.52736e+22	9.41e-01	5.93e-02	1.03e-08
 6.53029e+22	9.42e-01	5.84e-02	1.01e-08
 6.53345e+22	9.42e-01	5.77e-02	9.93e-09
 6.53692e+22	9.43e-01	5.71e-02	9.77e-09
 6.54105e+22	9.43e-01	5.65e-02	9.62e-09
 6.54538e+22	9.44e-01	5.62e-02	9.48e-09
 6.55036e+22	9.44e-01	5.55e-02	9.37e-09
 6.55684e+22	9.45e-01	5.48e-02	9.24e-09
 6.56383e+22	9.46e-01	5.45e-02	9.16e-09
 6.57149e+22	9.46e-01	5.41e-02	9.07e-09
 6.58145e+22	9.47e-01	5.34e-02	8.96e-09
 6.59220e+22	9.47e-01	5.31e-02	8.89e-09
 6.60398e+22	9.47e-01	5.26e-02	8.82e-09
 6.61930e+22	9.48e-01	5.19e-02	8.71e-09
 6.63583e+22	9.49e-01	5.14e-02	8.64e-09
 6.65395e+22	9.49e-01	5.07e-02	8.52e-09
 6.67351e+22	9.50e-01	5.01e-02	8.44e-09
 6.69494e+22	9.51e-01	4.93e-02	8.30e-09
 6.71808e+22	9.51e-01	4.86e-02	8.22e-09
 6.73914e+22	9.52e-01	4.80e-02	8.14e-09
 6.76222e+22	9.53e-01	4.72e-02	8.00e-09
 6.78713e+22	9.53e-01	4.65e-02	7.90e-09
 6.80979e+22	9.54e-01	4.60e-02	7.83e-09
 6.83042e+22	9.55e-01	4.55e-02	7.75e-09
 6.84919e+22	9.55e-01	4.50e-02	7.69e-09
 6.86976e+22	9.56e-01	4.42e-02	7.54e-09
 6.89197e+22	9.56e-01	4.37e-02	7.45e-09
 6.91218e+22	9.57e-01	4.32e-02	7.39e-09
 6.93432e+22	9.58e-01	4.24e-02	7.24e-09
 6.95823e+22	9.58e-01	4.19e-02	7.15e-09
 6.97999e+22	9.59e-01	4.14e-02	7.08e-09
 6.99978e+22	9.59e-01	4.10e-02	7.02e-09
 7.02148e+22	9.60e-01	4.03e-02	6.87e-09
 7.04490e+22	9.60e-01	3.98e-02	6.78e-09
 7.06621e+22	9.61e-01	3.93e-02	6.71e-09
 7.08956e+22	9.61e-01	3.87e-02	6.56e-09
 7.11477e+22	9.62e-01	3.82e-02	6.46e-09
 7.13772e+22	9.62e-01	3.77e-02	6.39e-09
 7.16286e+22	9.63e-01	3.71e-02	6.25e-09
 7.19000e+22	9.63e-01	3.66e-02	6.16e-09
 7.21470e+22	9.64e-01	3.62e-02	6.11e-09
 7.24176e+22	9.64e-01	3.56e-02	6.00e-09
 7.27098e+22	9.65e-01	3.51e-02	5.92e-09
 7.29757e+22	9.65e-01	3.48e-02	5.87e-09
 7.32671e+22	9.66e-01	3.42e-02	5.76e-09
 7.35816e+22	9.66e-01	3.37e-02	5.69e-09
 7.38679e+22	9.67e-01	3.33e-02	5.64e-09
 7.41815e+22	9.67e-01	3.27e-02	5.53e-09
 7.45202e+22	9.68e-01	3.22e-02	5.46e-09
 7.48283e+22	9.68e-01	3.18e-02	5.40e-09
 7.51087e+22	9.68e-01	3.15e-02	5.37e-09
 7.54160e+22	9.69e-01	3.10e-02	5.27e-09
 7.57477e+22	9.69e-01	3.05e-02	5.22e-09
 7.60496e+22	9.70e-01	3.02e-02	5.18e-09
 7.63804e+22	9.70e-01	2.97e-02	5.09e-09
 7.67375e+22	9.71e-01	2.93e-02	5.03e-09
 7.70625e+22	9.71e-01	2.90e-02	5.00e-09
 7.74186e+22	9.72e-01	2.84e-02	4.92e-09
 7.78030e+22	9.72e-01	2.80e-02	4.86e-09
 7.81529e+22	9.72e-01	2.77e-02	4.83e-09
 7.85362e+22	9.73e-01	2.72e-02	4.75e-09
 7.89501e+22	9.73e-01	2.68e-02	4.70e-09
 7.93267e+22	9.74e-01	2.64e-02	4.65e-09
 7.96694e+22	9.74e-01	2.61e-02	4.64e-09
 8.00450e+22	9.74e-01	2.57e-02	4.58e-09
 8.04504e+22	9.75e-01	2.53e-02	4.55e-09
 8.08947e+22	9.75e-01	2.49e-02	4.49e-09
 8.13744e+22	9.76e-01	2.45e-02	4.46e-09
 8.18108e+22	9.76e-01	2.41e-02	4.41e-09
 8.22080e+22	9.76e-01	2.38e-02	4.40e-09
 8.26433e+22	9.77e-01	2.35e-02	4.36e-09
 8.31131e+22	9.77e-01	2.31e-02	4.33e-09
 8.35407e+22	9.77e-01	2.28e-02	4.30e-09
 8.39298e+22	9.77e-01	2.25e-02	4.29e-09
 8.43562e+22	9.78e-01	2.22e-02	4.25e-09
 8.48165e+22	9.78e-01	2.19e-02	4.23e-09
 8.53209e+22	9.79e-01	2.15e-02	4.18e-09
 8.58655e+22	9.79e-01	2.11e-02	4.15e-09
 8.63610e+22	9.79e-01	2.09e-02	4.14e-09
 8.69040e+22	9.80e-01	2.05e-02	4.10e-09
 8.74902e+22	9.80e-01	2.01e-02	4.08e-09
 8.80237e+22	9.80e-01	1.99e-02	4.06e-09
 8.86083e+22	9.81e-01	1.95e-02	4.03e-09
 8.92393e+22	9.81e-01	1.92e-02	4.00e-09
 8.98136e+22	9.81e-01	1.89e-02	3.99e-09
 9.04429e+22	9.81e-01	1.85e-02	3.95e-09
 9.11223e+22	9.82e-01	1.82e-02	3.93e-09
 9.17405e+22	9.82e-01	1.79e-02	3.92e-09
 9.24180e+22	9.82e-01	1.76e-02	3.89e-09
 9.31494e+22	9.83e-01	1.73e-02	3.88e-09
 9.38149e+22	9.83e-01	1.70e-02	3.86e-09
 9.45442e+22	9.83e-01	1.67e-02	3.83e-09
 9.53316e+22	9.84e-01	1.64e-02	3.82e-09
 9.60480e+22	9.84e-01	1.61e-02	3.80e-09
 9.68332e+22	9.84e-01	1.58e-02	3.78e-09
 9.76808e+22	9.84e-01	1.55e-02	3.77e-09
 9.84521e+22	9.85e-01	1.52e-02	3.76e-09
 9.92973e+22	9.85e-01	1.49e-02	3.74e-09
 1.00210e+23	9.85e-01	1.47e-02	3.73e-09
 1.01040e+23	9.86e-01	1.44e-02	3.72e-09
 1.01950e+23	9.86e-01	1.41e-02	3.70e-09
 1.02932e+23	9.86e-01	1.39e-02	3.69e-09
 1.03826e+23	9.86e-01	1.36e-02	3.68e-09
 1.04806e+23	9.87e-01	1.33e-02	3.67e-09
 1.05863e+23	9.87e-01	1.31e-02	3.66e-09
 1.06825e+23	9.87e-01	1.29e-02	3.65e-09
 1.07880e+23	9.87e-01	1.26e-02	3.64e-09
 1.09018e+23	9.88e-01	1.23e-02	3.64e-09
 1.10054e+23	9.88e-01	1.21e-02	3.63e-09
 1.11189e+23	9.88e-01	1.19e-02	3.62e-09
 1.12415e+23	9.88e-01	1.16e-02	3.61e-09
 1.13530e+23	9.89e-01	1.14e-02	3.61e-09
 1.14752e+23	9.89e-01	1.12e-02	3.60e-09
 1.16258e+23	9.89e-01	1.09e-02	3.59e-09
 1.17921e+23	9.89e-01	1.06e-02	3.59e-09
 1.19664e+23	9.90e-01	1.04e-02	3.58e-09
 1.21487e+23	9.90e-01	1.01e-02	3.57e-09
 1.23383e+23	9.90e-01	9.81e-03	3.57e-09
 1.25344e+23	9.90e-01	9.54e-03	3.56e-09
 1.27367e+23	9.91e-01	9.28e-03	3.56e-09
 1.29464e+23	9.91e-01	9.02e-03	3.56e-09
 1.31630e+23	9.91e-01	8.78e-03	3.55e-09
 1.33870e+23	9.91e-01	8.54e-03	3.55e-09
 1.36200e+23	9.92e-01	8.30e-03	3.55e-09
 1.38610e+23	9.92e-01	8.07e-03	3.54e-09
 1.41108e+23	9.92e-01	7.84e-03	3.54e-09
 1.43709e+23	9.92e-01	7.62e-03	3.54e-09
 1.46398e+23	9.93e-01	7.41e-03	3.53e-09
 1.49195e+23	9.93e-01	7.20e-03	3.53e-09
 1.52102e+23	9.93e-01	7.00e-03	3.53e-09
 1.55121e+23	9.93e-01	6.80e-03	3.53e-09
 1.58278e+23	9.93e-01	6.61e-03	3.53e-09
 1.61562e+23	9.94e-01	6.42e-03	3.52e-09
 1.64994e+23	9.94e-01	6.23e-03	3.52e-09
 1.68587e+23	9.94e-01	6.06e-03	3.52e-09
 1.72357e+23	9.94e-01	5.88e-03	3.51e-09
 1.76287e+23	9.94e-01	5.71e-03	3.51e-09
 1.80470e+23	9.94e-01	5.55e-03	3.51e-09
 1.84992e+23	9.95e-01	5.39e-03	3.50e-09
 1.89815e+23	9.95e-01	5.23e-03	3.50e-09
 1.94945e+23	9.95e-01	5.08e-03	3.49e-09
 2.00421e+23	9.95e-01	4.92e-03	3.49e-09
 2.06257e+23	9.95e-01	4.78e-03	3.49e-09
 2.12523e+23	9.95e-01	4.64e-03	3.48e-09
 2.19229e+23	9.95e-01	4.51e-03	3.47e-09
 2.26181e+23	9.96e-01	4.38e-03	3.46e-09
 2.33304e+23	9.96e-01	4.27e-03	3.45e-09
 2.40338e+23	9.96e-01	4.16e-03	3.44e-09
 2.46853e+23	9.96e-01	4.08e-03	3.43e-09
 2.52716e+23	9.96e-01	4.01e-03	3.42e-09
 2.57992e+23	9.96e-01	3.95e-03	3.41e-09
 2.62741e+23	9.96e-01	3.90e-03	3.40e-09
 2.67015e+23	9.96e-01	3.86e-03	3.40e-09
 2.70862e+23	9.96e-01	3.83e-03	3.39e-09
 2.74324e+23	9.96e-01	3.80e-03	3.38e-09
 2.77491e+23	9.96e-01	3.78e-03	3.38e-09
 2.80546e+23	9.96e-01	3.76e-03	3.37e-09
 2.83601e+23	9.96e-01	3.74e-03	3.36e-09
 2.86656e+23	9.96e-01	3.72e-03	3.35e-09
 2.89710e+23	9.96e-01	3.70e-03	3.34e-09
 2.92765e+23	9.96e-01	3.68e-03	3.33e-09
 2.95820e+23	9.96e-01	3.66e-03	3.32e-09
 2.98875e+23	9.96e-01	3.65e-03	3.31e-09
 3.01930e+23	9.96e-01	3.63e-03	3.30e-09
 3.04469e+23	9.96e-01	3.62e-03	3.30e-09
