#depth	Ne	Ne+	Ne+2	Ne+3	Ne+4	Ne+5	Ne+6	Ne+7	Ne+8	Ne+9	Ne+10
 1.54284e+19	2.21e-19	9.81e-14	1.89e-09	2.41e-06	6.04e-04	2.04e-02	1.07e-01	1.91e-01	6.28e-01	5.12e-02	9.91e-04
 9.25702e+19	2.59e-19	1.19e-13	2.34e-09	2.95e-06	7.19e-04	2.33e-02	1.16e-01	2.00e-01	6.13e-01	4.67e-02	8.44e-04
 2.17077e+20	3.28e-19	1.62e-13	3.28e-09	4.05e-06	9.43e-04	2.86e-02	1.32e-01	2.13e-01	5.86e-01	4.01e-02	6.53e-04
 3.20597e+20	4.08e-19	2.10e-13	4.33e-09	5.25e-06	1.17e-03	3.34e-02	1.44e-01	2.22e-01	5.63e-01	3.55e-02	5.32e-04
 3.81230e+20	4.66e-19	2.46e-13	5.10e-09	6.09e-06	1.32e-03	3.65e-02	1.52e-01	2.27e-01	5.50e-01	3.31e-02	4.73e-04
 4.21007e+20	5.08e-19	2.72e-13	5.66e-09	6.70e-06	1.43e-03	3.86e-02	1.57e-01	2.30e-01	5.41e-01	3.16e-02	4.39e-04
 4.66709e+20	5.60e-19	3.05e-13	6.39e-09	7.49e-06	1.56e-03	4.12e-02	1.63e-01	2.34e-01	5.30e-01	2.99e-02	4.02e-04
 5.26122e+20	6.34e-19	3.54e-13	7.48e-09	8.64e-06	1.75e-03	4.47e-02	1.70e-01	2.39e-01	5.17e-01	2.79e-02	3.58e-04
 6.03358e+20	7.44e-19	4.29e-13	9.15e-09	1.04e-05	2.03e-03	4.96e-02	1.80e-01	2.44e-01	4.99e-01	2.54e-02	3.08e-04
 6.82736e+20	8.80e-19	5.23e-13	1.12e-08	1.25e-05	2.36e-03	5.50e-02	1.90e-01	2.49e-01	4.80e-01	2.31e-02	2.65e-04
 7.46450e+20	1.01e-18	6.13e-13	1.32e-08	1.44e-05	2.64e-03	5.95e-02	1.98e-01	2.53e-01	4.65e-01	2.14e-02	2.35e-04
 8.10832e+20	1.16e-18	7.19e-13	1.55e-08	1.67e-05	2.96e-03	6.43e-02	2.06e-01	2.56e-01	4.51e-01	1.99e-02	2.09e-04
 8.94528e+20	1.39e-18	8.83e-13	1.92e-08	2.00e-05	3.42e-03	7.09e-02	2.17e-01	2.59e-01	4.32e-01	1.80e-02	1.79e-04
 9.82394e+20	1.69e-18	1.10e-12	2.38e-08	2.42e-05	3.96e-03	7.83e-02	2.27e-01	2.62e-01	4.12e-01	1.62e-02	1.52e-04
 1.05581e+21	1.99e-18	1.31e-12	2.84e-08	2.83e-05	4.45e-03	8.46e-02	2.36e-01	2.64e-01	3.96e-01	1.49e-02	1.33e-04
 1.13138e+21	2.36e-18	1.58e-12	3.40e-08	3.30e-05	5.01e-03	9.15e-02	2.44e-01	2.66e-01	3.80e-01	1.36e-02	1.16e-04
 1.22962e+21	2.94e-18	2.00e-12	4.29e-08	4.03e-05	5.82e-03	1.01e-01	2.55e-01	2.67e-01	3.59e-01	1.21e-02	9.75e-05
 1.33179e+21	3.72e-18	2.56e-12	5.44e-08	4.92e-05	6.77e-03	1.11e-01	2.66e-01	2.68e-01	3.38e-01	1.07e-02	8.13e-05
 1.41616e+21	4.51e-18	3.13e-12	6.58e-08	5.77e-05	7.62e-03	1.20e-01	2.74e-01	2.67e-01	3.21e-01	9.71e-03	7.02e-05
 1.50293e+21	5.52e-18	3.84e-12	7.97e-08	6.78e-05	8.57e-03	1.29e-01	2.82e-01	2.66e-01	3.05e-01	8.77e-03	6.04e-05
 1.61574e+21	7.18e-18	5.00e-12	1.02e-07	8.32e-05	9.95e-03	1.42e-01	2.92e-01	2.64e-01	2.84e-01	7.68e-03	4.97e-05
 1.73389e+21	9.47e-18	6.57e-12	1.31e-07	1.02e-04	1.16e-02	1.55e-01	3.02e-01	2.61e-01	2.64e-01	6.68e-03	4.06e-05
 1.83162e+21	1.19e-17	8.20e-12	1.60e-07	1.20e-04	1.30e-02	1.66e-01	3.09e-01	2.58e-01	2.48e-01	5.97e-03	3.44e-05
 1.93129e+21	1.51e-17	1.03e-11	1.96e-07	1.42e-04	1.46e-02	1.78e-01	3.15e-01	2.54e-01	2.32e-01	5.32e-03	2.92e-05
 2.06085e+21	2.04e-17	1.37e-11	2.53e-07	1.74e-04	1.69e-02	1.94e-01	3.23e-01	2.49e-01	2.13e-01	4.57e-03	2.35e-05
 2.19628e+21	2.80e-17	1.84e-11	3.28e-07	2.14e-04	1.95e-02	2.11e-01	3.29e-01	2.42e-01	1.94e-01	3.91e-03	1.88e-05
 2.30291e+21	3.59e-17	2.31e-11	4.00e-07	2.50e-04	2.17e-02	2.24e-01	3.33e-01	2.36e-01	1.81e-01	3.46e-03	1.59e-05
 2.38667e+21	4.35e-17	2.75e-11	4.65e-07	2.81e-04	2.35e-02	2.34e-01	3.36e-01	2.32e-01	1.71e-01	3.15e-03	1.39e-05
 2.47713e+21	5.36e-17	3.31e-11	5.46e-07	3.18e-04	2.56e-02	2.45e-01	3.39e-01	2.27e-01	1.61e-01	2.84e-03	1.20e-05
 2.59473e+21	7.00e-17	4.21e-11	6.69e-07	3.73e-04	2.86e-02	2.60e-01	3.41e-01	2.20e-01	1.48e-01	2.48e-03	9.98e-06
 2.71996e+21	9.27e-17	5.40e-11	8.26e-07	4.38e-04	3.19e-02	2.75e-01	3.43e-01	2.12e-01	1.36e-01	2.15e-03	8.20e-06
 2.82731e+21	1.17e-16	6.64e-11	9.84e-07	5.01e-04	3.48e-02	2.88e-01	3.43e-01	2.05e-01	1.26e-01	1.91e-03	6.95e-06
 2.93907e+21	1.50e-16	8.22e-11	1.18e-06	5.73e-04	3.81e-02	3.02e-01	3.44e-01	1.98e-01	1.16e-01	1.68e-03	5.86e-06
 3.08436e+21	2.05e-16	1.08e-10	1.47e-06	6.79e-04	4.26e-02	3.19e-01	3.43e-01	1.89e-01	1.05e-01	1.43e-03	4.70e-06
 3.23406e+21	2.81e-16	1.41e-10	1.84e-06	8.03e-04	4.76e-02	3.36e-01	3.41e-01	1.80e-01	9.41e-02	1.21e-03	3.75e-06
 3.35610e+21	3.61e-16	1.75e-10	2.19e-06	9.15e-04	5.17e-02	3.49e-01	3.39e-01	1.72e-01	8.64e-02	1.06e-03	3.14e-06
 3.48132e+21	4.65e-16	2.17e-10	2.61e-06	1.04e-03	5.62e-02	3.63e-01	3.36e-01	1.64e-01	7.90e-02	9.25e-04	2.61e-06
 3.64411e+21	6.42e-16	2.85e-10	3.26e-06	1.23e-03	6.24e-02	3.79e-01	3.31e-01	1.55e-01	7.03e-02	7.75e-04	2.06e-06
 3.81786e+21	8.97e-16	3.78e-10	4.09e-06	1.45e-03	6.93e-02	3.96e-01	3.26e-01	1.45e-01	6.20e-02	6.43e-04	1.61e-06
 3.96696e+21	1.19e-15	4.79e-10	4.94e-06	1.66e-03	7.54e-02	4.10e-01	3.20e-01	1.36e-01	5.57e-02	5.48e-04	1.30e-06
 4.12190e+21	1.57e-15	6.05e-10	5.94e-06	1.90e-03	8.20e-02	4.24e-01	3.14e-01	1.28e-01	5.00e-02	4.67e-04	1.05e-06
 4.32333e+21	2.25e-15	8.15e-10	7.53e-06	2.25e-03	9.09e-02	4.40e-01	3.05e-01	1.18e-01	4.33e-02	3.79e-04	8.00e-07
 4.53044e+21	3.21e-15	1.09e-09	9.49e-06	2.66e-03	1.00e-01	4.55e-01	2.96e-01	1.08e-01	3.74e-02	3.06e-04	0.00e+00
 4.69788e+21	4.22e-15	1.37e-09	1.14e-05	3.02e-03	1.08e-01	4.67e-01	2.88e-01	1.01e-01	3.33e-02	2.59e-04	0.00e+00
 4.86851e+21	5.56e-15	1.72e-09	1.36e-05	3.42e-03	1.16e-01	4.77e-01	2.79e-01	9.39e-02	2.96e-02	2.19e-04	0.00e+00
 5.09034e+21	7.87e-15	2.29e-09	1.69e-05	3.99e-03	1.27e-01	4.89e-01	2.68e-01	8.54e-02	2.54e-02	1.76e-04	0.00e+00
 5.32641e+21	1.12e-14	3.07e-09	2.12e-05	4.67e-03	1.39e-01	5.00e-01	2.57e-01	7.72e-02	2.17e-02	1.40e-04	0.00e+00
 5.50802e+21	1.46e-14	3.80e-09	2.51e-05	5.24e-03	1.49e-01	5.08e-01	2.48e-01	7.15e-02	1.92e-02	1.18e-04	0.00e+00
 5.64431e+21	1.76e-14	4.44e-09	2.83e-05	5.69e-03	1.56e-01	5.12e-01	2.41e-01	6.75e-02	1.76e-02	1.04e-04	0.00e+00
 5.79464e+21	2.18e-14	5.28e-09	3.23e-05	6.24e-03	1.64e-01	5.17e-01	2.33e-01	6.32e-02	1.59e-02	9.05e-05	0.00e+00
 5.99007e+21	2.84e-14	6.56e-09	3.82e-05	6.99e-03	1.74e-01	5.23e-01	2.24e-01	5.81e-02	1.40e-02	7.56e-05	0.00e+00
 6.20498e+21	3.78e-14	8.26e-09	4.55e-05	7.88e-03	1.86e-01	5.27e-01	2.14e-01	5.30e-02	1.22e-02	6.23e-05	0.00e+00
 6.40113e+21	4.86e-14	1.01e-08	5.32e-05	8.75e-03	1.96e-01	5.31e-01	2.04e-01	4.87e-02	1.07e-02	5.23e-05	0.00e+00
 6.61204e+21	6.33e-14	1.25e-08	6.26e-05	9.76e-03	2.08e-01	5.33e-01	1.95e-01	4.45e-02	9.40e-03	4.35e-05	0.00e+00
 6.88622e+21	8.82e-14	1.64e-08	7.67e-05	1.12e-02	2.23e-01	5.35e-01	1.83e-01	3.96e-02	7.92e-03	3.43e-05	0.00e+00
 7.16189e+21	1.22e-13	2.13e-08	9.34e-05	1.27e-02	2.38e-01	5.36e-01	1.72e-01	3.53e-02	6.68e-03	2.72e-05	0.00e+00
 7.37460e+21	1.54e-13	2.58e-08	1.08e-04	1.40e-02	2.50e-01	5.35e-01	1.63e-01	3.23e-02	5.88e-03	2.28e-05	0.00e+00
 7.58622e+21	1.95e-13	3.11e-08	1.24e-04	1.54e-02	2.61e-01	5.33e-01	1.55e-01	2.96e-02	5.18e-03	1.92e-05	0.00e+00
 7.86133e+21	2.62e-13	3.94e-08	1.49e-04	1.73e-02	2.76e-01	5.31e-01	1.45e-01	2.64e-02	4.40e-03	1.54e-05	0.00e+00
 8.15691e+21	3.56e-13	5.04e-08	1.79e-04	1.94e-02	2.92e-01	5.26e-01	1.35e-01	2.33e-02	3.71e-03	1.22e-05	0.00e+00
 8.41399e+21	4.60e-13	6.20e-08	2.09e-04	2.15e-02	3.05e-01	5.22e-01	1.27e-01	2.10e-02	3.20e-03	9.96e-06	0.00e+00
 8.68310e+21	5.98e-13	7.65e-08	2.44e-04	2.37e-02	3.19e-01	5.16e-01	1.19e-01	1.88e-02	2.75e-03	8.11e-06	0.00e+00
 9.03294e+21	8.28e-13	9.92e-08	2.96e-04	2.68e-02	3.37e-01	5.08e-01	1.09e-01	1.64e-02	2.27e-03	6.27e-06	0.00e+00
 9.39351e+21	1.16e-12	1.30e-07	3.61e-04	3.03e-02	3.55e-01	4.98e-01	9.94e-02	1.42e-02	1.86e-03	4.79e-06	0.00e+00
 9.68491e+21	1.49e-12	1.59e-07	4.20e-04	3.33e-02	3.70e-01	4.90e-01	9.24e-02	1.27e-02	1.59e-03	3.88e-06	0.00e+00
 9.98062e+21	1.92e-12	1.95e-07	4.88e-04	3.66e-02	3.84e-01	4.81e-01	8.58e-02	1.13e-02	1.36e-03	3.15e-06	0.00e+00
 1.03650e+22	2.65e-12	2.51e-07	5.90e-04	4.10e-02	4.01e-01	4.68e-01	7.78e-02	9.72e-03	1.11e-03	2.41e-06	0.00e+00
 1.07757e+22	3.68e-12	3.27e-07	7.16e-04	4.61e-02	4.19e-01	4.54e-01	7.01e-02	8.31e-03	9.02e-04	1.82e-06	0.00e+00
 1.11330e+22	4.85e-12	4.08e-07	8.42e-04	5.09e-02	4.34e-01	4.42e-01	6.40e-02	7.26e-03	7.53e-04	1.43e-06	0.00e+00
 1.15099e+22	6.45e-12	5.13e-07	9.94e-04	5.61e-02	4.50e-01	4.28e-01	5.81e-02	6.31e-03	6.25e-04	1.12e-06	0.00e+00
 1.19999e+22	9.23e-12	6.83e-07	1.22e-03	6.35e-02	4.68e-01	4.10e-01	5.12e-02	5.27e-03	4.92e-04	8.16e-07	0.00e+00
 1.24568e+22	1.27e-11	8.83e-07	1.48e-03	7.08e-02	4.84e-01	3.93e-01	4.55e-02	4.46e-03	3.95e-04	0.00e+00	0.00e+00
 1.27697e+22	1.57e-11	1.05e-06	1.67e-03	7.60e-02	4.95e-01	3.82e-01	4.20e-02	3.99e-03	3.41e-04	0.00e+00	0.00e+00
 1.30753e+22	1.93e-11	1.23e-06	1.88e-03	8.13e-02	5.04e-01	3.70e-01	3.88e-02	3.57e-03	2.95e-04	0.00e+00	0.00e+00
 1.34724e+22	2.51e-11	1.52e-06	2.19e-03	8.85e-02	5.16e-01	3.55e-01	3.50e-02	3.11e-03	2.46e-04	0.00e+00	0.00e+00
 1.38981e+22	3.29e-11	1.89e-06	2.57e-03	9.66e-02	5.27e-01	3.40e-01	3.13e-02	2.67e-03	2.02e-04	0.00e+00	0.00e+00
 1.42831e+22	4.18e-11	2.30e-06	2.95e-03	1.04e-01	5.36e-01	3.26e-01	2.83e-02	2.34e-03	1.70e-04	0.00e+00	0.00e+00
 1.47060e+22	5.42e-11	2.83e-06	3.42e-03	1.13e-01	5.45e-01	3.11e-01	2.53e-02	2.02e-03	1.41e-04	0.00e+00	0.00e+00
 1.51704e+22	7.14e-11	3.53e-06	4.01e-03	1.23e-01	5.54e-01	2.94e-01	2.24e-02	1.73e-03	1.15e-04	0.00e+00	0.00e+00
 1.56037e+22	9.17e-11	4.33e-06	4.63e-03	1.33e-01	5.61e-01	2.80e-01	2.00e-02	1.49e-03	9.49e-05	0.00e+00	0.00e+00
 1.60817e+22	1.20e-10	5.39e-06	5.42e-03	1.44e-01	5.68e-01	2.64e-01	1.76e-02	1.28e-03	7.74e-05	0.00e+00	0.00e+00
 1.65991e+22	1.60e-10	6.80e-06	6.38e-03	1.56e-01	5.73e-01	2.48e-01	1.54e-02	1.08e-03	6.21e-05	0.00e+00	0.00e+00
 1.70732e+22	2.07e-10	8.37e-06	7.39e-03	1.68e-01	5.77e-01	2.33e-01	1.36e-02	9.23e-04	5.09e-05	0.00e+00	0.00e+00
 1.75950e+22	2.73e-10	1.05e-05	8.65e-03	1.82e-01	5.79e-01	2.18e-01	1.19e-02	7.82e-04	4.11e-05	0.00e+00	0.00e+00
 1.81637e+22	3.67e-10	1.33e-05	1.02e-02	1.97e-01	5.80e-01	2.02e-01	1.02e-02	6.53e-04	3.26e-05	0.00e+00	0.00e+00
 1.86738e+22	4.74e-10	1.65e-05	1.19e-02	2.11e-01	5.79e-01	1.89e-01	8.93e-03	5.57e-04	2.66e-05	0.00e+00	0.00e+00
 1.91313e+22	5.93e-10	1.98e-05	1.35e-02	2.23e-01	5.78e-01	1.77e-01	7.93e-03	4.85e-04	2.22e-05	0.00e+00	0.00e+00
 1.96399e+22	7.64e-10	2.43e-05	1.56e-02	2.38e-01	5.74e-01	1.65e-01	6.94e-03	4.15e-04	1.82e-05	0.00e+00	0.00e+00
 2.01980e+22	9.98e-10	3.04e-05	1.81e-02	2.54e-01	5.69e-01	1.52e-01	6.01e-03	3.51e-04	1.47e-05	0.00e+00	0.00e+00
 2.07026e+22	1.26e-09	3.69e-05	2.07e-02	2.68e-01	5.64e-01	1.42e-01	5.28e-03	3.03e-04	1.22e-05	0.00e+00	0.00e+00
 2.11648e+22	1.56e-09	4.40e-05	2.34e-02	2.81e-01	5.57e-01	1.33e-01	4.70e-03	2.65e-04	1.03e-05	0.00e+00	0.00e+00
 2.16898e+22	2.00e-09	5.41e-05	2.69e-02	2.97e-01	5.49e-01	1.23e-01	4.10e-03	2.27e-04	8.46e-06	0.00e+00	0.00e+00
 2.22615e+22	2.59e-09	6.70e-05	3.11e-02	3.13e-01	5.39e-01	1.13e-01	3.56e-03	1.93e-04	6.91e-06	0.00e+00	0.00e+00
 2.27697e+22	3.24e-09	8.10e-05	3.54e-02	3.28e-01	5.29e-01	1.05e-01	3.14e-03	1.68e-04	5.78e-06	0.00e+00	0.00e+00
 2.32265e+22	3.97e-09	9.61e-05	3.98e-02	3.41e-01	5.19e-01	9.77e-02	2.81e-03	1.48e-04	4.94e-06	0.00e+00	0.00e+00
 2.37403e+22	5.02e-09	1.17e-04	4.55e-02	3.55e-01	5.06e-01	9.01e-02	2.47e-03	1.28e-04	4.14e-06	0.00e+00	0.00e+00
 2.42957e+22	6.40e-09	1.44e-04	5.25e-02	3.71e-01	4.92e-01	8.26e-02	2.16e-03	1.10e-04	3.44e-06	0.00e+00	0.00e+00
 2.47799e+22	7.92e-09	1.72e-04	5.94e-02	3.84e-01	4.78e-01	7.64e-02	1.92e-03	9.64e-05	2.93e-06	0.00e+00	0.00e+00
 2.52039e+22	9.56e-09	2.02e-04	6.64e-02	3.95e-01	4.66e-01	7.12e-02	1.73e-03	8.58e-05	2.55e-06	0.00e+00	0.00e+00
 2.56750e+22	1.17e-08	2.43e-04	7.56e-02	4.07e-01	4.50e-01	6.55e-02	1.53e-03	7.50e-05	2.17e-06	0.00e+00	0.00e+00
 2.61836e+22	1.50e-08	2.95e-04	8.68e-02	4.19e-01	4.33e-01	5.99e-02	1.35e-03	6.52e-05	1.85e-06	0.00e+00	0.00e+00
 2.66228e+22	1.83e-08	3.51e-04	9.83e-02	4.28e-01	4.16e-01	5.52e-02	1.21e-03	5.76e-05	1.60e-06	0.00e+00	0.00e+00
 2.69996e+22	2.19e-08	4.09e-04	1.10e-01	4.36e-01	4.01e-01	5.12e-02	1.10e-03	5.15e-05	1.41e-06	0.00e+00	0.00e+00
 2.74134e+22	2.70e-08	4.87e-04	1.25e-01	4.44e-01	3.83e-01	4.67e-02	9.71e-04	4.51e-05	1.21e-06	0.00e+00	0.00e+00
 2.78583e+22	3.32e-08	5.90e-04	1.44e-01	4.51e-01	3.61e-01	4.19e-02	8.46e-04	3.89e-05	1.03e-06	0.00e+00	0.00e+00
 2.82389e+22	4.09e-08	6.95e-04	1.64e-01	4.55e-01	3.42e-01	3.81e-02	7.53e-04	3.42e-05	8.92e-07	0.00e+00	0.00e+00
 2.85581e+22	4.85e-08	8.04e-04	1.83e-01	4.57e-01	3.23e-01	3.48e-02	6.71e-04	3.03e-05	0.00e+00	0.00e+00	0.00e+00
 2.88538e+22	5.72e-08	9.24e-04	2.04e-01	4.58e-01	3.05e-01	3.16e-02	5.98e-04	2.68e-05	0.00e+00	0.00e+00	0.00e+00
 2.91897e+22	6.92e-08	1.09e-03	2.32e-01	4.56e-01	2.82e-01	2.79e-02	5.15e-04	2.30e-05	0.00e+00	0.00e+00	0.00e+00
 2.95273e+22	8.41e-08	1.28e-03	2.64e-01	4.52e-01	2.58e-01	2.43e-02	4.37e-04	1.95e-05	0.00e+00	0.00e+00	0.00e+00
 2.97820e+22	9.72e-08	1.45e-03	2.91e-01	4.46e-01	2.39e-01	2.17e-02	3.82e-04	1.70e-05	0.00e+00	0.00e+00	0.00e+00
 3.00281e+22	1.13e-07	1.64e-03	3.21e-01	4.38e-01	2.19e-01	1.91e-02	3.28e-04	1.46e-05	0.00e+00	0.00e+00	0.00e+00
 3.03061e+22	1.33e-07	1.87e-03	3.57e-01	4.27e-01	1.97e-01	1.63e-02	2.72e-04	1.22e-05	0.00e+00	0.00e+00	0.00e+00
 3.05707e+22	1.56e-07	2.13e-03	3.94e-01	4.14e-01	1.76e-01	1.38e-02	2.24e-04	1.01e-05	0.00e+00	0.00e+00	0.00e+00
 3.08186e+22	1.80e-07	2.39e-03	4.31e-01	3.99e-01	1.56e-01	1.16e-02	1.84e-04	8.31e-06	0.00e+00	0.00e+00	0.00e+00
 3.10997e+22	2.11e-07	2.71e-03	4.74e-01	3.79e-01	1.34e-01	9.42e-03	1.44e-04	6.55e-06	0.00e+00	0.00e+00	0.00e+00
 3.14087e+22	2.50e-07	3.08e-03	5.22e-01	3.55e-01	1.13e-01	7.36e-03	1.08e-04	4.97e-06	0.00e+00	0.00e+00	0.00e+00
 3.16827e+22	2.88e-07	3.43e-03	5.63e-01	3.32e-01	9.55e-02	5.84e-03	8.26e-05	3.85e-06	0.00e+00	0.00e+00	0.00e+00
 3.19255e+22	3.24e-07	3.74e-03	5.98e-01	3.12e-01	8.17e-02	4.71e-03	6.45e-05	3.03e-06	0.00e+00	0.00e+00	0.00e+00
 3.21992e+22	3.69e-07	4.11e-03	6.36e-01	2.88e-01	6.80e-02	3.65e-03	4.82e-05	2.29e-06	0.00e+00	0.00e+00	0.00e+00
 3.25076e+22	4.23e-07	4.52e-03	6.74e-01	2.63e-01	5.52e-02	2.74e-03	3.47e-05	1.67e-06	0.00e+00	0.00e+00	0.00e+00
 3.28043e+22	4.78e-07	4.90e-03	7.08e-01	2.40e-01	4.51e-02	2.08e-03	2.53e-05	1.24e-06	0.00e+00	0.00e+00	0.00e+00
 3.31314e+22	5.42e-07	5.33e-03	7.41e-01	2.16e-01	3.59e-02	1.52e-03	1.78e-05	8.80e-07	0.00e+00	0.00e+00	0.00e+00
 3.34961e+22	6.17e-07	5.79e-03	7.73e-01	1.92e-01	2.80e-02	1.09e-03	1.22e-05	0.00e+00	0.00e+00	0.00e+00	0.00e+00
 3.38509e+22	6.94e-07	6.22e-03	7.99e-01	1.72e-01	2.22e-02	7.91e-04	8.51e-06	0.00e+00	0.00e+00	0.00e+00	0.00e+00
 3.42211e+22	7.78e-07	6.67e-03	8.23e-01	1.52e-01	1.75e-02	5.72e-04	5.93e-06	0.00e+00	0.00e+00	0.00e+00	0.00e+00
 3.46362e+22	8.76e-07	7.15e-03	8.45e-01	1.34e-01	1.36e-02	4.06e-04	4.05e-06	0.00e+00	0.00e+00	0.00e+00	0.00e+00
 3.50874e+22	9.86e-07	7.65e-03	8.65e-01	1.17e-01	1.04e-02	2.86e-04	2.74e-06	0.00e+00	0.00e+00	0.00e+00	0.00e+00
 3.55637e+22	1.11e-06	8.16e-03	8.82e-01	1.02e-01	8.07e-03	2.02e-04	1.87e-06	0.00e+00	0.00e+00	0.00e+00	0.00e+00
 3.60702e+22	1.25e-06	8.69e-03	8.96e-01	8.87e-02	6.27e-03	1.44e-04	1.29e-06	0.00e+00	0.00e+00	0.00e+00	0.00e+00
 3.66247e+22	1.40e-06	9.27e-03	9.09e-01	7.67e-02	4.86e-03	1.02e-04	8.85e-07	0.00e+00	0.00e+00	0.00e+00	0.00e+00
 3.72428e+22	1.59e-06	9.89e-03	9.20e-01	6.58e-02	3.77e-03	7.24e-05	0.00e+00	0.00e+00	0.00e+00	0.00e+00	0.00e+00
 3.79340e+22	1.80e-06	1.06e-02	9.30e-01	5.60e-02	2.92e-03	5.13e-05	0.00e+00	0.00e+00	0.00e+00	0.00e+00	0.00e+00
 3.87146e+22	2.06e-06	1.13e-02	9.39e-01	4.72e-02	2.28e-03	3.64e-05	0.00e+00	0.00e+00	0.00e+00	0.00e+00	0.00e+00
 3.95388e+22	2.36e-06	1.21e-02	9.46e-01	4.00e-02	1.82e-03	2.64e-05	0.00e+00	0.00e+00	0.00e+00	0.00e+00	0.00e+00
 4.04784e+22	2.73e-06	1.30e-02	9.52e-01	3.35e-02	1.46e-03	1.91e-05	0.00e+00	0.00e+00	0.00e+00	0.00e+00	0.00e+00
 4.15152e+22	3.16e-06	1.40e-02	9.57e-01	2.80e-02	1.20e-03	1.41e-05	0.00e+00	0.00e+00	0.00e+00	0.00e+00	0.00e+00
 4.24907e+22	3.61e-06	1.50e-02	9.60e-01	2.40e-02	1.02e-03	1.09e-05	0.00e+00	0.00e+00	0.00e+00	0.00e+00	0.00e+00
 4.35711e+22	4.14e-06	1.60e-02	9.63e-01	2.04e-02	8.83e-04	8.40e-06	0.00e+00	0.00e+00	0.00e+00	0.00e+00	0.00e+00
 4.49755e+22	4.91e-06	1.74e-02	9.65e-01	1.68e-02	7.53e-04	6.22e-06	0.00e+00	0.00e+00	0.00e+00	0.00e+00	0.00e+00
 4.64269e+22	5.82e-06	1.88e-02	9.67e-01	1.40e-02	6.57e-04	4.74e-06	0.00e+00	0.00e+00	0.00e+00	0.00e+00	0.00e+00
 4.76283e+22	6.66e-06	2.00e-02	9.67e-01	1.21e-02	5.96e-04	3.85e-06	0.00e+00	0.00e+00	0.00e+00	0.00e+00	0.00e+00
 4.88791e+22	7.63e-06	2.13e-02	9.68e-01	1.05e-02	5.43e-04	3.13e-06	0.00e+00	0.00e+00	0.00e+00	0.00e+00	0.00e+00
 5.02821e+22	8.90e-06	2.29e-02	9.68e-01	8.96e-03	4.92e-04	2.50e-06	0.00e+00	0.00e+00	0.00e+00	0.00e+00	0.00e+00
 5.16290e+22	1.03e-05	2.44e-02	9.67e-01	7.69e-03	4.48e-04	2.02e-06	0.00e+00	0.00e+00	0.00e+00	0.00e+00	0.00e+00
 5.27721e+22	1.18e-05	2.58e-02	9.67e-01	6.74e-03	4.11e-04	1.68e-06	0.00e+00	0.00e+00	0.00e+00	0.00e+00	0.00e+00
 5.34706e+22	1.29e-05	2.67e-02	9.67e-01	6.19e-03	3.87e-04	1.49e-06	0.00e+00	0.00e+00	0.00e+00	0.00e+00	0.00e+00
 5.38038e+22	1.35e-05	2.71e-02	9.67e-01	5.94e-03	3.76e-04	1.40e-06	0.00e+00	0.00e+00	0.00e+00	0.00e+00	0.00e+00
 5.40958e+22	1.39e-05	2.75e-02	9.66e-01	5.71e-03	3.67e-04	1.33e-06	0.00e+00	0.00e+00	0.00e+00	0.00e+00	0.00e+00
 5.44755e+22	1.47e-05	2.81e-02	9.66e-01	5.41e-03	3.54e-04	1.23e-06	0.00e+00	0.00e+00	0.00e+00	0.00e+00	0.00e+00
 5.49690e+22	1.57e-05	2.88e-02	9.66e-01	5.02e-03	3.38e-04	1.11e-06	0.00e+00	0.00e+00	0.00e+00	0.00e+00	0.00e+00
 5.54726e+22	1.69e-05	2.96e-02	9.65e-01	4.64e-03	3.20e-04	9.96e-07	0.00e+00	0.00e+00	0.00e+00	0.00e+00	0.00e+00
 5.58540e+22	1.79e-05	3.02e-02	9.65e-01	4.36e-03	3.06e-04	0.00e+00	0.00e+00	0.00e+00	0.00e+00	0.00e+00	0.00e+00
 5.61482e+22	1.87e-05	3.07e-02	9.65e-01	4.14e-03	2.95e-04	0.00e+00	0.00e+00	0.00e+00	0.00e+00	0.00e+00	0.00e+00
 5.64643e+22	1.97e-05	3.14e-02	9.64e-01	3.91e-03	2.83e-04	0.00e+00	0.00e+00	0.00e+00	0.00e+00	0.00e+00	0.00e+00
 5.68752e+22	2.11e-05	3.22e-02	9.64e-01	3.61e-03	2.68e-04	0.00e+00	0.00e+00	0.00e+00	0.00e+00	0.00e+00	0.00e+00
 5.72773e+22	2.27e-05	3.30e-02	9.63e-01	3.32e-03	2.52e-04	0.00e+00	0.00e+00	0.00e+00	0.00e+00	0.00e+00	0.00e+00
 5.75592e+22	2.39e-05	3.36e-02	9.63e-01	3.12e-03	2.40e-04	0.00e+00	0.00e+00	0.00e+00	0.00e+00	0.00e+00	0.00e+00
 5.77721e+22	2.50e-05	3.41e-02	9.63e-01	2.97e-03	2.31e-04	0.00e+00	0.00e+00	0.00e+00	0.00e+00	0.00e+00	0.00e+00
 5.80045e+22	2.62e-05	3.47e-02	9.62e-01	2.81e-03	2.22e-04	0.00e+00	0.00e+00	0.00e+00	0.00e+00	0.00e+00	0.00e+00
 5.83067e+22	2.79e-05	3.55e-02	9.62e-01	2.61e-03	2.10e-04	0.00e+00	0.00e+00	0.00e+00	0.00e+00	0.00e+00	0.00e+00
 5.86126e+22	3.00e-05	3.64e-02	9.61e-01	2.40e-03	1.96e-04	0.00e+00	0.00e+00	0.00e+00	0.00e+00	0.00e+00	0.00e+00
 5.88426e+22	3.17e-05	3.71e-02	9.60e-01	2.25e-03	1.86e-04	0.00e+00	0.00e+00	0.00e+00	0.00e+00	0.00e+00	0.00e+00
 5.90219e+22	3.32e-05	3.77e-02	9.60e-01	2.13e-03	1.78e-04	0.00e+00	0.00e+00	0.00e+00	0.00e+00	0.00e+00	0.00e+00
 5.92162e+22	3.49e-05	3.84e-02	9.59e-01	2.00e-03	1.70e-04	0.00e+00	0.00e+00	0.00e+00	0.00e+00	0.00e+00	0.00e+00
 5.94689e+22	3.74e-05	3.93e-02	9.59e-01	1.85e-03	1.59e-04	0.00e+00	0.00e+00	0.00e+00	0.00e+00	0.00e+00	0.00e+00
 5.97214e+22	4.03e-05	4.04e-02	9.58e-01	1.69e-03	1.48e-04	0.00e+00	0.00e+00	0.00e+00	0.00e+00	0.00e+00	0.00e+00
 5.99062e+22	4.27e-05	4.12e-02	9.57e-01	1.58e-03	1.40e-04	0.00e+00	0.00e+00	0.00e+00	0.00e+00	0.00e+00	0.00e+00
 6.00493e+22	4.48e-05	4.18e-02	9.57e-01	1.49e-03	1.33e-04	0.00e+00	0.00e+00	0.00e+00	0.00e+00	0.00e+00	0.00e+00
 6.02057e+22	4.72e-05	4.26e-02	9.56e-01	1.40e-03	1.27e-04	0.00e+00	0.00e+00	0.00e+00	0.00e+00	0.00e+00	0.00e+00
 6.04091e+22	5.07e-05	4.37e-02	9.55e-01	1.29e-03	1.18e-04	0.00e+00	0.00e+00	0.00e+00	0.00e+00	0.00e+00	0.00e+00
 6.06170e+22	5.51e-05	4.50e-02	9.54e-01	1.18e-03	1.09e-04	0.00e+00	0.00e+00	0.00e+00	0.00e+00	0.00e+00	0.00e+00
 6.07762e+22	5.87e-05	4.60e-02	9.53e-01	1.09e-03	1.02e-04	0.00e+00	0.00e+00	0.00e+00	0.00e+00	0.00e+00	0.00e+00
 6.09023e+22	6.20e-05	4.68e-02	9.52e-01	1.02e-03	9.63e-05	0.00e+00	0.00e+00	0.00e+00	0.00e+00	0.00e+00	0.00e+00
 6.10397e+22	6.59e-05	4.79e-02	9.51e-01	9.56e-04	9.08e-05	0.00e+00	0.00e+00	0.00e+00	0.00e+00	0.00e+00	0.00e+00
 6.12183e+22	7.19e-05	4.94e-02	9.50e-01	8.70e-04	8.36e-05	0.00e+00	0.00e+00	0.00e+00	0.00e+00	0.00e+00	0.00e+00
 6.14025e+22	7.90e-05	5.10e-02	9.48e-01	7.82e-04	7.59e-05	0.00e+00	0.00e+00	0.00e+00	0.00e+00	0.00e+00	0.00e+00
 6.15465e+22	8.59e-05	5.25e-02	9.47e-01	7.14e-04	6.99e-05	0.00e+00	0.00e+00	0.00e+00	0.00e+00	0.00e+00	0.00e+00
 6.16641e+22	9.23e-05	5.39e-02	9.45e-01	6.62e-04	6.53e-05	0.00e+00	0.00e+00	0.00e+00	0.00e+00	0.00e+00	0.00e+00
 6.17945e+22	1.00e-04	5.55e-02	9.44e-01	6.09e-04	6.05e-05	0.00e+00	0.00e+00	0.00e+00	0.00e+00	0.00e+00	0.00e+00
 6.19640e+22	1.13e-04	5.80e-02	9.41e-01	5.43e-04	5.44e-05	0.00e+00	0.00e+00	0.00e+00	0.00e+00	0.00e+00	0.00e+00
 6.21335e+22	1.27e-04	6.04e-02	9.39e-01	4.76e-04	4.82e-05	0.00e+00	0.00e+00	0.00e+00	0.00e+00	0.00e+00	0.00e+00
 6.22570e+22	1.41e-04	6.27e-02	9.37e-01	4.29e-04	4.37e-05	0.00e+00	0.00e+00	0.00e+00	0.00e+00	0.00e+00	0.00e+00
 6.23508e+22	1.53e-04	6.46e-02	9.35e-01	3.96e-04	4.06e-05	0.00e+00	0.00e+00	0.00e+00	0.00e+00	0.00e+00	0.00e+00
 6.24520e+22	1.68e-04	6.69e-02	9.32e-01	3.64e-04	3.75e-05	0.00e+00	0.00e+00	0.00e+00	0.00e+00	0.00e+00	0.00e+00
 6.25836e+22	1.93e-04	7.05e-02	9.29e-01	3.23e-04	3.35e-05	0.00e+00	0.00e+00	0.00e+00	0.00e+00	0.00e+00	0.00e+00
 6.27213e+22	2.24e-04	7.45e-02	9.25e-01	2.81e-04	2.93e-05	0.00e+00	0.00e+00	0.00e+00	0.00e+00	0.00e+00	0.00e+00
 6.28304e+22	2.56e-04	7.82e-02	9.21e-01	2.49e-04	2.61e-05	0.00e+00	0.00e+00	0.00e+00	0.00e+00	0.00e+00	0.00e+00
 6.29105e+22	2.85e-04	8.12e-02	9.18e-01	2.27e-04	2.39e-05	0.00e+00	0.00e+00	0.00e+00	0.00e+00	0.00e+00	0.00e+00
 6.29896e+22	3.18e-04	8.47e-02	9.15e-01	2.09e-04	2.20e-05	0.00e+00	0.00e+00	0.00e+00	0.00e+00	0.00e+00	0.00e+00
 6.30924e+22	3.68e-04	8.96e-02	9.10e-01	1.85e-04	1.97e-05	0.00e+00	0.00e+00	0.00e+00	0.00e+00	0.00e+00	0.00e+00
 6.31941e+22	4.33e-04	9.50e-02	9.04e-01	1.62e-04	1.72e-05	0.00e+00	0.00e+00	0.00e+00	0.00e+00	0.00e+00	0.00e+00
 6.32658e+22	4.95e-04	9.97e-02	9.00e-01	1.46e-04	1.55e-05	0.00e+00	0.00e+00	0.00e+00	0.00e+00	0.00e+00	0.00e+00
 6.33182e+22	5.44e-04	1.03e-01	8.96e-01	1.36e-04	1.45e-05	0.00e+00	0.00e+00	0.00e+00	0.00e+00	0.00e+00	0.00e+00
 6.33740e+22	6.06e-04	1.08e-01	8.92e-01	1.26e-04	1.35e-05	0.00e+00	0.00e+00	0.00e+00	0.00e+00	0.00e+00	0.00e+00
 6.34465e+22	7.02e-04	1.14e-01	8.85e-01	1.14e-04	1.22e-05	0.00e+00	0.00e+00	0.00e+00	0.00e+00	0.00e+00	0.00e+00
 6.35232e+22	8.27e-04	1.21e-01	8.78e-01	1.01e-04	1.08e-05	0.00e+00	0.00e+00	0.00e+00	0.00e+00	0.00e+00	0.00e+00
 6.35851e+22	9.62e-04	1.28e-01	8.71e-01	9.09e-05	9.76e-06	0.00e+00	0.00e+00	0.00e+00	0.00e+00	0.00e+00	0.00e+00
 6.36338e+22	1.08e-03	1.33e-01	8.65e-01	8.41e-05	9.04e-06	0.00e+00	0.00e+00	0.00e+00	0.00e+00	0.00e+00	0.00e+00
 6.36854e+22	1.24e-03	1.41e-01	8.58e-01	7.76e-05	8.34e-06	0.00e+00	0.00e+00	0.00e+00	0.00e+00	0.00e+00	0.00e+00
 6.37525e+22	1.48e-03	1.51e-01	8.48e-01	6.94e-05	7.46e-06	0.00e+00	0.00e+00	0.00e+00	0.00e+00	0.00e+00	0.00e+00
 6.38218e+22	1.80e-03	1.61e-01	8.37e-01	6.10e-05	6.56e-06	0.00e+00	0.00e+00	0.00e+00	0.00e+00	0.00e+00	0.00e+00
 6.38756e+22	2.14e-03	1.71e-01	8.26e-01	5.51e-05	5.91e-06	0.00e+00	0.00e+00	0.00e+00	0.00e+00	0.00e+00	0.00e+00
 6.39187e+22	2.46e-03	1.81e-01	8.17e-01	5.11e-05	5.48e-06	0.00e+00	0.00e+00	0.00e+00	0.00e+00	0.00e+00	0.00e+00
 6.39552e+22	2.80e-03	1.89e-01	8.08e-01	4.79e-05	5.12e-06	0.00e+00	0.00e+00	0.00e+00	0.00e+00	0.00e+00	0.00e+00
 6.39842e+22	3.11e-03	1.96e-01	8.01e-01	4.55e-05	4.86e-06	0.00e+00	0.00e+00	0.00e+00	0.00e+00	0.00e+00	0.00e+00
 6.40119e+22	3.44e-03	2.04e-01	7.93e-01	4.34e-05	4.62e-06	0.00e+00	0.00e+00	0.00e+00	0.00e+00	0.00e+00	0.00e+00
 6.40439e+22	3.89e-03	2.13e-01	7.83e-01	4.09e-05	4.36e-06	0.00e+00	0.00e+00	0.00e+00	0.00e+00	0.00e+00	0.00e+00
 6.40794e+22	4.41e-03	2.23e-01	7.73e-01	3.83e-05	4.07e-06	0.00e+00	0.00e+00	0.00e+00	0.00e+00	0.00e+00	0.00e+00
 6.41145e+22	5.04e-03	2.33e-01	7.61e-01	3.59e-05	3.80e-06	0.00e+00	0.00e+00	0.00e+00	0.00e+00	0.00e+00	0.00e+00
 6.41477e+22	5.76e-03	2.45e-01	7.50e-01	3.38e-05	3.56e-06	0.00e+00	0.00e+00	0.00e+00	0.00e+00	0.00e+00	0.00e+00
 6.41797e+22	6.58e-03	2.56e-01	7.37e-01	3.18e-05	3.35e-06	0.00e+00	0.00e+00	0.00e+00	0.00e+00	0.00e+00	0.00e+00
 6.42110e+22	7.50e-03	2.68e-01	7.24e-01	3.01e-05	3.15e-06	0.00e+00	0.00e+00	0.00e+00	0.00e+00	0.00e+00	0.00e+00
 6.42406e+22	8.50e-03	2.80e-01	7.12e-01	2.85e-05	2.98e-06	0.00e+00	0.00e+00	0.00e+00	0.00e+00	0.00e+00	0.00e+00
 6.42626e+22	9.30e-03	2.87e-01	7.03e-01	2.75e-05	2.86e-06	0.00e+00	0.00e+00	0.00e+00	0.00e+00	0.00e+00	0.00e+00
 6.42766e+22	9.98e-03	2.94e-01	6.96e-01	2.69e-05	2.79e-06	0.00e+00	0.00e+00	0.00e+00	0.00e+00	0.00e+00	0.00e+00
 6.42904e+22	1.07e-02	3.02e-01	6.88e-01	2.63e-05	2.72e-06	0.00e+00	0.00e+00	0.00e+00	0.00e+00	0.00e+00	0.00e+00
 6.43084e+22	1.17e-02	3.11e-01	6.78e-01	2.55e-05	2.63e-06	0.00e+00	0.00e+00	0.00e+00	0.00e+00	0.00e+00	0.00e+00
 6.43283e+22	1.27e-02	3.20e-01	6.67e-01	2.46e-05	2.53e-06	0.00e+00	0.00e+00	0.00e+00	0.00e+00	0.00e+00	0.00e+00
 6.43455e+22	1.37e-02	3.28e-01	6.59e-01	2.39e-05	2.45e-06	0.00e+00	0.00e+00	0.00e+00	0.00e+00	0.00e+00	0.00e+00
 6.43597e+22	1.47e-02	3.35e-01	6.50e-01	2.34e-05	2.38e-06	0.00e+00	0.00e+00	0.00e+00	0.00e+00	0.00e+00	0.00e+00
 6.43741e+22	1.59e-02	3.43e-01	6.41e-01	2.28e-05	2.32e-06	0.00e+00	0.00e+00	0.00e+00	0.00e+00	0.00e+00	0.00e+00
 6.43909e+22	1.72e-02	3.52e-01	6.30e-01	2.22e-05	2.24e-06	0.00e+00	0.00e+00	0.00e+00	0.00e+00	0.00e+00	0.00e+00
 6.44082e+22	1.86e-02	3.61e-01	6.20e-01	2.15e-05	2.17e-06	0.00e+00	0.00e+00	0.00e+00	0.00e+00	0.00e+00	0.00e+00
 6.44235e+22	1.99e-02	3.69e-01	6.11e-01	2.10e-05	2.10e-06	0.00e+00	0.00e+00	0.00e+00	0.00e+00	0.00e+00	0.00e+00
 6.44375e+22	2.14e-02	3.77e-01	6.01e-01	2.05e-05	2.05e-06	0.00e+00	0.00e+00	0.00e+00	0.00e+00	0.00e+00	0.00e+00
 6.44522e+22	2.30e-02	3.86e-01	5.91e-01	2.00e-05	1.99e-06	0.00e+00	0.00e+00	0.00e+00	0.00e+00	0.00e+00	0.00e+00
 6.44681e+22	2.48e-02	3.95e-01	5.80e-01	1.95e-05	1.93e-06	0.00e+00	0.00e+00	0.00e+00	0.00e+00	0.00e+00	0.00e+00
 6.44839e+22	2.68e-02	4.03e-01	5.70e-01	1.90e-05	1.87e-06	0.00e+00	0.00e+00	0.00e+00	0.00e+00	0.00e+00	0.00e+00
 6.44983e+22	2.87e-02	4.11e-01	5.60e-01	1.86e-05	1.81e-06	0.00e+00	0.00e+00	0.00e+00	0.00e+00	0.00e+00	0.00e+00
 6.45121e+22	3.07e-02	4.20e-01	5.49e-01	1.82e-05	1.76e-06	0.00e+00	0.00e+00	0.00e+00	0.00e+00	0.00e+00	0.00e+00
 6.45268e+22	3.30e-02	4.28e-01	5.39e-01	1.78e-05	1.71e-06	0.00e+00	0.00e+00	0.00e+00	0.00e+00	0.00e+00	0.00e+00
 6.45426e+22	3.56e-02	4.38e-01	5.27e-01	1.73e-05	1.66e-06	0.00e+00	0.00e+00	0.00e+00	0.00e+00	0.00e+00	0.00e+00
 6.45578e+22	3.82e-02	4.46e-01	5.16e-01	1.70e-05	1.61e-06	0.00e+00	0.00e+00	0.00e+00	0.00e+00	0.00e+00	0.00e+00
 6.45713e+22	4.08e-02	4.54e-01	5.05e-01	1.66e-05	1.56e-06	0.00e+00	0.00e+00	0.00e+00	0.00e+00	0.00e+00	0.00e+00
 6.45849e+22	4.37e-02	4.62e-01	4.94e-01	1.63e-05	1.52e-06	0.00e+00	0.00e+00	0.00e+00	0.00e+00	0.00e+00	0.00e+00
 6.45999e+22	4.70e-02	4.71e-01	4.82e-01	1.59e-05	1.47e-06	0.00e+00	0.00e+00	0.00e+00	0.00e+00	0.00e+00	0.00e+00
 6.46154e+22	5.05e-02	4.79e-01	4.71e-01	1.56e-05	1.42e-06	0.00e+00	0.00e+00	0.00e+00	0.00e+00	0.00e+00	0.00e+00
 6.46297e+22	5.39e-02	4.86e-01	4.60e-01	1.52e-05	1.38e-06	0.00e+00	0.00e+00	0.00e+00	0.00e+00	0.00e+00	0.00e+00
 6.46429e+22	5.75e-02	4.94e-01	4.49e-01	1.50e-05	1.34e-06	0.00e+00	0.00e+00	0.00e+00	0.00e+00	0.00e+00	0.00e+00
 6.46567e+22	6.14e-02	5.01e-01	4.38e-01	1.47e-05	1.30e-06	0.00e+00	0.00e+00	0.00e+00	0.00e+00	0.00e+00	0.00e+00
 6.46716e+22	6.57e-02	5.08e-01	4.26e-01	1.44e-05	1.26e-06	0.00e+00	0.00e+00	0.00e+00	0.00e+00	0.00e+00	0.00e+00
 6.46862e+22	7.01e-02	5.15e-01	4.15e-01	1.41e-05	1.22e-06	0.00e+00	0.00e+00	0.00e+00	0.00e+00	0.00e+00	0.00e+00
 6.46996e+22	7.44e-02	5.21e-01	4.05e-01	1.39e-05	1.18e-06	0.00e+00	0.00e+00	0.00e+00	0.00e+00	0.00e+00	0.00e+00
 6.47125e+22	7.88e-02	5.27e-01	3.94e-01	1.36e-05	1.15e-06	0.00e+00	0.00e+00	0.00e+00	0.00e+00	0.00e+00	0.00e+00
 6.47263e+22	8.38e-02	5.33e-01	3.84e-01	1.34e-05	1.11e-06	0.00e+00	0.00e+00	0.00e+00	0.00e+00	0.00e+00	0.00e+00
 6.47407e+22	8.90e-02	5.38e-01	3.73e-01	1.32e-05	1.08e-06	0.00e+00	0.00e+00	0.00e+00	0.00e+00	0.00e+00	0.00e+00
 6.47546e+22	9.40e-02	5.43e-01	3.63e-01	1.30e-05	1.04e-06	0.00e+00	0.00e+00	0.00e+00	0.00e+00	0.00e+00	0.00e+00
 6.47676e+22	9.91e-02	5.47e-01	3.54e-01	1.28e-05	1.01e-06	0.00e+00	0.00e+00	0.00e+00	0.00e+00	0.00e+00	0.00e+00
 6.47807e+22	1.05e-01	5.51e-01	3.44e-01	1.26e-05	9.81e-07	0.00e+00	0.00e+00	0.00e+00	0.00e+00	0.00e+00	0.00e+00
 6.47948e+22	1.10e-01	5.55e-01	3.34e-01	1.24e-05	0.00e+00	0.00e+00	0.00e+00	0.00e+00	0.00e+00	0.00e+00	0.00e+00
 6.48093e+22	1.16e-01	5.58e-01	3.25e-01	1.22e-05	0.00e+00	0.00e+00	0.00e+00	0.00e+00	0.00e+00	0.00e+00	0.00e+00
 6.48230e+22	1.22e-01	5.61e-01	3.17e-01	1.21e-05	0.00e+00	0.00e+00	0.00e+00	0.00e+00	0.00e+00	0.00e+00	0.00e+00
 6.48363e+22	1.28e-01	5.64e-01	3.08e-01	1.18e-05	0.00e+00	0.00e+00	0.00e+00	0.00e+00	0.00e+00	0.00e+00	0.00e+00
 6.48502e+22	1.34e-01	5.66e-01	3.00e-01	1.15e-05	0.00e+00	0.00e+00	0.00e+00	0.00e+00	0.00e+00	0.00e+00	0.00e+00
 6.48647e+22	1.40e-01	5.68e-01	2.92e-01	1.12e-05	0.00e+00	0.00e+00	0.00e+00	0.00e+00	0.00e+00	0.00e+00	0.00e+00
 6.48792e+22	1.46e-01	5.70e-01	2.84e-01	1.09e-05	0.00e+00	0.00e+00	0.00e+00	0.00e+00	0.00e+00	0.00e+00	0.00e+00
 6.48936e+22	1.52e-01	5.71e-01	2.77e-01	1.07e-05	0.00e+00	0.00e+00	0.00e+00	0.00e+00	0.00e+00	0.00e+00	0.00e+00
 6.49076e+22	1.58e-01	5.72e-01	2.70e-01	1.04e-05	0.00e+00	0.00e+00	0.00e+00	0.00e+00	0.00e+00	0.00e+00	0.00e+00
 6.49215e+22	1.64e-01	5.72e-01	2.63e-01	1.02e-05	0.00e+00	0.00e+00	0.00e+00	0.00e+00	0.00e+00	0.00e+00	0.00e+00
 6.49353e+22	1.70e-01	5.73e-01	2.57e-01	1.00e-05	0.00e+00	0.00e+00	0.00e+00	0.00e+00	0.00e+00	0.00e+00	0.00e+00
 6.49491e+22	1.76e-01	5.73e-01	2.51e-01	9.81e-06	0.00e+00	0.00e+00	0.00e+00	0.00e+00	0.00e+00	0.00e+00	0.00e+00
 6.49631e+22	1.81e-01	5.73e-01	2.46e-01	9.62e-06	0.00e+00	0.00e+00	0.00e+00	0.00e+00	0.00e+00	0.00e+00	0.00e+00
 6.49773e+22	1.87e-01	5.73e-01	2.40e-01	9.44e-06	0.00e+00	0.00e+00	0.00e+00	0.00e+00	0.00e+00	0.00e+00	0.00e+00
 6.49917e+22	1.92e-01	5.73e-01	2.35e-01	9.26e-06	0.00e+00	0.00e+00	0.00e+00	0.00e+00	0.00e+00	0.00e+00	0.00e+00
 6.50064e+22	1.98e-01	5.72e-01	2.30e-01	9.10e-06	0.00e+00	0.00e+00	0.00e+00	0.00e+00	0.00e+00	0.00e+00	0.00e+00
 6.50214e+22	2.03e-01	5.72e-01	2.25e-01	8.94e-06	0.00e+00	0.00e+00	0.00e+00	0.00e+00	0.00e+00	0.00e+00	0.00e+00
 6.50367e+22	2.08e-01	5.71e-01	2.21e-01	8.78e-06	0.00e+00	0.00e+00	0.00e+00	0.00e+00	0.00e+00	0.00e+00	0.00e+00
 6.50520e+22	2.13e-01	5.70e-01	2.17e-01	8.64e-06	0.00e+00	0.00e+00	0.00e+00	0.00e+00	0.00e+00	0.00e+00	0.00e+00
 6.50679e+22	2.18e-01	5.69e-01	2.12e-01	8.50e-06	0.00e+00	0.00e+00	0.00e+00	0.00e+00	0.00e+00	0.00e+00	0.00e+00
 6.50849e+22	2.23e-01	5.69e-01	2.09e-01	8.37e-06	0.00e+00	0.00e+00	0.00e+00	0.00e+00	0.00e+00	0.00e+00	0.00e+00
 6.51014e+22	2.27e-01	5.68e-01	2.05e-01	8.24e-06	0.00e+00	0.00e+00	0.00e+00	0.00e+00	0.00e+00	0.00e+00	0.00e+00
 6.51164e+22	2.31e-01	5.67e-01	2.02e-01	8.14e-06	0.00e+00	0.00e+00	0.00e+00	0.00e+00	0.00e+00	0.00e+00	0.00e+00
 6.51301e+22	2.36e-01	5.66e-01	1.99e-01	8.03e-06	0.00e+00	0.00e+00	0.00e+00	0.00e+00	0.00e+00	0.00e+00	0.00e+00
 6.51425e+22	2.39e-01	5.65e-01	1.96e-01	7.95e-06	0.00e+00	0.00e+00	0.00e+00	0.00e+00	0.00e+00	0.00e+00	0.00e+00
 6.51561e+22	2.43e-01	5.64e-01	1.93e-01	7.85e-06	0.00e+00	0.00e+00	0.00e+00	0.00e+00	0.00e+00	0.00e+00	0.00e+00
 6.51708e+22	2.45e-01	5.64e-01	1.91e-01	7.78e-06	0.00e+00	0.00e+00	0.00e+00	0.00e+00	0.00e+00	0.00e+00	0.00e+00
 6.51869e+22	2.49e-01	5.63e-01	1.89e-01	7.69e-06	0.00e+00	0.00e+00	0.00e+00	0.00e+00	0.00e+00	0.00e+00	0.00e+00
 6.52079e+22	2.52e-01	5.62e-01	1.86e-01	7.61e-06	0.00e+00	0.00e+00	0.00e+00	0.00e+00	0.00e+00	0.00e+00	0.00e+00
 6.52305e+22	2.55e-01	5.61e-01	1.84e-01	7.54e-06	0.00e+00	0.00e+00	0.00e+00	0.00e+00	0.00e+00	0.00e+00	0.00e+00
 6.52510e+22	2.57e-01	5.60e-01	1.83e-01	7.47e-06	0.00e+00	0.00e+00	0.00e+00	0.00e+00	0.00e+00	0.00e+00	0.00e+00
 6.52736e+22	2.61e-01	5.59e-01	1.80e-01	7.38e-06	0.00e+00	0.00e+00	0.00e+00	0.00e+00	0.00e+00	0.00e+00	0.00e+00
 6.53029e+22	2.65e-01	5.58e-01	1.78e-01	7.29e-06	0.00e+00	0.00e+00	0.00e+00	0.00e+00	0.00e+00	0.00e+00	0.00e+00
 6.53345e+22	2.67e-01	5.57e-01	1.76e-01	7.23e-06	0.00e+00	0.00e+00	0.00e+00	0.00e+00	0.00e+00	0.00e+00	0.00e+00
 6.53692e+22	2.71e-01	5.56e-01	1.73e-01	7.13e-06	0.00e+00	0.00e+00	0.00e+00	0.00e+00	0.00e+00	0.00e+00	0.00e+00
 6.54105e+22	2.73e-01	5.55e-01	1.72e-01	7.07e-06	0.00e+00	0.00e+00	0.00e+00	0.00e+00	0.00e+00	0.00e+00	0.00e+00
 6.54538e+22	2.75e-01	5.54e-01	1.71e-01	7.01e-06	0.00e+00	0.00e+00	0.00e+00	0.00e+00	0.00e+00	0.00e+00	0.00e+00
 6.55036e+22	2.79e-01	5.53e-01	1.68e-01	6.91e-06	0.00e+00	0.00e+00	0.00e+00	0.00e+00	0.00e+00	0.00e+00	0.00e+00
 6.55684e+22	2.82e-01	5.52e-01	1.66e-01	6.82e-06	0.00e+00	0.00e+00	0.00e+00	0.00e+00	0.00e+00	0.00e+00	0.00e+00
 6.56383e+22	2.84e-01	5.51e-01	1.65e-01	6.76e-06	0.00e+00	0.00e+00	0.00e+00	0.00e+00	0.00e+00	0.00e+00	0.00e+00
 6.57149e+22	2.87e-01	5.50e-01	1.63e-01	6.67e-06	0.00e+00	0.00e+00	0.00e+00	0.00e+00	0.00e+00	0.00e+00	0.00e+00
 6.58145e+22	2.91e-01	5.49e-01	1.60e-01	6.55e-06	0.00e+00	0.00e+00	0.00e+00	0.00e+00	0.00e+00	0.00e+00	0.00e+00
 6.59220e+22	2.94e-01	5.48e-01	1.58e-01	6.47e-06	0.00e+00	0.00e+00	0.00e+00	0.00e+00	0.00e+00	0.00e+00	0.00e+00
 6.60398e+22	2.98e-01	5.46e-01	1.56e-01	6.36e-06	0.00e+00	0.00e+00	0.00e+00	0.00e+00	0.00e+00	0.00e+00	0.00e+00
 6.61930e+22	3.03e-01	5.44e-01	1.53e-01	6.22e-06	0.00e+00	0.00e+00	0.00e+00	0.00e+00	0.00e+00	0.00e+00	0.00e+00
 6.63583e+22	3.06e-01	5.43e-01	1.51e-01	6.10e-06	0.00e+00	0.00e+00	0.00e+00	0.00e+00	0.00e+00	0.00e+00	0.00e+00
 6.65395e+22	3.12e-01	5.41e-01	1.47e-01	5.94e-06	0.00e+00	0.00e+00	0.00e+00	0.00e+00	0.00e+00	0.00e+00	0.00e+00
 6.67351e+22	3.17e-01	5.39e-01	1.45e-01	5.81e-06	0.00e+00	0.00e+00	0.00e+00	0.00e+00	0.00e+00	0.00e+00	0.00e+00
 6.69494e+22	3.23e-01	5.36e-01	1.41e-01	5.63e-06	0.00e+00	0.00e+00	0.00e+00	0.00e+00	0.00e+00	0.00e+00	0.00e+00
 6.71808e+22	3.29e-01	5.33e-01	1.38e-01	5.49e-06	0.00e+00	0.00e+00	0.00e+00	0.00e+00	0.00e+00	0.00e+00	0.00e+00
 6.73914e+22	3.34e-01	5.31e-01	1.35e-01	5.36e-06	0.00e+00	0.00e+00	0.00e+00	0.00e+00	0.00e+00	0.00e+00	0.00e+00
 6.76222e+22	3.41e-01	5.28e-01	1.31e-01	5.19e-06	0.00e+00	0.00e+00	0.00e+00	0.00e+00	0.00e+00	0.00e+00	0.00e+00
 6.78713e+22	3.47e-01	5.25e-01	1.28e-01	5.05e-06	0.00e+00	0.00e+00	0.00e+00	0.00e+00	0.00e+00	0.00e+00	0.00e+00
 6.80979e+22	3.52e-01	5.22e-01	1.26e-01	4.92e-06	0.00e+00	0.00e+00	0.00e+00	0.00e+00	0.00e+00	0.00e+00	0.00e+00
 6.83042e+22	3.57e-01	5.20e-01	1.24e-01	4.81e-06	0.00e+00	0.00e+00	0.00e+00	0.00e+00	0.00e+00	0.00e+00	0.00e+00
 6.84919e+22	3.61e-01	5.18e-01	1.21e-01	4.71e-06	0.00e+00	0.00e+00	0.00e+00	0.00e+00	0.00e+00	0.00e+00	0.00e+00
 6.86976e+22	3.68e-01	5.14e-01	1.18e-01	4.58e-06	0.00e+00	0.00e+00	0.00e+00	0.00e+00	0.00e+00	0.00e+00	0.00e+00
 6.89197e+22	3.74e-01	5.11e-01	1.16e-01	4.47e-06	0.00e+00	0.00e+00	0.00e+00	0.00e+00	0.00e+00	0.00e+00	0.00e+00
 6.91218e+22	3.78e-01	5.08e-01	1.13e-01	4.37e-06	0.00e+00	0.00e+00	0.00e+00	0.00e+00	0.00e+00	0.00e+00	0.00e+00
 6.93432e+22	3.86e-01	5.04e-01	1.10e-01	4.24e-06	0.00e+00	0.00e+00	0.00e+00	0.00e+00	0.00e+00	0.00e+00	0.00e+00
 6.95823e+22	3.91e-01	5.01e-01	1.08e-01	4.13e-06	0.00e+00	0.00e+00	0.00e+00	0.00e+00	0.00e+00	0.00e+00	0.00e+00
 6.97999e+22	3.96e-01	4.98e-01	1.06e-01	4.04e-06	0.00e+00	0.00e+00	0.00e+00	0.00e+00	0.00e+00	0.00e+00	0.00e+00
 6.99978e+22	4.01e-01	4.96e-01	1.04e-01	3.96e-06	0.00e+00	0.00e+00	0.00e+00	0.00e+00	0.00e+00	0.00e+00	0.00e+00
 7.02148e+22	4.08e-01	4.91e-01	1.01e-01	3.84e-06	0.00e+00	0.00e+00	0.00e+00	0.00e+00	0.00e+00	0.00e+00	0.00e+00
 7.04490e+22	4.13e-01	4.88e-01	9.87e-02	3.75e-06	0.00e+00	0.00e+00	0.00e+00	0.00e+00	0.00e+00	0.00e+00	0.00e+00
 7.06621e+22	4.18e-01	4.85e-01	9.69e-02	3.67e-06	0.00e+00	0.00e+00	0.00e+00	0.00e+00	0.00e+00	0.00e+00	0.00e+00
 7.08956e+22	4.25e-01	4.81e-01	9.41e-02	3.56e-06	0.00e+00	0.00e+00	0.00e+00	0.00e+00	0.00e+00	0.00e+00	0.00e+00
 7.11477e+22	4.31e-01	4.77e-01	9.20e-02	3.47e-06	0.00e+00	0.00e+00	0.00e+00	0.00e+00	0.00e+00	0.00e+00	0.00e+00
 7.13772e+22	4.36e-01	4.74e-01	9.02e-02	3.39e-06	0.00e+00	0.00e+00	0.00e+00	0.00e+00	0.00e+00	0.00e+00	0.00e+00
 7.16286e+22	4.43e-01	4.69e-01	8.75e-02	3.29e-06	0.00e+00	0.00e+00	0.00e+00	0.00e+00	0.00e+00	0.00e+00	0.00e+00
 7.19000e+22	4.49e-01	4.66e-01	8.56e-02	3.21e-06	0.00e+00	0.00e+00	0.00e+00	0.00e+00	0.00e+00	0.00e+00	0.00e+00
 7.21470e+22	4.53e-01	4.63e-01	8.41e-02	3.14e-06	0.00e+00	0.00e+00	0.00e+00	0.00e+00	0.00e+00	0.00e+00	0.00e+00
 7.24176e+22	4.60e-01	4.58e-01	8.17e-02	3.05e-06	0.00e+00	0.00e+00	0.00e+00	0.00e+00	0.00e+00	0.00e+00	0.00e+00
 7.27098e+22	4.66e-01	4.54e-01	7.99e-02	2.97e-06	0.00e+00	0.00e+00	0.00e+00	0.00e+00	0.00e+00	0.00e+00	0.00e+00
 7.29757e+22	4.70e-01	4.51e-01	7.85e-02	2.90e-06	0.00e+00	0.00e+00	0.00e+00	0.00e+00	0.00e+00	0.00e+00	0.00e+00
 7.32671e+22	4.78e-01	4.46e-01	7.61e-02	2.81e-06	0.00e+00	0.00e+00	0.00e+00	0.00e+00	0.00e+00	0.00e+00	0.00e+00
 7.35816e+22	4.83e-01	4.42e-01	7.44e-02	2.74e-06	0.00e+00	0.00e+00	0.00e+00	0.00e+00	0.00e+00	0.00e+00	0.00e+00
 7.38679e+22	4.88e-01	4.39e-01	7.30e-02	2.68e-06	0.00e+00	0.00e+00	0.00e+00	0.00e+00	0.00e+00	0.00e+00	0.00e+00
 7.41815e+22	4.95e-01	4.34e-01	7.08e-02	2.59e-06	0.00e+00	0.00e+00	0.00e+00	0.00e+00	0.00e+00	0.00e+00	0.00e+00
 7.45202e+22	5.01e-01	4.30e-01	6.91e-02	2.52e-06	0.00e+00	0.00e+00	0.00e+00	0.00e+00	0.00e+00	0.00e+00	0.00e+00
 7.48283e+22	5.06e-01	4.26e-01	6.76e-02	2.46e-06	0.00e+00	0.00e+00	0.00e+00	0.00e+00	0.00e+00	0.00e+00	0.00e+00
 7.51087e+22	5.10e-01	4.23e-01	6.66e-02	2.41e-06	0.00e+00	0.00e+00	0.00e+00	0.00e+00	0.00e+00	0.00e+00	0.00e+00
 7.54160e+22	5.17e-01	4.18e-01	6.46e-02	2.34e-06	0.00e+00	0.00e+00	0.00e+00	0.00e+00	0.00e+00	0.00e+00	0.00e+00
 7.57477e+22	5.23e-01	4.14e-01	6.32e-02	2.27e-06	0.00e+00	0.00e+00	0.00e+00	0.00e+00	0.00e+00	0.00e+00	0.00e+00
 7.60496e+22	5.27e-01	4.11e-01	6.21e-02	2.23e-06	0.00e+00	0.00e+00	0.00e+00	0.00e+00	0.00e+00	0.00e+00	0.00e+00
 7.63804e+22	5.34e-01	4.06e-01	6.03e-02	2.16e-06	0.00e+00	0.00e+00	0.00e+00	0.00e+00	0.00e+00	0.00e+00	0.00e+00
 7.67375e+22	5.39e-01	4.02e-01	5.90e-02	2.10e-06	0.00e+00	0.00e+00	0.00e+00	0.00e+00	0.00e+00	0.00e+00	0.00e+00
 7.70625e+22	5.44e-01	3.98e-01	5.79e-02	2.05e-06	0.00e+00	0.00e+00	0.00e+00	0.00e+00	0.00e+00	0.00e+00	0.00e+00
 7.74186e+22	5.51e-01	3.93e-01	5.63e-02	1.99e-06	0.00e+00	0.00e+00	0.00e+00	0.00e+00	0.00e+00	0.00e+00	0.00e+00
 7.78030e+22	5.56e-01	3.89e-01	5.50e-02	1.94e-06	0.00e+00	0.00e+00	0.00e+00	0.00e+00	0.00e+00	0.00e+00	0.00e+00
 7.81529e+22	5.61e-01	3.85e-01	5.40e-02	1.89e-06	0.00e+00	0.00e+00	0.00e+00	0.00e+00	0.00e+00	0.00e+00	0.00e+00
 7.85362e+22	5.68e-01	3.80e-01	5.24e-02	1.83e-06	0.00e+00	0.00e+00	0.00e+00	0.00e+00	0.00e+00	0.00e+00	0.00e+00
 7.89501e+22	5.73e-01	3.76e-01	5.12e-02	1.78e-06	0.00e+00	0.00e+00	0.00e+00	0.00e+00	0.00e+00	0.00e+00	0.00e+00
 7.93267e+22	5.79e-01	3.71e-01	5.00e-02	1.73e-06	0.00e+00	0.00e+00	0.00e+00	0.00e+00	0.00e+00	0.00e+00	0.00e+00
 7.96694e+22	5.82e-01	3.69e-01	4.93e-02	1.70e-06	0.00e+00	0.00e+00	0.00e+00	0.00e+00	0.00e+00	0.00e+00	0.00e+00
 8.00450e+22	5.88e-01	3.64e-01	4.80e-02	1.65e-06	0.00e+00	0.00e+00	0.00e+00	0.00e+00	0.00e+00	0.00e+00	0.00e+00
 8.04504e+22	5.93e-01	3.60e-01	4.70e-02	1.61e-06	0.00e+00	0.00e+00	0.00e+00	0.00e+00	0.00e+00	0.00e+00	0.00e+00
 8.08947e+22	6.00e-01	3.54e-01	4.57e-02	1.55e-06	0.00e+00	0.00e+00	0.00e+00	0.00e+00	0.00e+00	0.00e+00	0.00e+00
 8.13744e+22	6.06e-01	3.50e-01	4.46e-02	1.51e-06	0.00e+00	0.00e+00	0.00e+00	0.00e+00	0.00e+00	0.00e+00	0.00e+00
 8.18108e+22	6.11e-01	3.45e-01	4.36e-02	1.46e-06	0.00e+00	0.00e+00	0.00e+00	0.00e+00	0.00e+00	0.00e+00	0.00e+00
 8.22080e+22	6.15e-01	3.42e-01	4.29e-02	1.43e-06	0.00e+00	0.00e+00	0.00e+00	0.00e+00	0.00e+00	0.00e+00	0.00e+00
 8.26433e+22	6.20e-01	3.38e-01	4.19e-02	1.39e-06	0.00e+00	0.00e+00	0.00e+00	0.00e+00	0.00e+00	0.00e+00	0.00e+00
 8.31131e+22	6.25e-01	3.34e-01	4.10e-02	1.35e-06	0.00e+00	0.00e+00	0.00e+00	0.00e+00	0.00e+00	0.00e+00	0.00e+00
 8.35407e+22	6.30e-01	3.30e-01	4.01e-02	1.32e-06	0.00e+00	0.00e+00	0.00e+00	0.00e+00	0.00e+00	0.00e+00	0.00e+00
 8.39298e+22	6.33e-01	3.27e-01	3.96e-02	1.29e-06	0.00e+00	0.00e+00	0.00e+00	0.00e+00	0.00e+00	0.00e+00	0.00e+00
 8.43562e+22	6.39e-01	3.22e-01	3.86e-02	1.25e-06	0.00e+00	0.00e+00	0.00e+00	0.00e+00	0.00e+00	0.00e+00	0.00e+00
