#depth	H	H+	H2
 5.45234e+19	7.35e-06	1.00e+00	1.17e-25
 1.72941e+20	8.05e-06	1.00e+00	1.24e-25
 3.03286e+20	8.88e-06	1.00e+00	2.08e-25
 4.38844e+20	9.78e-06	1.00e+00	3.41e-25
 5.39390e+20	1.05e-05	1.00e+00	4.67e-25
 5.89555e+20	1.08e-05	1.00e+00	5.40e-25
 6.32625e+20	1.11e-05	1.00e+00	6.18e-25
 6.88617e+20	1.15e-05	1.00e+00	7.30e-25
 7.61407e+20	1.20e-05	1.00e+00	9.14e-25
 8.43573e+20	1.27e-05	1.00e+00	1.15e-24
 9.21418e+20	1.33e-05	1.00e+00	1.42e-24
 1.00611e+21	1.39e-05	1.00e+00	1.78e-24
 1.10104e+21	1.47e-05	1.00e+00	2.27e-24
 1.18893e+21	1.54e-05	1.00e+00	2.82e-24
 1.28281e+21	1.62e-05	1.00e+00	3.54e-24
 1.40486e+21	1.73e-05	1.00e+00	4.73e-24
 1.52706e+21	1.84e-05	1.00e+00	6.17e-24
 1.62118e+21	1.92e-05	1.00e+00	7.49e-24
 1.71527e+21	2.01e-05	1.00e+00	9.16e-24
 1.83758e+21	2.13e-05	1.00e+00	1.19e-23
 1.96898e+21	2.26e-05	1.00e+00	1.54e-23
 2.08339e+21	2.38e-05	1.00e+00	1.91e-23
 2.20333e+21	2.51e-05	1.00e+00	2.40e-23
 2.35924e+21	2.68e-05	1.00e+00	3.21e-23
 2.50993e+21	2.84e-05	1.00e+00	4.13e-23
 2.62184e+21	2.97e-05	1.00e+00	4.97e-23
 2.73535e+21	3.11e-05	1.00e+00	6.02e-23
 2.88291e+21	3.28e-05	1.00e+00	7.70e-23
 3.04487e+21	3.48e-05	1.00e+00	9.93e-23
 3.19510e+21	3.67e-05	1.00e+00	1.24e-22
 3.33076e+21	3.85e-05	1.00e+00	1.52e-22
 3.47792e+21	4.05e-05	1.00e+00	1.89e-22
 3.66924e+21	4.32e-05	1.00e+00	2.51e-22
 3.86014e+21	4.58e-05	1.00e+00	3.24e-22
 4.00913e+21	4.80e-05	1.00e+00	3.94e-22
 4.16146e+21	5.03e-05	1.00e+00	4.83e-22
 4.35950e+21	5.34e-05	1.00e+00	6.30e-22
 4.56094e+21	5.65e-05	1.00e+00	8.06e-22
 4.72711e+21	5.92e-05	1.00e+00	9.85e-22
 4.90345e+21	6.21e-05	1.00e+00	1.22e-21
 5.13269e+21	6.61e-05	1.00e+00	1.62e-21
 5.36293e+21	7.01e-05	1.00e+00	2.10e-21
 5.55197e+21	7.35e-05	1.00e+00	2.59e-21
 5.75521e+21	7.73e-05	1.00e+00	3.26e-21
 6.01942e+21	8.24e-05	1.00e+00	4.39e-21
 6.28521e+21	8.75e-05	1.00e+00	5.77e-21
 6.50259e+21	9.18e-05	1.00e+00	7.21e-21
 6.73470e+21	9.67e-05	1.00e+00	9.23e-21
 6.99458e+21	1.02e-04	1.00e+00	1.20e-20
 7.23519e+21	1.07e-04	1.00e+00	1.52e-20
 7.45581e+21	1.12e-04	1.00e+00	1.88e-20
 7.70583e+21	1.18e-04	1.00e+00	2.42e-20
 7.98270e+21	1.24e-04	1.00e+00	3.16e-20
 8.23754e+21	1.30e-04	1.00e+00	4.07e-20
 8.47397e+21	1.35e-04	1.00e+00	5.06e-20
 8.74340e+21	1.42e-04	1.00e+00	6.55e-20
 9.03762e+21	1.49e-04	1.00e+00	8.54e-20
 9.30147e+21	1.55e-04	1.00e+00	1.08e-19
 9.54130e+21	1.61e-04	1.00e+00	1.34e-19
 9.81254e+21	1.68e-04	1.00e+00	1.72e-19
 1.01063e+22	1.74e-04	1.00e+00	2.24e-19
 1.03654e+22	1.80e-04	1.00e+00	2.81e-19
 1.05974e+22	1.85e-04	1.00e+00	3.47e-19
 1.08581e+22	1.92e-04	1.00e+00	4.45e-19
 1.11385e+22	1.97e-04	1.00e+00	5.78e-19
 1.13814e+22	2.02e-04	1.00e+00	7.27e-19
 1.15940e+22	2.06e-04	1.00e+00	8.96e-19
 1.18304e+22	2.12e-04	1.00e+00	1.16e-18
 1.20842e+22	2.16e-04	1.00e+00	1.53e-18
 1.22930e+22	2.20e-04	1.00e+00	1.95e-18
 1.24603e+22	2.23e-04	1.00e+00	2.40e-18
 1.26124e+22	2.26e-04	1.00e+00	2.97e-18
 1.27809e+22	2.31e-04	1.00e+00	3.84e-18
 1.29550e+22	2.35e-04	1.00e+00	4.99e-18
 1.30997e+22	2.39e-04	1.00e+00	6.41e-18
 1.32510e+22	2.45e-04	1.00e+00	8.57e-18
 1.34152e+22	2.51e-04	1.00e+00	1.19e-17
 1.35631e+22	2.57e-04	1.00e+00	1.66e-17
 1.37225e+22	2.64e-04	1.00e+00	2.45e-17
 1.38951e+22	2.73e-04	1.00e+00	3.81e-17
 1.40478e+22	2.82e-04	1.00e+00	5.73e-17
 1.41865e+22	2.91e-04	1.00e+00	8.32e-17
 1.43441e+22	3.02e-04	1.00e+00	1.27e-16
 1.45174e+22	3.14e-04	1.00e+00	2.00e-16
 1.46779e+22	3.26e-04	1.00e+00	2.77e-16
 1.48531e+22	3.41e-04	1.00e+00	4.00e-16
 1.50430e+22	3.57e-04	1.00e+00	5.49e-16
 1.52235e+22	3.72e-04	1.00e+00	6.98e-16
 1.54197e+22	3.90e-04	1.00e+00	8.60e-16
 1.56447e+22	4.11e-04	1.00e+00	1.06e-15
 1.58865e+22	4.35e-04	1.00e+00	1.30e-15
 1.61376e+22	4.60e-04	1.00e+00	1.59e-15
 1.64039e+22	4.87e-04	1.00e+00	1.95e-15
 1.66962e+22	5.18e-04	9.99e-01	2.39e-15
 1.70237e+22	5.55e-04	9.99e-01	3.01e-15
 1.73931e+22	5.98e-04	9.99e-01	3.83e-15
 1.77816e+22	6.47e-04	9.99e-01	4.89e-15
 1.82252e+22	7.07e-04	9.99e-01	6.43e-15
 1.87135e+22	7.80e-04	9.99e-01	8.59e-15
 1.91723e+22	8.55e-04	9.99e-01	1.12e-14
 1.96810e+22	9.50e-04	9.99e-01	1.53e-14
 2.03423e+22	1.09e-03	9.99e-01	2.26e-14
 2.10221e+22	1.27e-03	9.99e-01	3.41e-14
 2.15865e+22	1.46e-03	9.99e-01	4.87e-14
 2.20882e+22	1.66e-03	9.98e-01	6.79e-14
 2.26478e+22	1.93e-03	9.98e-01	9.98e-14
 2.31248e+22	2.23e-03	9.98e-01	1.41e-13
 2.33668e+22	2.41e-03	9.98e-01	1.71e-13
 2.35538e+22	2.56e-03	9.97e-01	1.97e-13
 2.37969e+22	2.78e-03	9.97e-01	2.41e-13
 2.40686e+22	3.06e-03	9.97e-01	3.01e-13
 2.43050e+22	3.35e-03	9.97e-01	3.72e-13
 2.44900e+22	3.61e-03	9.96e-01	4.40e-13
 2.46560e+22	3.86e-03	9.96e-01	5.15e-13
 2.48466e+22	4.18e-03	9.96e-01	6.18e-13
 2.50516e+22	4.58e-03	9.95e-01	7.60e-13
 2.52231e+22	4.96e-03	9.95e-01	9.09e-13
 2.53609e+22	5.30e-03	9.95e-01	1.05e-12
 2.55071e+22	5.69e-03	9.94e-01	1.23e-12
 2.56697e+22	6.20e-03	9.94e-01	1.49e-12
 2.58138e+22	6.72e-03	9.93e-01	1.78e-12
 2.59324e+22	7.19e-03	9.93e-01	2.06e-12
 2.60576e+22	7.73e-03	9.92e-01	2.42e-12
 2.61950e+22	8.40e-03	9.92e-01	2.88e-12
 2.63144e+22	9.09e-03	9.91e-01	3.41e-12
 2.64123e+22	9.71e-03	9.90e-01	3.93e-12
 2.65165e+22	1.04e-02	9.90e-01	4.57e-12
 2.66324e+22	1.13e-02	9.89e-01	5.44e-12
 2.67352e+22	1.23e-02	9.88e-01	6.43e-12
 2.68207e+22	1.31e-02	9.87e-01	7.44e-12
 2.69117e+22	1.41e-02	9.86e-01	8.67e-12
 2.70128e+22	1.54e-02	9.85e-01	1.03e-11
 2.71028e+22	1.67e-02	9.83e-01	1.24e-11
 2.71781e+22	1.80e-02	9.82e-01	1.43e-11
 2.72589e+22	1.94e-02	9.81e-01	1.68e-11
 2.73498e+22	2.13e-02	9.79e-01	2.04e-11
 2.74324e+22	2.33e-02	9.77e-01	2.45e-11
 2.75029e+22	2.54e-02	9.75e-01	2.91e-11
 2.75789e+22	2.77e-02	9.72e-01	3.51e-11
 2.76644e+22	3.09e-02	9.69e-01	4.35e-11
 2.77413e+22	3.44e-02	9.66e-01	5.47e-11
 2.78038e+22	3.76e-02	9.62e-01	6.51e-11
 2.78686e+22	4.13e-02	9.59e-01	7.87e-11
 2.79528e+22	4.69e-02	9.53e-01	1.03e-10
 2.80350e+22	5.46e-02	9.45e-01	1.40e-10
 2.80915e+22	6.10e-02	9.39e-01	1.76e-10
 2.81337e+22	6.59e-02	9.34e-01	2.06e-10
 2.81804e+22	7.20e-02	9.28e-01	2.47e-10
 2.82411e+22	8.15e-02	9.19e-01	3.21e-10
 2.82996e+22	9.33e-02	9.07e-01	4.23e-10
 2.83399e+22	1.03e-01	8.97e-01	5.20e-10
 2.83704e+22	1.11e-01	8.89e-01	6.06e-10
 2.84039e+22	1.19e-01	8.81e-01	7.10e-10
 2.84474e+22	1.33e-01	8.67e-01	8.90e-10
 2.84918e+22	1.50e-01	8.50e-01	1.15e-09
 2.85253e+22	1.65e-01	8.35e-01	1.42e-09
 2.85513e+22	1.77e-01	8.23e-01	1.65e-09
 2.85795e+22	1.91e-01	8.09e-01	1.94e-09
 2.86162e+22	2.11e-01	7.89e-01	2.41e-09
 2.86541e+22	2.37e-01	7.63e-01	3.09e-09
 2.86837e+22	2.60e-01	7.40e-01	3.80e-09
 2.87074e+22	2.78e-01	7.22e-01	4.39e-09
 2.87331e+22	2.99e-01	7.01e-01	5.15e-09
 2.87575e+22	3.24e-01	6.76e-01	6.14e-09
 2.87734e+22	3.40e-01	6.60e-01	6.80e-09
 2.87857e+22	3.51e-01	6.49e-01	7.34e-09
 2.88002e+22	3.65e-01	6.35e-01	8.05e-09
 2.88175e+22	3.84e-01	6.16e-01	8.97e-09
 2.88358e+22	4.05e-01	5.95e-01	1.01e-08
 2.88529e+22	4.26e-01	5.74e-01	1.13e-08
 2.88686e+22	4.46e-01	5.54e-01	1.24e-08
 2.88848e+22	4.66e-01	5.34e-01	1.37e-08
 2.89024e+22	4.89e-01	5.11e-01	1.52e-08
 2.89209e+22	5.14e-01	4.86e-01	1.69e-08
 2.89378e+22	5.38e-01	4.62e-01	1.86e-08
 2.89495e+22	5.54e-01	4.46e-01	1.97e-08
 2.89569e+22	5.63e-01	4.37e-01	2.04e-08
 2.89645e+22	5.71e-01	4.29e-01	2.11e-08
 2.89743e+22	5.83e-01	4.17e-01	2.21e-08
 2.89856e+22	5.99e-01	4.01e-01	2.33e-08
 2.89956e+22	6.14e-01	3.86e-01	2.44e-08
 2.90038e+22	6.24e-01	3.76e-01	2.51e-08
 2.90120e+22	6.34e-01	3.66e-01	2.60e-08
 2.90216e+22	6.47e-01	3.53e-01	2.70e-08
 2.90317e+22	6.61e-01	3.39e-01	2.81e-08
 2.90405e+22	6.73e-01	3.27e-01	2.89e-08
 2.90483e+22	6.82e-01	3.18e-01	2.97e-08
 2.90567e+22	6.92e-01	3.08e-01	3.04e-08
 2.90660e+22	7.04e-01	2.96e-01	3.12e-08
 2.90753e+22	7.17e-01	2.83e-01	3.21e-08
 2.90836e+22	7.26e-01	2.74e-01	3.26e-08
 2.90915e+22	7.35e-01	2.65e-01	3.33e-08
 2.91001e+22	7.45e-01	2.55e-01	3.39e-08
 2.91093e+22	7.56e-01	2.44e-01	3.45e-08
 2.91179e+22	7.66e-01	2.34e-01	3.50e-08
 2.91258e+22	7.74e-01	2.26e-01	3.53e-08
 2.91338e+22	7.82e-01	2.18e-01	3.57e-08
 2.91429e+22	7.91e-01	2.09e-01	3.60e-08
 2.91521e+22	8.01e-01	1.99e-01	3.63e-08
 2.91604e+22	8.09e-01	1.91e-01	3.65e-08
 2.91680e+22	8.15e-01	1.85e-01	3.66e-08
 2.91764e+22	8.23e-01	1.77e-01	3.67e-08
 2.91857e+22	8.31e-01	1.69e-01	3.67e-08
 2.91945e+22	8.38e-01	1.62e-01	3.67e-08
 2.92022e+22	8.44e-01	1.56e-01	3.66e-08
 2.92100e+22	8.49e-01	1.51e-01	3.65e-08
 2.92187e+22	8.56e-01	1.44e-01	3.63e-08
 2.92276e+22	8.62e-01	1.38e-01	3.60e-08
 2.92357e+22	8.67e-01	1.33e-01	3.57e-08
 2.92434e+22	8.71e-01	1.29e-01	3.54e-08
 2.92516e+22	8.76e-01	1.24e-01	3.51e-08
 2.92604e+22	8.81e-01	1.19e-01	3.47e-08
 2.92691e+22	8.85e-01	1.15e-01	3.42e-08
 2.92773e+22	8.89e-01	1.11e-01	3.38e-08
 2.92856e+22	8.93e-01	1.07e-01	3.33e-08
 2.92946e+22	8.96e-01	1.04e-01	3.29e-08
 2.93041e+22	9.00e-01	9.97e-02	3.23e-08
 2.93133e+22	9.04e-01	9.64e-02	3.18e-08
 2.93224e+22	9.06e-01	9.35e-02	3.13e-08
 2.93318e+22	9.09e-01	9.07e-02	3.06e-08
 2.93410e+22	9.12e-01	8.81e-02	3.00e-08
 2.93500e+22	9.14e-01	8.59e-02	2.93e-08
 2.93589e+22	9.16e-01	8.39e-02	2.87e-08
 2.93674e+22	9.18e-01	8.21e-02	2.82e-08
 2.93762e+22	9.20e-01	8.04e-02	2.77e-08
 2.93854e+22	9.21e-01	7.88e-02	2.71e-08
 2.93950e+22	9.23e-01	7.71e-02	2.66e-08
 2.94050e+22	9.24e-01	7.55e-02	2.60e-08
 2.94153e+22	9.26e-01	7.40e-02	2.54e-08
 2.94255e+22	9.27e-01	7.28e-02	2.49e-08
 2.94363e+22	9.28e-01	7.16e-02	2.43e-08
 2.94482e+22	9.30e-01	7.03e-02	2.37e-08
 2.94606e+22	9.31e-01	6.92e-02	2.32e-08
 2.94743e+22	9.32e-01	6.81e-02	2.26e-08
 2.94896e+22	9.33e-01	6.69e-02	2.21e-08
 2.95060e+22	9.34e-01	6.59e-02	2.16e-08
 2.95249e+22	9.35e-01	6.49e-02	2.12e-08
 2.95467e+22	9.36e-01	6.39e-02	2.07e-08
 2.95685e+22	9.37e-01	6.31e-02	2.04e-08
 2.95884e+22	9.37e-01	6.28e-02	2.02e-08
 2.96102e+22	9.38e-01	6.23e-02	2.00e-08
 2.96337e+22	9.38e-01	6.18e-02	1.98e-08
 2.96595e+22	9.39e-01	6.12e-02	1.96e-08
 2.96930e+22	9.40e-01	6.04e-02	1.93e-08
 2.97291e+22	9.40e-01	6.00e-02	1.92e-08
 2.97688e+22	9.40e-01	5.95e-02	1.90e-08
 2.98203e+22	9.41e-01	5.86e-02	1.88e-08
 2.98759e+22	9.42e-01	5.81e-02	1.86e-08
 2.99369e+22	9.43e-01	5.74e-02	1.84e-08
 3.00027e+22	9.43e-01	5.68e-02	1.83e-08
 3.00748e+22	9.44e-01	5.60e-02	1.80e-08
 3.01526e+22	9.45e-01	5.54e-02	1.79e-08
 3.02235e+22	9.45e-01	5.48e-02	1.77e-08
 3.03011e+22	9.46e-01	5.40e-02	1.75e-08
 3.03849e+22	9.47e-01	5.32e-02	1.73e-08
 3.04612e+22	9.47e-01	5.27e-02	1.71e-08
 3.05447e+22	9.48e-01	5.19e-02	1.69e-08
 3.06350e+22	9.49e-01	5.12e-02	1.67e-08
 3.07171e+22	9.49e-01	5.07e-02	1.66e-08
 3.08070e+22	9.50e-01	5.00e-02	1.63e-08
 3.09041e+22	9.51e-01	4.93e-02	1.62e-08
 3.09925e+22	9.51e-01	4.88e-02	1.61e-08
 3.10894e+22	9.52e-01	4.80e-02	1.58e-08
 3.11939e+22	9.53e-01	4.74e-02	1.57e-08
 3.12891e+22	9.53e-01	4.68e-02	1.55e-08
 3.13933e+22	9.54e-01	4.60e-02	1.53e-08
 3.15059e+22	9.55e-01	4.53e-02	1.51e-08
 3.16083e+22	9.55e-01	4.48e-02	1.49e-08
 3.17015e+22	9.56e-01	4.43e-02	1.48e-08
 3.18037e+22	9.56e-01	4.35e-02	1.46e-08
 3.19139e+22	9.57e-01	4.29e-02	1.44e-08
 3.20143e+22	9.58e-01	4.24e-02	1.42e-08
 3.21056e+22	9.58e-01	4.19e-02	1.41e-08
 3.22056e+22	9.59e-01	4.12e-02	1.38e-08
 3.23137e+22	9.59e-01	4.06e-02	1.37e-08
 3.24120e+22	9.60e-01	4.01e-02	1.35e-08
 3.25197e+22	9.61e-01	3.94e-02	1.33e-08
 3.26360e+22	9.61e-01	3.88e-02	1.31e-08
 3.27418e+22	9.62e-01	3.84e-02	1.29e-08
 3.28381e+22	9.62e-01	3.80e-02	1.28e-08
 3.29436e+22	9.63e-01	3.73e-02	1.25e-08
 3.30575e+22	9.63e-01	3.68e-02	1.23e-08
 3.31612e+22	9.64e-01	3.63e-02	1.22e-08
 3.32555e+22	9.64e-01	3.60e-02	1.20e-08
 3.33589e+22	9.65e-01	3.54e-02	1.18e-08
 3.34705e+22	9.65e-01	3.49e-02	1.17e-08
 3.35721e+22	9.65e-01	3.46e-02	1.16e-08
 3.36834e+22	9.66e-01	3.41e-02	1.14e-08
 3.38035e+22	9.66e-01	3.36e-02	1.12e-08
 3.39128e+22	9.67e-01	3.33e-02	1.11e-08
 3.40326e+22	9.67e-01	3.28e-02	1.09e-08
 3.41620e+22	9.68e-01	3.23e-02	1.08e-08
 3.42797e+22	9.68e-01	3.19e-02	1.07e-08
 3.44086e+22	9.69e-01	3.14e-02	1.05e-08
 3.45479e+22	9.69e-01	3.10e-02	1.04e-08
 3.46746e+22	9.69e-01	3.06e-02	1.03e-08
 3.48134e+22	9.70e-01	3.01e-02	1.01e-08
 3.49633e+22	9.70e-01	2.96e-02	9.98e-09
 3.50997e+22	9.71e-01	2.93e-02	9.88e-09
 3.52492e+22	9.71e-01	2.88e-02	9.70e-09
 3.54105e+22	9.72e-01	2.83e-02	9.59e-09
 3.55574e+22	9.72e-01	2.79e-02	9.50e-09
 3.57183e+22	9.73e-01	2.74e-02	9.33e-09
 3.58920e+22	9.73e-01	2.70e-02	9.22e-09
 3.60501e+22	9.73e-01	2.66e-02	9.13e-09
 3.61939e+22	9.74e-01	2.63e-02	9.05e-09
 3.63516e+22	9.74e-01	2.59e-02	8.91e-09
 3.65217e+22	9.75e-01	2.55e-02	8.82e-09
 3.66766e+22	9.75e-01	2.52e-02	8.77e-09
 3.68463e+22	9.75e-01	2.47e-02	8.65e-09
 3.70295e+22	9.76e-01	2.43e-02	8.57e-09
 3.71962e+22	9.76e-01	2.40e-02	8.52e-09
 3.73789e+22	9.76e-01	2.36e-02	8.40e-09
 3.75761e+22	9.77e-01	2.32e-02	8.32e-09
 3.77556e+22	9.77e-01	2.28e-02	8.27e-09
 3.79189e+22	9.77e-01	2.26e-02	8.23e-09
 3.80978e+22	9.78e-01	2.22e-02	8.14e-09
 3.82910e+22	9.78e-01	2.19e-02	8.08e-09
 3.84668e+22	9.78e-01	2.16e-02	8.04e-09
 3.86595e+22	9.79e-01	2.12e-02	7.95e-09
 3.88675e+22	9.79e-01	2.09e-02	7.90e-09
 3.90568e+22	9.79e-01	2.06e-02	7.86e-09
 3.92642e+22	9.80e-01	2.02e-02	7.77e-09
 3.94881e+22	9.80e-01	1.99e-02	7.72e-09
 3.96918e+22	9.80e-01	1.97e-02	7.68e-09
 3.98772e+22	9.81e-01	1.94e-02	7.66e-09
 4.00804e+22	9.81e-01	1.91e-02	7.59e-09
 4.02998e+22	9.81e-01	1.88e-02	7.55e-09
 4.05401e+22	9.82e-01	1.84e-02	7.48e-09
 4.07996e+22	9.82e-01	1.81e-02	7.42e-09
 4.10358e+22	9.82e-01	1.79e-02	7.40e-09
 4.12945e+22	9.83e-01	1.75e-02	7.34e-09
 4.15739e+22	9.83e-01	1.72e-02	7.31e-09
 4.18281e+22	9.83e-01	1.69e-02	7.27e-09
 4.20594e+22	9.83e-01	1.67e-02	7.24e-09
 4.23129e+22	9.84e-01	1.64e-02	7.20e-09
 4.25865e+22	9.84e-01	1.61e-02	7.15e-09
 4.28356e+22	9.84e-01	1.59e-02	7.15e-09
 4.31085e+22	9.84e-01	1.56e-02	7.10e-09
 4.34031e+22	9.85e-01	1.53e-02	7.07e-09
 4.36711e+22	9.85e-01	1.51e-02	7.04e-09
 4.39649e+22	9.85e-01	1.48e-02	7.01e-09
 4.42821e+22	9.85e-01	1.45e-02	6.98e-09
 4.45707e+22	9.86e-01	1.43e-02	6.96e-09
 4.48869e+22	9.86e-01	1.40e-02	6.92e-09
 4.52283e+22	9.86e-01	1.38e-02	6.90e-09
 4.55390e+22	9.86e-01	1.35e-02	6.89e-09
 4.58795e+22	9.87e-01	1.33e-02	6.86e-09
 4.62470e+22	9.87e-01	1.30e-02	6.84e-09
 4.65815e+22	9.87e-01	1.28e-02	6.83e-09
 4.69480e+22	9.87e-01	1.26e-02	6.81e-09
 4.73437e+22	9.88e-01	1.23e-02	6.80e-09
 4.77038e+22	9.88e-01	1.21e-02	6.79e-09
 4.80983e+22	9.88e-01	1.19e-02	6.77e-09
 4.85243e+22	9.88e-01	1.16e-02	6.76e-09
 4.89119e+22	9.89e-01	1.14e-02	6.75e-09
 4.92647e+22	9.89e-01	1.12e-02	6.75e-09
 4.96512e+22	9.89e-01	1.10e-02	6.74e-09
 5.01473e+22	9.89e-01	1.07e-02	6.71e-09
 5.06966e+22	9.90e-01	1.05e-02	6.70e-09
 5.12743e+22	9.90e-01	1.02e-02	6.69e-09
 5.18894e+22	9.90e-01	9.94e-03	6.69e-09
 5.25159e+22	9.90e-01	9.68e-03	6.68e-09
 5.31592e+22	9.91e-01	9.42e-03	6.67e-09
 5.38188e+22	9.91e-01	9.16e-03	6.67e-09
 5.44953e+22	9.91e-01	8.91e-03	6.67e-09
 5.51885e+22	9.91e-01	8.67e-03	6.67e-09
 5.58977e+22	9.92e-01	8.43e-03	6.67e-09
 5.66249e+22	9.92e-01	8.20e-03	6.67e-09
 5.73706e+22	9.92e-01	7.97e-03	6.67e-09
 5.81337e+22	9.92e-01	7.74e-03	6.67e-09
 5.89145e+22	9.92e-01	7.53e-03	6.67e-09
 5.97144e+22	9.93e-01	7.32e-03	6.68e-09
 6.05335e+22	9.93e-01	7.10e-03	6.68e-09
 6.13652e+22	9.93e-01	6.90e-03	6.69e-09
 6.22174e+22	9.93e-01	6.71e-03	6.69e-09
 6.30971e+22	9.93e-01	6.52e-03	6.70e-09
 6.39976e+22	9.94e-01	6.33e-03	6.71e-09
 6.49190e+22	9.94e-01	6.14e-03	6.72e-09
 6.58647e+22	9.94e-01	5.96e-03	6.73e-09
 6.68350e+22	9.94e-01	5.79e-03	6.74e-09
 6.78297e+22	9.94e-01	5.62e-03	6.76e-09
 6.88681e+22	9.95e-01	5.45e-03	6.77e-09
 6.99490e+22	9.95e-01	5.29e-03	6.79e-09
 7.10578e+22	9.95e-01	5.13e-03	6.81e-09
 7.22012e+22	9.95e-01	4.97e-03	6.84e-09
 7.33807e+22	9.95e-01	4.82e-03	6.87e-09
 7.45952e+22	9.95e-01	4.67e-03	6.90e-09
 7.58488e+22	9.95e-01	4.52e-03	6.93e-09
 7.71472e+22	9.96e-01	4.38e-03	6.96e-09
 7.84934e+22	9.96e-01	4.24e-03	7.00e-09
 7.98921e+22	9.96e-01	4.10e-03	7.04e-09
 8.13636e+22	9.96e-01	3.97e-03	7.08e-09
 8.29067e+22	9.96e-01	3.83e-03	7.12e-09
 8.45114e+22	9.96e-01	3.70e-03	7.17e-09
 8.61838e+22	9.96e-01	3.58e-03	7.22e-09
 8.79281e+22	9.97e-01	3.45e-03	7.27e-09
 8.97526e+22	9.97e-01	3.33e-03	7.32e-09
 9.16608e+22	9.97e-01	3.21e-03	7.37e-09
 9.36576e+22	9.97e-01	3.10e-03	7.43e-09
 9.57636e+22	9.97e-01	2.98e-03	7.49e-09
 9.79968e+22	9.97e-01	2.87e-03	7.56e-09
 1.00351e+23	9.97e-01	2.76e-03	7.63e-09
 1.02836e+23	9.97e-01	2.65e-03	7.70e-09
 1.05469e+23	9.97e-01	2.55e-03	7.78e-09
 1.08260e+23	9.98e-01	2.45e-03	7.86e-09
 1.11245e+23	9.98e-01	2.35e-03	7.95e-09
 1.14434e+23	9.98e-01	2.25e-03	8.04e-09
 1.17805e+23	9.98e-01	2.16e-03	8.14e-09
 1.21336e+23	9.98e-01	2.07e-03	8.23e-09
 1.25049e+23	9.98e-01	1.98e-03	8.33e-09
 1.28982e+23	9.98e-01	1.89e-03	8.44e-09
 1.33153e+23	9.98e-01	1.81e-03	8.55e-09
 1.37590e+23	9.98e-01	1.74e-03	8.66e-09
 1.42322e+23	9.98e-01	1.66e-03	8.78e-09
 1.47290e+23	9.98e-01	1.59e-03	8.90e-09
 1.52397e+23	9.98e-01	1.53e-03	9.02e-09
 1.57657e+23	9.99e-01	1.47e-03	9.14e-09
 1.63119e+23	9.99e-01	1.41e-03	9.25e-09
 1.68779e+23	9.99e-01	1.36e-03	9.37e-09
 1.74623e+23	9.99e-01	1.31e-03	9.49e-09
 1.80662e+23	9.99e-01	1.26e-03	9.60e-09
 1.86915e+23	9.99e-01	1.22e-03	9.71e-09
 1.93379e+23	9.99e-01	1.18e-03	9.82e-09
 2.00039e+23	9.99e-01	1.15e-03	9.93e-09
 2.06923e+23	9.99e-01	1.12e-03	1.00e-08
 2.14064e+23	9.99e-01	1.09e-03	1.01e-08
 2.21432e+23	9.99e-01	1.06e-03	1.02e-08
 2.29029e+23	9.99e-01	1.04e-03	1.03e-08
 2.36522e+23	9.99e-01	1.02e-03	1.04e-08
 2.43418e+23	9.99e-01	9.98e-04	1.05e-08
 2.49624e+23	9.99e-01	9.84e-04	1.06e-08
 2.55210e+23	9.99e-01	9.73e-04	1.06e-08
 2.60237e+23	9.99e-01	9.64e-04	1.07e-08
 2.64761e+23	9.99e-01	9.57e-04	1.07e-08
 2.68833e+23	9.99e-01	9.50e-04	1.08e-08
 2.72498e+23	9.99e-01	9.46e-04	1.08e-08
 2.75797e+23	9.99e-01	9.42e-04	1.09e-08
 2.78886e+23	9.99e-01	9.39e-04	1.09e-08
 2.81941e+23	9.99e-01	9.36e-04	1.09e-08
 2.84996e+23	9.99e-01	9.34e-04	1.09e-08
 2.88051e+23	9.99e-01	9.32e-04	1.10e-08
 2.91106e+23	9.99e-01	9.30e-04	1.10e-08
 2.94160e+23	9.99e-01	9.29e-04	1.10e-08
 2.97215e+23	9.99e-01	9.28e-04	1.10e-08
 3.00270e+23	9.99e-01	9.27e-04	1.10e-08
 3.03325e+23	9.99e-01	9.26e-04	1.11e-08
 3.05167e+23	9.99e-01	9.24e-04	1.11e-08
