#depth	He	He+	He+2
 1.54284e+19	1.85e-09	5.52e-04	9.99e-01
 9.25702e+19	2.09e-09	5.88e-04	9.99e-01
 2.19083e+20	2.55e-09	6.50e-04	9.99e-01
 3.38274e+20	3.07e-09	7.12e-04	9.99e-01
 4.22820e+20	3.49e-09	7.58e-04	9.99e-01
 4.78666e+20	3.79e-09	7.89e-04	9.99e-01
 5.37757e+20	4.14e-09	8.24e-04	9.99e-01
 6.14575e+20	4.65e-09	8.69e-04	9.99e-01
 6.98311e+20	5.26e-09	9.21e-04	9.99e-01
 7.69230e+20	5.83e-09	9.66e-04	9.99e-01
 8.29232e+20	6.35e-09	1.00e-03	9.99e-01
 8.96850e+20	7.00e-09	1.05e-03	9.99e-01
 9.84754e+20	7.92e-09	1.11e-03	9.99e-01
 1.07677e+21	9.01e-09	1.17e-03	9.99e-01
 1.15344e+21	9.99e-09	1.23e-03	9.99e-01
 1.23242e+21	1.11e-08	1.29e-03	9.99e-01
 1.33510e+21	1.27e-08	1.36e-03	9.99e-01
 1.44257e+21	1.45e-08	1.45e-03	9.99e-01
 1.53265e+21	1.61e-08	1.52e-03	9.98e-01
 1.62616e+21	1.80e-08	1.59e-03	9.98e-01
 1.74772e+21	2.07e-08	1.70e-03	9.98e-01
 1.87563e+21	2.38e-08	1.81e-03	9.98e-01
 1.98269e+21	2.67e-08	1.90e-03	9.98e-01
 2.09281e+21	2.98e-08	2.00e-03	9.98e-01
 2.23595e+21	3.43e-08	2.14e-03	9.98e-01
 2.38523e+21	3.96e-08	2.28e-03	9.98e-01
 2.50887e+21	4.43e-08	2.40e-03	9.98e-01
 2.63599e+21	4.96e-08	2.53e-03	9.97e-01
 2.80124e+21	5.71e-08	2.71e-03	9.97e-01
 2.96947e+21	6.56e-08	2.89e-03	9.97e-01
 3.09345e+21	7.24e-08	3.03e-03	9.97e-01
 3.20650e+21	7.90e-08	3.15e-03	9.97e-01
 3.35346e+21	8.83e-08	3.33e-03	9.97e-01
 3.51148e+21	9.91e-08	3.51e-03	9.96e-01
 3.65045e+21	1.09e-07	3.68e-03	9.96e-01
 3.79765e+21	1.21e-07	3.87e-03	9.96e-01
 3.98902e+21	1.38e-07	4.12e-03	9.96e-01
 4.18380e+21	1.56e-07	4.38e-03	9.96e-01
 4.33768e+21	1.72e-07	4.58e-03	9.95e-01
 4.49238e+21	1.89e-07	4.80e-03	9.95e-01
 4.69348e+21	2.14e-07	5.09e-03	9.95e-01
 4.90773e+21	2.42e-07	5.41e-03	9.95e-01
 5.09150e+21	2.68e-07	5.68e-03	9.94e-01
 5.28283e+21	2.98e-07	5.98e-03	9.94e-01
 5.53155e+21	3.41e-07	6.39e-03	9.94e-01
 5.78934e+21	3.89e-07	6.81e-03	9.93e-01
 6.00118e+21	4.32e-07	7.17e-03	9.93e-01
 6.21887e+21	4.81e-07	7.55e-03	9.92e-01
 6.50187e+21	5.51e-07	8.07e-03	9.92e-01
 6.80335e+21	6.32e-07	8.63e-03	9.91e-01
 7.06476e+21	7.09e-07	9.12e-03	9.91e-01
 7.28385e+21	7.78e-07	9.55e-03	9.90e-01
 7.51205e+21	8.57e-07	1.00e-02	9.90e-01
 7.80870e+21	9.70e-07	1.06e-02	9.89e-01
 8.11454e+21	1.09e-06	1.13e-02	9.89e-01
 8.36428e+21	1.20e-06	1.18e-02	9.88e-01
 8.62088e+21	1.33e-06	1.24e-02	9.88e-01
 8.95445e+21	1.51e-06	1.33e-02	9.87e-01
 9.29503e+21	1.70e-06	1.41e-02	9.86e-01
 9.57557e+21	1.87e-06	1.48e-02	9.85e-01
 9.87114e+21	2.08e-06	1.56e-02	9.84e-01
 1.02554e+22	2.36e-06	1.66e-02	9.83e-01
 1.06476e+22	2.68e-06	1.78e-02	9.82e-01
 1.09751e+22	2.97e-06	1.87e-02	9.81e-01
 1.13259e+22	3.32e-06	1.99e-02	9.80e-01
 1.17819e+22	3.82e-06	2.14e-02	9.79e-01
 1.22472e+22	4.37e-06	2.30e-02	9.77e-01
 1.26353e+22	4.87e-06	2.44e-02	9.76e-01
 1.29928e+22	5.39e-06	2.58e-02	9.74e-01
 1.33997e+22	6.05e-06	2.75e-02	9.73e-01
 1.38449e+22	6.83e-06	2.94e-02	9.71e-01
 1.42621e+22	7.62e-06	3.13e-02	9.69e-01
 1.46638e+22	8.47e-06	3.33e-02	9.67e-01
 1.51229e+22	9.58e-06	3.58e-02	9.64e-01
 1.56368e+22	1.09e-05	3.88e-02	9.61e-01
 1.61185e+22	1.23e-05	4.18e-02	9.58e-01
 1.65691e+22	1.37e-05	4.49e-02	9.55e-01
 1.70824e+22	1.57e-05	4.88e-02	9.51e-01
 1.76450e+22	1.80e-05	5.35e-02	9.46e-01
 1.81544e+22	2.04e-05	5.83e-02	9.42e-01
 1.86240e+22	2.30e-05	6.33e-02	9.37e-01
 1.91591e+22	2.65e-05	6.98e-02	9.30e-01
 1.97440e+22	3.08e-05	7.78e-02	9.22e-01
 2.02681e+22	3.54e-05	8.63e-02	9.14e-01
 2.07429e+22	4.03e-05	9.52e-02	9.05e-01
 2.12788e+22	4.70e-05	1.07e-01	8.93e-01
 2.18605e+22	5.58e-05	1.22e-01	8.78e-01
 2.23735e+22	6.53e-05	1.38e-01	8.62e-01
 2.28289e+22	7.55e-05	1.55e-01	8.45e-01
 2.32575e+22	8.63e-05	1.74e-01	8.26e-01
 2.37343e+22	1.02e-04	1.98e-01	8.02e-01
 2.41971e+22	1.21e-04	2.27e-01	7.73e-01
 2.45184e+22	1.36e-04	2.51e-01	7.49e-01
 2.48129e+22	1.54e-04	2.74e-01	7.26e-01
 2.51379e+22	1.74e-04	3.03e-01	6.97e-01
 2.55028e+22	2.00e-04	3.39e-01	6.61e-01
 2.58835e+22	2.33e-04	3.81e-01	6.19e-01
 2.62012e+22	2.62e-04	4.19e-01	5.81e-01
 2.65303e+22	2.96e-04	4.60e-01	5.39e-01
 2.68927e+22	3.37e-04	5.08e-01	4.92e-01
 2.72276e+22	3.78e-04	5.52e-01	4.48e-01
 2.75922e+22	4.26e-04	5.99e-01	4.00e-01
 2.79836e+22	4.79e-04	6.48e-01	3.52e-01
 2.83276e+22	5.26e-04	6.87e-01	3.12e-01
 2.86925e+22	5.78e-04	7.25e-01	2.74e-01
 2.90617e+22	6.28e-04	7.60e-01	2.40e-01
 2.93861e+22	6.74e-04	7.86e-01	2.13e-01
 2.97575e+22	7.25e-04	8.14e-01	1.86e-01
 3.02254e+22	7.90e-04	8.43e-01	1.57e-01
 3.07184e+22	8.55e-04	8.67e-01	1.32e-01
 3.11807e+22	9.15e-04	8.86e-01	1.13e-01
 3.16542e+22	9.76e-04	9.02e-01	9.68e-02
 3.21782e+22	1.04e-03	9.17e-01	8.22e-02
 3.27598e+22	1.12e-03	9.30e-01	6.92e-02
 3.33901e+22	1.19e-03	9.41e-01	5.81e-02
 3.40757e+22	1.28e-03	9.50e-01	4.86e-02
 3.48424e+22	1.37e-03	9.58e-01	4.03e-02
 3.57280e+22	1.48e-03	9.66e-01	3.30e-02
 3.66545e+22	1.60e-03	9.71e-01	2.73e-02
 3.75417e+22	1.71e-03	9.75e-01	2.31e-02
 3.85502e+22	1.85e-03	9.79e-01	1.92e-02
 3.98612e+22	2.02e-03	9.82e-01	1.55e-02
 4.12349e+22	2.23e-03	9.85e-01	1.27e-02
 4.22666e+22	2.40e-03	9.86e-01	1.12e-02
 4.29156e+22	2.52e-03	9.87e-01	1.03e-02
 4.34151e+22	2.61e-03	9.88e-01	9.76e-03
 4.39891e+22	2.71e-03	9.88e-01	9.13e-03
 4.47352e+22	2.86e-03	9.89e-01	8.39e-03
 4.55018e+22	3.03e-03	9.89e-01	7.74e-03
 4.60866e+22	3.18e-03	9.90e-01	7.32e-03
 4.65341e+22	3.29e-03	9.90e-01	7.02e-03
 4.70111e+22	3.41e-03	9.90e-01	6.71e-03
 4.76312e+22	3.60e-03	9.90e-01	6.34e-03
 4.82370e+22	3.80e-03	9.90e-01	6.01e-03
 4.86609e+22	3.95e-03	9.90e-01	5.81e-03
 4.89828e+22	4.08e-03	9.90e-01	5.67e-03
 4.93359e+22	4.23e-03	9.90e-01	5.51e-03
 4.97948e+22	4.43e-03	9.90e-01	5.30e-03
 5.02534e+22	4.66e-03	9.90e-01	5.12e-03
 5.05901e+22	4.85e-03	9.90e-01	4.99e-03
 5.08519e+22	5.01e-03	9.90e-01	4.90e-03
 5.11378e+22	5.19e-03	9.90e-01	4.80e-03
 5.15095e+22	5.44e-03	9.90e-01	4.67e-03
 5.18800e+22	5.73e-03	9.90e-01	4.55e-03
 5.21506e+22	5.97e-03	9.90e-01	4.46e-03
 5.23617e+22	6.17e-03	9.89e-01	4.40e-03
 5.25937e+22	6.41e-03	9.89e-01	4.33e-03
 5.28953e+22	6.73e-03	9.89e-01	4.24e-03
 5.31995e+22	7.10e-03	9.89e-01	4.15e-03
 5.34280e+22	7.43e-03	9.88e-01	4.09e-03
 5.36098e+22	7.71e-03	9.88e-01	4.04e-03
 5.38104e+22	8.04e-03	9.88e-01	3.99e-03
 5.40712e+22	8.49e-03	9.88e-01	3.92e-03
 5.43360e+22	9.05e-03	9.87e-01	3.85e-03
 5.45383e+22	9.53e-03	9.87e-01	3.80e-03
 5.47026e+22	9.98e-03	9.86e-01	3.76e-03
 5.48854e+22	1.05e-02	9.86e-01	3.71e-03
 5.51229e+22	1.13e-02	9.85e-01	3.65e-03
 5.53554e+22	1.22e-02	9.84e-01	3.60e-03
 5.55235e+22	1.29e-02	9.84e-01	3.57e-03
 5.56611e+22	1.36e-02	9.83e-01	3.53e-03
 5.58167e+22	1.45e-02	9.82e-01	3.50e-03
 5.60189e+22	1.58e-02	9.81e-01	3.45e-03
 5.62220e+22	1.73e-02	9.79e-01	3.41e-03
 5.63722e+22	1.88e-02	9.78e-01	3.39e-03
 5.64891e+22	2.00e-02	9.77e-01	3.37e-03
 5.66172e+22	2.16e-02	9.75e-01	3.34e-03
 5.67578e+22	2.36e-02	9.73e-01	3.31e-03
 5.68775e+22	2.57e-02	9.71e-01	3.29e-03
 5.69718e+22	2.76e-02	9.69e-01	3.28e-03
 5.70702e+22	2.96e-02	9.67e-01	3.28e-03
 5.71981e+22	3.28e-02	9.64e-01	3.27e-03
 5.73217e+22	3.66e-02	9.60e-01	3.27e-03
 5.74061e+22	3.98e-02	9.57e-01	3.27e-03
 5.74688e+22	4.23e-02	9.54e-01	3.28e-03
 5.75371e+22	4.53e-02	9.51e-01	3.28e-03
 5.76259e+22	4.96e-02	9.47e-01	3.29e-03
 5.77210e+22	5.51e-02	9.42e-01	3.32e-03
 5.77882e+22	6.00e-02	9.37e-01	3.34e-03
 5.78242e+22	6.29e-02	9.34e-01	3.35e-03
 5.78549e+22	6.55e-02	9.31e-01	3.35e-03
 5.78939e+22	6.87e-02	9.28e-01	3.36e-03
 5.79436e+22	7.32e-02	9.23e-01	3.38e-03
 5.79972e+22	7.85e-02	9.18e-01	3.42e-03
 5.80448e+22	8.39e-02	9.13e-01	3.44e-03
 5.80859e+22	8.88e-02	9.08e-01	3.48e-03
 5.81280e+22	9.42e-02	9.02e-01	3.50e-03
 5.81754e+22	1.01e-01	8.96e-01	3.54e-03
 5.82241e+22	1.08e-01	8.88e-01	3.59e-03
 5.82706e+22	1.16e-01	8.80e-01	3.64e-03
 5.83163e+22	1.24e-01	8.72e-01	3.69e-03
 5.83645e+22	1.34e-01	8.62e-01	3.75e-03
 5.84160e+22	1.45e-01	8.51e-01	3.83e-03
 5.84669e+22	1.57e-01	8.39e-01	3.91e-03
 5.85130e+22	1.69e-01	8.27e-01	3.99e-03
 5.85541e+22	1.81e-01	8.14e-01	4.05e-03
 5.85864e+22	1.92e-01	8.04e-01	4.11e-03
 5.86089e+22	2.00e-01	7.96e-01	4.14e-03
 5.86315e+22	2.08e-01	7.88e-01	4.16e-03
 5.86607e+22	2.18e-01	7.78e-01	4.20e-03
 5.86923e+22	2.30e-01	7.66e-01	4.26e-03
 5.87186e+22	2.40e-01	7.56e-01	4.32e-03
 5.87400e+22	2.50e-01	7.46e-01	4.34e-03
 5.87618e+22	2.59e-01	7.37e-01	4.37e-03
 5.87884e+22	2.71e-01	7.25e-01	4.42e-03
 5.88175e+22	2.83e-01	7.12e-01	4.49e-03
 5.88426e+22	2.95e-01	7.00e-01	4.54e-03
 5.88632e+22	3.06e-01	6.89e-01	4.57e-03
 5.88850e+22	3.18e-01	6.78e-01	4.58e-03
 5.89112e+22	3.31e-01	6.64e-01	4.62e-03
 5.89379e+22	3.45e-01	6.50e-01	4.69e-03
 5.89608e+22	3.58e-01	6.37e-01	4.72e-03
 5.89811e+22	3.71e-01	6.24e-01	4.73e-03
 5.90038e+22	3.85e-01	6.10e-01	4.74e-03
 5.90298e+22	4.01e-01	5.95e-01	4.76e-03
 5.90546e+22	4.16e-01	5.80e-01	4.80e-03
 5.90756e+22	4.30e-01	5.66e-01	4.80e-03
 5.90962e+22	4.44e-01	5.51e-01	4.79e-03
 5.91202e+22	4.60e-01	5.35e-01	4.78e-03
 5.91462e+22	4.77e-01	5.18e-01	4.80e-03
 5.91696e+22	4.93e-01	5.02e-01	4.80e-03
 5.91902e+22	5.08e-01	4.88e-01	4.76e-03
 5.92116e+22	5.23e-01	4.72e-01	4.72e-03
 5.92358e+22	5.41e-01	4.55e-01	4.68e-03
 5.92603e+22	5.57e-01	4.38e-01	4.66e-03
 5.92821e+22	5.73e-01	4.22e-01	4.61e-03
 5.93022e+22	5.88e-01	4.08e-01	4.54e-03
 5.93242e+22	6.04e-01	3.91e-01	4.45e-03
 5.93485e+22	6.21e-01	3.75e-01	4.39e-03
 5.93718e+22	6.37e-01	3.59e-01	4.32e-03
 5.93927e+22	6.51e-01	3.44e-01	4.24e-03
 5.94135e+22	6.66e-01	3.30e-01	4.13e-03
 5.94367e+22	6.82e-01	3.14e-01	4.02e-03
 5.94612e+22	6.97e-01	2.99e-01	3.93e-03
 5.94843e+22	7.11e-01	2.85e-01	3.82e-03
 5.95063e+22	7.25e-01	2.71e-01	3.71e-03
 5.95289e+22	7.38e-01	2.58e-01	3.58e-03
 5.95522e+22	7.52e-01	2.45e-01	3.47e-03
 5.95757e+22	7.64e-01	2.33e-01	3.35e-03
 5.95992e+22	7.76e-01	2.21e-01	3.22e-03
 5.96224e+22	7.87e-01	2.10e-01	3.10e-03
 5.96456e+22	7.98e-01	1.99e-01	2.99e-03
 5.96689e+22	8.08e-01	1.89e-01	2.87e-03
 5.96924e+22	8.17e-01	1.80e-01	2.76e-03
 5.97163e+22	8.26e-01	1.71e-01	2.65e-03
 5.97408e+22	8.34e-01	1.63e-01	2.54e-03
 5.97658e+22	8.42e-01	1.55e-01	2.44e-03
 5.97915e+22	8.50e-01	1.48e-01	2.34e-03
 5.98180e+22	8.57e-01	1.41e-01	2.24e-03
 5.98446e+22	8.63e-01	1.35e-01	2.15e-03
 5.98724e+22	8.69e-01	1.29e-01	2.06e-03
 5.99026e+22	8.75e-01	1.23e-01	1.98e-03
 5.99347e+22	8.80e-01	1.18e-01	1.90e-03
 5.99669e+22	8.85e-01	1.13e-01	1.83e-03
 5.99961e+22	8.89e-01	1.09e-01	1.77e-03
 6.00227e+22	8.92e-01	1.06e-01	1.72e-03
 6.00519e+22	8.95e-01	1.03e-01	1.66e-03
 6.00833e+22	8.98e-01	1.00e-01	1.62e-03
 6.01120e+22	9.00e-01	9.82e-02	1.58e-03
 6.01434e+22	9.03e-01	9.57e-02	1.53e-03
 6.01842e+22	9.05e-01	9.35e-02	1.50e-03
 6.02282e+22	9.07e-01	9.16e-02	1.47e-03
 6.02683e+22	9.09e-01	8.98e-02	1.44e-03
 6.03122e+22	9.10e-01	8.82e-02	1.41e-03
 6.03693e+22	9.12e-01	8.66e-02	1.38e-03
 6.04369e+22	9.13e-01	8.53e-02	1.35e-03
 6.05043e+22	9.14e-01	8.42e-02	1.33e-03
 6.05781e+22	9.16e-01	8.30e-02	1.30e-03
 6.06741e+22	9.17e-01	8.17e-02	1.27e-03
 6.07778e+22	9.18e-01	8.09e-02	1.25e-03
 6.08913e+22	9.19e-01	7.98e-02	1.22e-03
 6.10139e+22	9.20e-01	7.90e-02	1.20e-03
 6.11483e+22	9.21e-01	7.80e-02	1.17e-03
 6.12933e+22	9.22e-01	7.72e-02	1.15e-03
 6.14523e+22	9.23e-01	7.62e-02	1.12e-03
 6.16239e+22	9.24e-01	7.54e-02	1.09e-03
 6.18119e+22	9.25e-01	7.42e-02	1.06e-03
 6.20149e+22	9.26e-01	7.32e-02	1.03e-03
 6.21996e+22	9.27e-01	7.24e-02	1.00e-03
 6.24020e+22	9.28e-01	7.12e-02	9.70e-04
 6.26205e+22	9.29e-01	7.01e-02	9.41e-04
 6.28194e+22	9.30e-01	6.92e-02	9.17e-04
 6.30003e+22	9.31e-01	6.85e-02	8.96e-04
 6.31986e+22	9.32e-01	6.74e-02	8.67e-04
 6.34127e+22	9.33e-01	6.64e-02	8.42e-04
 6.36075e+22	9.34e-01	6.56e-02	8.21e-04
 6.37848e+22	9.34e-01	6.49e-02	8.02e-04
 6.39790e+22	9.35e-01	6.38e-02	7.75e-04
 6.41887e+22	9.36e-01	6.29e-02	7.53e-04
 6.43796e+22	9.37e-01	6.21e-02	7.35e-04
 6.45887e+22	9.38e-01	6.11e-02	7.11e-04
 6.48144e+22	9.39e-01	6.02e-02	6.89e-04
 6.50199e+22	9.40e-01	5.94e-02	6.72e-04
 6.52450e+22	9.41e-01	5.84e-02	6.48e-04
 6.54880e+22	9.42e-01	5.75e-02	6.28e-04
 6.57092e+22	9.43e-01	5.67e-02	6.11e-04
 6.59105e+22	9.43e-01	5.61e-02	5.97e-04
 6.61310e+22	9.44e-01	5.51e-02	5.76e-04
 6.63691e+22	9.45e-01	5.43e-02	5.60e-04
 6.65858e+22	9.46e-01	5.36e-02	5.45e-04
 6.68232e+22	9.47e-01	5.27e-02	5.27e-04
 6.70795e+22	9.48e-01	5.19e-02	5.11e-04
 6.73127e+22	9.48e-01	5.13e-02	4.98e-04
 6.75683e+22	9.49e-01	5.04e-02	4.82e-04
 6.78443e+22	9.50e-01	4.97e-02	4.68e-04
 6.80953e+22	9.50e-01	4.91e-02	4.56e-04
 6.83705e+22	9.51e-01	4.82e-02	4.40e-04
 6.86675e+22	9.52e-01	4.74e-02	4.26e-04
 6.89379e+22	9.53e-01	4.68e-02	4.16e-04
 6.92341e+22	9.54e-01	4.60e-02	4.00e-04
 6.95538e+22	9.54e-01	4.52e-02	3.87e-04
 6.98448e+22	9.55e-01	4.46e-02	3.77e-04
 7.01637e+22	9.56e-01	4.38e-02	3.63e-04
 7.05080e+22	9.57e-01	4.30e-02	3.50e-04
 7.08212e+22	9.57e-01	4.24e-02	3.40e-04
 7.11063e+22	9.58e-01	4.19e-02	3.32e-04
 7.14187e+22	9.59e-01	4.11e-02	3.20e-04
 7.17559e+22	9.59e-01	4.05e-02	3.10e-04
 7.20628e+22	9.60e-01	3.99e-02	3.02e-04
 7.23991e+22	9.60e-01	3.92e-02	2.91e-04
 7.27622e+22	9.61e-01	3.86e-02	2.81e-04
 7.30925e+22	9.62e-01	3.80e-02	2.74e-04
 7.34546e+22	9.62e-01	3.73e-02	2.63e-04
 7.38454e+22	9.63e-01	3.67e-02	2.54e-04
 7.42011e+22	9.64e-01	3.61e-02	2.47e-04
 7.45908e+22	9.64e-01	3.55e-02	2.38e-04
 7.50115e+22	9.65e-01	3.48e-02	2.30e-04
 7.53944e+22	9.66e-01	3.43e-02	2.22e-04
 7.57428e+22	9.66e-01	3.38e-02	2.17e-04
 7.61246e+22	9.67e-01	3.32e-02	2.09e-04
 7.65368e+22	9.67e-01	3.27e-02	2.02e-04
 7.69885e+22	9.68e-01	3.20e-02	1.94e-04
 7.74761e+22	9.68e-01	3.14e-02	1.87e-04
 7.79198e+22	9.69e-01	3.09e-02	1.80e-04
 7.83236e+22	9.69e-01	3.05e-02	1.76e-04
 7.87661e+22	9.70e-01	2.99e-02	1.69e-04
 7.92438e+22	9.70e-01	2.94e-02	1.63e-04
 7.96784e+22	9.71e-01	2.90e-02	1.59e-04
 8.01548e+22	9.71e-01	2.84e-02	1.52e-04
 8.06690e+22	9.72e-01	2.79e-02	1.47e-04
 8.11370e+22	9.72e-01	2.74e-02	1.42e-04
 8.16498e+22	9.73e-01	2.69e-02	1.37e-04
 8.22034e+22	9.73e-01	2.64e-02	1.32e-04
 8.27071e+22	9.74e-01	2.60e-02	1.28e-04
 8.32592e+22	9.74e-01	2.55e-02	1.23e-04
 8.38551e+22	9.75e-01	2.50e-02	1.18e-04
 8.43974e+22	9.75e-01	2.46e-02	1.14e-04
 8.49917e+22	9.76e-01	2.41e-02	1.10e-04
 8.56333e+22	9.76e-01	2.36e-02	1.05e-04
 8.62171e+22	9.77e-01	2.32e-02	1.02e-04
 8.68569e+22	9.77e-01	2.27e-02	9.76e-05
 8.75476e+22	9.78e-01	2.23e-02	9.38e-05
 8.81761e+22	9.78e-01	2.18e-02	9.03e-05
 8.88648e+22	9.79e-01	2.14e-02	8.67e-05
 8.96083e+22	9.79e-01	2.09e-02	8.31e-05
 9.02849e+22	9.79e-01	2.06e-02	8.00e-05
 9.10264e+22	9.80e-01	2.01e-02	7.67e-05
 9.18268e+22	9.80e-01	1.97e-02	7.35e-05
 9.25552e+22	9.81e-01	1.93e-02	7.07e-05
 9.33533e+22	9.81e-01	1.89e-02	6.77e-05
 9.42150e+22	9.81e-01	1.85e-02	6.48e-05
 9.49992e+22	9.82e-01	1.81e-02	6.23e-05
 9.58584e+22	9.82e-01	1.77e-02	5.96e-05
 9.67860e+22	9.83e-01	1.73e-02	5.70e-05
 9.76302e+22	9.83e-01	1.70e-02	5.48e-05
 9.85552e+22	9.83e-01	1.66e-02	5.25e-05
 9.95538e+22	9.84e-01	1.63e-02	5.01e-05
 1.00463e+23	9.84e-01	1.59e-02	4.82e-05
 1.01458e+23	9.84e-01	1.56e-02	4.61e-05
 1.02533e+23	9.85e-01	1.52e-02	4.40e-05
 1.03512e+23	9.85e-01	1.49e-02	4.22e-05
 1.04584e+23	9.85e-01	1.46e-02	4.03e-05
 1.05741e+23	9.86e-01	1.42e-02	3.85e-05
 1.06794e+23	9.86e-01	1.40e-02	3.70e-05
 1.07948e+23	9.86e-01	1.36e-02	3.53e-05
 1.09374e+23	9.87e-01	1.33e-02	3.33e-05
 1.10954e+23	9.87e-01	1.29e-02	3.14e-05
 1.12616e+23	9.87e-01	1.25e-02	2.96e-05
 1.14356e+23	9.88e-01	1.21e-02	2.78e-05
 1.16161e+23	9.88e-01	1.17e-02	2.61e-05
 1.18032e+23	9.89e-01	1.14e-02	2.45e-05
 1.19965e+23	9.89e-01	1.10e-02	2.30e-05
 1.21961e+23	9.89e-01	1.07e-02	2.16e-05
 1.24030e+23	9.90e-01	1.03e-02	2.03e-05
 1.26168e+23	9.90e-01	1.00e-02	1.91e-05
 1.28382e+23	9.90e-01	9.71e-03	1.79e-05
 1.30682e+23	9.91e-01	9.40e-03	1.68e-05
 1.33053e+23	9.91e-01	9.11e-03	1.58e-05
 1.35516e+23	9.91e-01	8.82e-03	1.48e-05
 1.38069e+23	9.91e-01	8.54e-03	1.39e-05
 1.40711e+23	9.92e-01	8.27e-03	1.30e-05
 1.43469e+23	9.92e-01	8.01e-03	1.22e-05
 1.46329e+23	9.92e-01	7.76e-03	1.14e-05
 1.49309e+23	9.92e-01	7.51e-03	1.07e-05
 1.52422e+23	9.93e-01	7.27e-03	1.00e-05
 1.55669e+23	9.93e-01	7.04e-03	9.42e-06
 1.59056e+23	9.93e-01	6.81e-03	8.83e-06
 1.62594e+23	9.93e-01	6.59e-03	8.27e-06
 1.66289e+23	9.94e-01	6.38e-03	7.75e-06
 1.70165e+23	9.94e-01	6.18e-03	7.27e-06
 1.74340e+23	9.94e-01	5.98e-03	6.80e-06
 1.78826e+23	9.94e-01	5.78e-03	6.36e-06
 1.83576e+23	9.94e-01	5.59e-03	5.95e-06
 1.88633e+23	9.95e-01	5.40e-03	5.56e-06
 1.94032e+23	9.95e-01	5.22e-03	5.20e-06
 1.99839e+23	9.95e-01	5.05e-03	4.86e-06
 2.06126e+23	9.95e-01	4.88e-03	4.54e-06
 2.12805e+23	9.95e-01	4.72e-03	4.25e-06
 2.19709e+23	9.95e-01	4.57e-03	3.99e-06
 2.26786e+23	9.96e-01	4.43e-03	3.75e-06
 2.34081e+23	9.96e-01	4.31e-03	3.55e-06
 2.41172e+23	9.96e-01	4.21e-03	3.37e-06
 2.47603e+23	9.96e-01	4.11e-03	3.23e-06
 2.53391e+23	9.96e-01	4.04e-03	3.11e-06
 2.58600e+23	9.96e-01	3.98e-03	3.02e-06
 2.63288e+23	9.96e-01	3.93e-03	2.94e-06
 2.67508e+23	9.96e-01	3.89e-03	2.88e-06
 2.71305e+23	9.96e-01	3.85e-03	2.83e-06
 2.74723e+23	9.96e-01	3.82e-03	2.78e-06
 2.77869e+23	9.96e-01	3.80e-03	2.75e-06
 2.80924e+23	9.96e-01	3.77e-03	2.71e-06
 2.83979e+23	9.96e-01	3.75e-03	2.68e-06
 2.87034e+23	9.96e-01	3.73e-03	2.65e-06
 2.90088e+23	9.96e-01	3.71e-03	2.62e-06
 2.93143e+23	9.96e-01	3.69e-03	2.60e-06
 2.96198e+23	9.96e-01	3.67e-03	2.57e-06
 2.99253e+23	9.96e-01	3.66e-03	2.55e-06
 3.02308e+23	9.96e-01	3.64e-03	2.52e-06
 3.04658e+23	9.96e-01	3.63e-03	2.50e-06
