#depth	H	H+	H2
 6.18079e+18	1.77e-05	1.00e+00	4.70e-24
 3.70847e+19	1.81e-05	1.00e+00	4.87e-24
 1.24758e+20	1.94e-05	1.00e+00	6.33e-24
 2.53175e+20	2.13e-05	1.00e+00	9.89e-24
 3.51977e+20	2.27e-05	1.00e+00	1.33e-23
 4.09789e+20	2.36e-05	1.00e+00	1.56e-23
 4.66086e+20	2.45e-05	1.00e+00	1.85e-23
 5.39272e+20	2.57e-05	1.00e+00	2.29e-23
 6.34413e+20	2.73e-05	1.00e+00	3.00e-23
 7.38122e+20	2.91e-05	1.00e+00	3.93e-23
 8.30897e+20	3.07e-05	1.00e+00	4.95e-23
 9.29434e+20	3.25e-05	1.00e+00	6.34e-23
 1.05753e+21	3.49e-05	1.00e+00	8.68e-23
 1.18868e+21	3.75e-05	1.00e+00	1.17e-22
 1.29483e+21	3.97e-05	1.00e+00	1.47e-22
 1.40385e+21	4.20e-05	1.00e+00	1.87e-22
 1.52059e+21	4.45e-05	1.00e+00	2.39e-22
 1.62138e+21	4.67e-05	1.00e+00	2.94e-22
 1.72645e+21	4.92e-05	1.00e+00	3.65e-22
 1.86304e+21	5.24e-05	1.00e+00	4.82e-22
 2.00090e+21	5.58e-05	1.00e+00	6.23e-22
 2.11084e+21	5.85e-05	1.00e+00	7.61e-22
 2.22422e+21	6.15e-05	1.00e+00	9.43e-22
 2.37162e+21	6.55e-05	1.00e+00	1.24e-21
 2.52414e+21	6.97e-05	1.00e+00	1.60e-21
 2.65234e+21	7.33e-05	1.00e+00	1.99e-21
 2.78802e+21	7.73e-05	1.00e+00	2.51e-21
 2.96440e+21	8.26e-05	1.00e+00	3.37e-21
 3.14367e+21	8.82e-05	1.00e+00	4.44e-21
 3.29206e+21	9.29e-05	1.00e+00	5.55e-21
 3.45034e+21	9.82e-05	1.00e+00	7.12e-21
 3.62702e+21	1.04e-04	1.00e+00	9.24e-21
 3.80132e+21	1.10e-04	1.00e+00	1.19e-20
 3.97531e+21	1.16e-04	1.00e+00	1.51e-20
 4.14585e+21	1.23e-04	1.00e+00	1.91e-20
 4.31276e+21	1.29e-04	1.00e+00	2.38e-20
 4.50430e+21	1.36e-04	1.00e+00	3.11e-20
 4.71948e+21	1.45e-04	1.00e+00	4.09e-20
 4.92298e+21	1.52e-04	1.00e+00	5.22e-20
 5.11555e+21	1.60e-04	1.00e+00	6.56e-20
 5.30721e+21	1.68e-04	1.00e+00	8.19e-20
 5.52723e+21	1.77e-04	1.00e+00	1.06e-19
 5.77316e+21	1.87e-04	1.00e+00	1.39e-19
 6.00324e+21	1.96e-04	1.00e+00	1.78e-19
 6.21847e+21	2.05e-04	1.00e+00	2.22e-19
 6.46389e+21	2.16e-04	1.00e+00	2.90e-19
 6.73243e+21	2.27e-04	1.00e+00	3.82e-19
 6.97529e+21	2.36e-04	1.00e+00	4.83e-19
 7.20011e+21	2.45e-04	1.00e+00	6.04e-19
 7.45723e+21	2.56e-04	1.00e+00	7.89e-19
 7.73727e+21	2.67e-04	1.00e+00	1.04e-18
 7.98762e+21	2.76e-04	1.00e+00	1.33e-18
 8.21547e+21	2.85e-04	1.00e+00	1.68e-18
 8.47353e+21	2.96e-04	1.00e+00	2.22e-18
 8.73668e+21	3.05e-04	1.00e+00	2.94e-18
 8.94995e+21	3.12e-04	1.00e+00	3.73e-18
 9.12641e+21	3.19e-04	1.00e+00	4.55e-18
 9.31152e+21	3.27e-04	1.00e+00	5.73e-18
 9.50978e+21	3.34e-04	1.00e+00	7.11e-18
 9.69225e+21	3.42e-04	1.00e+00	9.87e-18
 9.85231e+21	3.48e-04	1.00e+00	1.18e-17
 1.00161e+22	3.57e-04	1.00e+00	1.61e-17
 1.01871e+22	3.64e-04	1.00e+00	2.17e-17
 1.03395e+22	3.73e-04	1.00e+00	2.95e-17
 1.05094e+22	3.83e-04	1.00e+00	4.64e-17
 1.06925e+22	3.95e-04	1.00e+00	7.41e-17
 1.08552e+22	4.07e-04	1.00e+00	1.17e-16
 1.10289e+22	4.22e-04	1.00e+00	2.01e-16
 1.12185e+22	4.39e-04	1.00e+00	3.81e-16
 1.13901e+22	4.56e-04	1.00e+00	7.06e-16
 1.15234e+22	4.70e-04	1.00e+00	9.72e-16
 1.16453e+22	4.85e-04	1.00e+00	1.45e-15
 1.18039e+22	5.05e-04	9.99e-01	2.17e-15
 1.20100e+22	5.33e-04	9.99e-01	2.96e-15
 1.22300e+22	5.63e-04	9.99e-01	3.74e-15
 1.24280e+22	5.93e-04	9.99e-01	4.52e-15
 1.26303e+22	6.25e-04	9.99e-01	5.44e-15
 1.28617e+22	6.63e-04	9.99e-01	6.71e-15
 1.31150e+22	7.07e-04	9.99e-01	8.32e-15
 1.33778e+22	7.54e-04	9.99e-01	1.03e-14
 1.36536e+22	8.06e-04	9.99e-01	1.28e-14
 1.39554e+22	8.67e-04	9.99e-01	1.62e-14
 1.42945e+22	9.40e-04	9.99e-01	2.08e-14
 1.46821e+22	1.03e-03	9.99e-01	2.75e-14
 1.50864e+22	1.13e-03	9.99e-01	3.64e-14
 1.54773e+22	1.24e-03	9.99e-01	4.74e-14
 1.59240e+22	1.38e-03	9.99e-01	6.46e-14
 1.63959e+22	1.55e-03	9.98e-01	8.94e-14
 1.67547e+22	1.69e-03	9.98e-01	1.14e-13
 1.70099e+22	1.81e-03	9.98e-01	1.37e-13
 1.72761e+22	1.94e-03	9.98e-01	1.66e-13
 1.76223e+22	2.13e-03	9.98e-01	2.14e-13
 1.79779e+22	2.36e-03	9.98e-01	2.78e-13
 1.82563e+22	2.57e-03	9.97e-01	3.46e-13
 1.84801e+22	2.76e-03	9.97e-01	4.15e-13
 1.87228e+22	2.98e-03	9.97e-01	5.06e-13
 1.89932e+22	3.27e-03	9.97e-01	6.38e-13
 1.92333e+22	3.56e-03	9.96e-01	7.88e-13
 1.94305e+22	3.83e-03	9.96e-01	9.42e-13
 1.96112e+22	4.11e-03	9.96e-01	1.12e-12
 1.98189e+22	4.46e-03	9.96e-01	1.36e-12
 2.00389e+22	4.89e-03	9.95e-01	1.70e-12
 2.02190e+22	5.30e-03	9.95e-01	2.05e-12
 2.03643e+22	5.67e-03	9.94e-01	2.39e-12
 2.05204e+22	6.10e-03	9.94e-01	2.84e-12
 2.06939e+22	6.65e-03	9.93e-01	3.46e-12
 2.08479e+22	7.20e-03	9.93e-01	4.15e-12
 2.09757e+22	7.73e-03	9.92e-01	4.85e-12
 2.11116e+22	8.33e-03	9.92e-01	5.77e-12
 2.12603e+22	9.08e-03	9.91e-01	6.98e-12
 2.13891e+22	9.84e-03	9.90e-01	8.31e-12
 2.14957e+22	1.05e-02	9.89e-01	9.64e-12
 2.16101e+22	1.13e-02	9.89e-01	1.13e-11
 2.17371e+22	1.24e-02	9.88e-01	1.38e-11
 2.18504e+22	1.35e-02	9.87e-01	1.65e-11
 2.19457e+22	1.45e-02	9.86e-01	1.93e-11
 2.20481e+22	1.57e-02	9.84e-01	2.30e-11
 2.21620e+22	1.72e-02	9.83e-01	2.79e-11
 2.22638e+22	1.88e-02	9.81e-01	3.39e-11
 2.23503e+22	2.04e-02	9.80e-01	4.03e-11
 2.24441e+22	2.23e-02	9.78e-01	4.86e-11
 2.25499e+22	2.48e-02	9.75e-01	6.05e-11
 2.26471e+22	2.76e-02	9.72e-01	7.63e-11
 2.27262e+22	3.03e-02	9.70e-01	9.24e-11
 2.27950e+22	3.29e-02	9.67e-01	1.09e-10
 2.28737e+22	3.62e-02	9.64e-01	1.34e-10
 2.29760e+22	4.14e-02	9.59e-01	1.77e-10
 2.30760e+22	4.83e-02	9.52e-01	2.45e-10
 2.31453e+22	5.43e-02	9.46e-01	3.11e-10
 2.31973e+22	5.92e-02	9.41e-01	3.72e-10
 2.32544e+22	6.52e-02	9.35e-01	4.53e-10
 2.33287e+22	7.43e-02	9.26e-01	5.97e-10
 2.34017e+22	8.66e-02	9.13e-01	8.21e-10
 2.34524e+22	9.70e-02	9.03e-01	1.04e-09
 2.34894e+22	1.05e-01	8.95e-01	1.23e-09
 2.35288e+22	1.14e-01	8.86e-01	1.48e-09
 2.35800e+22	1.28e-01	8.72e-01	1.86e-09
 2.36327e+22	1.45e-01	8.55e-01	2.45e-09
 2.36728e+22	1.61e-01	8.39e-01	3.03e-09
 2.37039e+22	1.74e-01	8.26e-01	3.57e-09
 2.37374e+22	1.88e-01	8.12e-01	4.24e-09
 2.37811e+22	2.08e-01	7.92e-01	5.27e-09
 2.38184e+22	2.31e-01	7.69e-01	6.60e-09
 2.38373e+22	2.42e-01	7.58e-01	7.30e-09
 2.38500e+22	2.49e-01	7.51e-01	7.77e-09
 2.38651e+22	2.57e-01	7.43e-01	8.40e-09
 2.38846e+22	2.69e-01	7.31e-01	9.30e-09
 2.39071e+22	2.84e-01	7.16e-01	1.05e-08
 2.39284e+22	2.99e-01	7.01e-01	1.18e-08
 2.39476e+22	3.14e-01	6.86e-01	1.31e-08
 2.39661e+22	3.28e-01	6.72e-01	1.44e-08
 2.39853e+22	3.43e-01	6.57e-01	1.60e-08
 2.40058e+22	3.60e-01	6.40e-01	1.78e-08
 2.40260e+22	3.78e-01	6.22e-01	1.99e-08
 2.40456e+22	3.96e-01	6.04e-01	2.20e-08
 2.40653e+22	4.14e-01	5.86e-01	2.43e-08
 2.40859e+22	4.34e-01	5.66e-01	2.70e-08
 2.41071e+22	4.55e-01	5.45e-01	3.00e-08
 2.41282e+22	4.77e-01	5.23e-01	3.32e-08
 2.41497e+22	4.99e-01	5.01e-01	3.67e-08
 2.41717e+22	5.22e-01	4.78e-01	4.06e-08
 2.41929e+22	5.45e-01	4.55e-01	4.45e-08
 2.42088e+22	5.63e-01	4.37e-01	4.76e-08
 2.42188e+22	5.72e-01	4.28e-01	4.93e-08
 2.42285e+22	5.80e-01	4.20e-01	5.10e-08
 2.42411e+22	5.92e-01	4.08e-01	5.34e-08
 2.42555e+22	6.08e-01	3.92e-01	5.64e-08
 2.42686e+22	6.22e-01	3.78e-01	5.91e-08
 2.42792e+22	6.33e-01	3.67e-01	6.10e-08
 2.42897e+22	6.43e-01	3.57e-01	6.31e-08
 2.43020e+22	6.55e-01	3.45e-01	6.55e-08
 2.43150e+22	6.69e-01	3.31e-01	6.81e-08
 2.43265e+22	6.81e-01	3.19e-01	7.03e-08
 2.43367e+22	6.91e-01	3.09e-01	7.22e-08
 2.43473e+22	7.00e-01	3.00e-01	7.41e-08
 2.43591e+22	7.12e-01	2.88e-01	7.62e-08
 2.43711e+22	7.24e-01	2.76e-01	7.82e-08
 2.43820e+22	7.34e-01	2.66e-01	7.98e-08
 2.43922e+22	7.43e-01	2.57e-01	8.13e-08
 2.44031e+22	7.52e-01	2.48e-01	8.27e-08
 2.44149e+22	7.62e-01	2.38e-01	8.43e-08
 2.44264e+22	7.72e-01	2.28e-01	8.56e-08
 2.44367e+22	7.81e-01	2.19e-01	8.66e-08
 2.44468e+22	7.88e-01	2.12e-01	8.75e-08
 2.44580e+22	7.97e-01	2.03e-01	8.83e-08
 2.44698e+22	8.06e-01	1.94e-01	8.90e-08
 2.44808e+22	8.14e-01	1.86e-01	8.95e-08
 2.44909e+22	8.21e-01	1.79e-01	8.98e-08
 2.45013e+22	8.28e-01	1.72e-01	9.00e-08
 2.45126e+22	8.35e-01	1.65e-01	9.00e-08
 2.45239e+22	8.42e-01	1.58e-01	8.98e-08
 2.45344e+22	8.49e-01	1.51e-01	8.96e-08
 2.45443e+22	8.54e-01	1.46e-01	8.92e-08
 2.45548e+22	8.59e-01	1.41e-01	8.88e-08
 2.45660e+22	8.65e-01	1.35e-01	8.81e-08
 2.45770e+22	8.71e-01	1.29e-01	8.73e-08
 2.45873e+22	8.75e-01	1.25e-01	8.65e-08
 2.45975e+22	8.80e-01	1.20e-01	8.57e-08
 2.46085e+22	8.84e-01	1.16e-01	8.47e-08
 2.46201e+22	8.89e-01	1.11e-01	8.35e-08
 2.46311e+22	8.93e-01	1.07e-01	8.22e-08
 2.46418e+22	8.96e-01	1.04e-01	8.08e-08
 2.46527e+22	9.00e-01	1.00e-01	7.93e-08
 2.46640e+22	9.03e-01	9.72e-02	7.77e-08
 2.46753e+22	9.06e-01	9.41e-02	7.61e-08
 2.46865e+22	9.09e-01	9.13e-02	7.45e-08
 2.46976e+22	9.11e-01	8.88e-02	7.30e-08
 2.47087e+22	9.14e-01	8.65e-02	7.15e-08
 2.47198e+22	9.16e-01	8.43e-02	7.01e-08
 2.47311e+22	9.18e-01	8.23e-02	6.87e-08
 2.47426e+22	9.20e-01	8.04e-02	6.69e-08
 2.47542e+22	9.21e-01	7.86e-02	6.51e-08
 2.47662e+22	9.23e-01	7.69e-02	6.35e-08
 2.47785e+22	9.25e-01	7.53e-02	6.18e-08
 2.47911e+22	9.26e-01	7.37e-02	6.02e-08
 2.48038e+22	9.28e-01	7.24e-02	5.87e-08
 2.48171e+22	9.29e-01	7.11e-02	5.73e-08
 2.48314e+22	9.30e-01	6.98e-02	5.59e-08
 2.48467e+22	9.32e-01	6.84e-02	5.44e-08
 2.48619e+22	9.33e-01	6.73e-02	5.32e-08
 2.48758e+22	9.33e-01	6.65e-02	5.21e-08
 2.48884e+22	9.34e-01	6.60e-02	5.13e-08
 2.49022e+22	9.35e-01	6.53e-02	5.04e-08
 2.49171e+22	9.36e-01	6.44e-02	4.94e-08
 2.49307e+22	9.36e-01	6.39e-02	4.89e-08
 2.49456e+22	9.37e-01	6.33e-02	4.81e-08
 2.49617e+22	9.37e-01	6.26e-02	4.74e-08
 2.49793e+22	9.38e-01	6.19e-02	4.67e-08
 2.50022e+22	9.39e-01	6.11e-02	4.58e-08
 2.50269e+22	9.40e-01	6.03e-02	4.53e-08
 2.50540e+22	9.40e-01	5.96e-02	4.47e-08
 2.50892e+22	9.41e-01	5.86e-02	4.39e-08
 2.51272e+22	9.42e-01	5.79e-02	4.34e-08
 2.51689e+22	9.43e-01	5.73e-02	4.28e-08
 2.52138e+22	9.43e-01	5.66e-02	4.23e-08
 2.52631e+22	9.44e-01	5.60e-02	4.18e-08
 2.53163e+22	9.45e-01	5.53e-02	4.13e-08
 2.53746e+22	9.45e-01	5.46e-02	4.08e-08
 2.54375e+22	9.46e-01	5.40e-02	4.04e-08
 2.55065e+22	9.47e-01	5.33e-02	3.99e-08
 2.55810e+22	9.47e-01	5.26e-02	3.95e-08
 2.56487e+22	9.48e-01	5.21e-02	3.92e-08
 2.57229e+22	9.49e-01	5.13e-02	3.86e-08
 2.58031e+22	9.49e-01	5.06e-02	3.82e-08
 2.58760e+22	9.50e-01	5.00e-02	3.79e-08
 2.59559e+22	9.51e-01	4.93e-02	3.73e-08
 2.60422e+22	9.51e-01	4.85e-02	3.69e-08
 2.61207e+22	9.52e-01	4.80e-02	3.65e-08
 2.61922e+22	9.53e-01	4.75e-02	3.62e-08
 2.62705e+22	9.53e-01	4.67e-02	3.56e-08
 2.63550e+22	9.54e-01	4.60e-02	3.51e-08
 2.64319e+22	9.54e-01	4.55e-02	3.48e-08
 2.65019e+22	9.55e-01	4.51e-02	3.45e-08
 2.65786e+22	9.56e-01	4.43e-02	3.38e-08
 2.66614e+22	9.56e-01	4.37e-02	3.34e-08
 2.67368e+22	9.57e-01	4.32e-02	3.31e-08
 2.68193e+22	9.57e-01	4.25e-02	3.25e-08
 2.69085e+22	9.58e-01	4.19e-02	3.21e-08
 2.69896e+22	9.59e-01	4.14e-02	3.18e-08
 2.70634e+22	9.59e-01	4.10e-02	3.15e-08
 2.71443e+22	9.60e-01	4.03e-02	3.08e-08
 2.72316e+22	9.60e-01	3.98e-02	3.03e-08
 2.73111e+22	9.61e-01	3.93e-02	3.00e-08
 2.73982e+22	9.61e-01	3.87e-02	2.93e-08
 2.74922e+22	9.62e-01	3.82e-02	2.89e-08
 2.75777e+22	9.62e-01	3.77e-02	2.86e-08
 2.76556e+22	9.63e-01	3.74e-02	2.82e-08
 2.77409e+22	9.63e-01	3.68e-02	2.78e-08
 2.78330e+22	9.64e-01	3.64e-02	2.75e-08
 2.79339e+22	9.64e-01	3.58e-02	2.70e-08
 2.80428e+22	9.65e-01	3.53e-02	2.67e-08
 2.81420e+22	9.65e-01	3.49e-02	2.64e-08
 2.82506e+22	9.66e-01	3.43e-02	2.59e-08
 2.83679e+22	9.66e-01	3.38e-02	2.56e-08
 2.84746e+22	9.67e-01	3.34e-02	2.53e-08
 2.85916e+22	9.67e-01	3.29e-02	2.49e-08
 2.87178e+22	9.68e-01	3.24e-02	2.46e-08
 2.88327e+22	9.68e-01	3.19e-02	2.43e-08
 2.89586e+22	9.69e-01	3.14e-02	2.39e-08
 2.90946e+22	9.69e-01	3.09e-02	2.36e-08
 2.92182e+22	9.70e-01	3.05e-02	2.34e-08
 2.93308e+22	9.70e-01	3.01e-02	2.32e-08
 2.94541e+22	9.70e-01	2.96e-02	2.28e-08
 2.95873e+22	9.71e-01	2.92e-02	2.26e-08
 2.97085e+22	9.71e-01	2.89e-02	2.24e-08
 2.98413e+22	9.72e-01	2.84e-02	2.20e-08
 2.99846e+22	9.72e-01	2.79e-02	2.18e-08
 3.01150e+22	9.72e-01	2.76e-02	2.16e-08
 3.02580e+22	9.73e-01	2.71e-02	2.13e-08
 3.04123e+22	9.73e-01	2.67e-02	2.11e-08
 3.05527e+22	9.74e-01	2.63e-02	2.09e-08
 3.07066e+22	9.74e-01	2.58e-02	2.06e-08
 3.08727e+22	9.75e-01	2.54e-02	2.04e-08
 3.10239e+22	9.75e-01	2.51e-02	2.03e-08
 3.11896e+22	9.75e-01	2.46e-02	2.01e-08
 3.13684e+22	9.76e-01	2.42e-02	1.99e-08
 3.15312e+22	9.76e-01	2.38e-02	1.97e-08
 3.16793e+22	9.76e-01	2.35e-02	1.96e-08
 3.18415e+22	9.77e-01	2.31e-02	1.94e-08
 3.20167e+22	9.77e-01	2.27e-02	1.93e-08
 3.21762e+22	9.78e-01	2.25e-02	1.92e-08
 3.23509e+22	9.78e-01	2.20e-02	1.90e-08
 3.25395e+22	9.78e-01	2.17e-02	1.89e-08
 3.27111e+22	9.79e-01	2.14e-02	1.88e-08
 3.28992e+22	9.79e-01	2.10e-02	1.86e-08
 3.31022e+22	9.79e-01	2.07e-02	1.85e-08
 3.32870e+22	9.80e-01	2.04e-02	1.83e-08
 3.34552e+22	9.80e-01	2.01e-02	1.83e-08
 3.36394e+22	9.80e-01	1.97e-02	1.81e-08
 3.38383e+22	9.81e-01	1.94e-02	1.80e-08
 3.40563e+22	9.81e-01	1.91e-02	1.79e-08
 3.42916e+22	9.81e-01	1.87e-02	1.77e-08
 3.45057e+22	9.81e-01	1.85e-02	1.77e-08
 3.47404e+22	9.82e-01	1.81e-02	1.76e-08
 3.49937e+22	9.82e-01	1.78e-02	1.75e-08
 3.52242e+22	9.83e-01	1.75e-02	1.74e-08
 3.54340e+22	9.83e-01	1.72e-02	1.73e-08
 3.56638e+22	9.83e-01	1.69e-02	1.72e-08
 3.59120e+22	9.83e-01	1.66e-02	1.71e-08
 3.61378e+22	9.84e-01	1.64e-02	1.71e-08
 3.63853e+22	9.84e-01	1.60e-02	1.70e-08
 3.66524e+22	9.84e-01	1.58e-02	1.69e-08
 3.68955e+22	9.84e-01	1.55e-02	1.69e-08
 3.71619e+22	9.85e-01	1.52e-02	1.68e-08
 3.74495e+22	9.85e-01	1.49e-02	1.67e-08
 3.77112e+22	9.85e-01	1.47e-02	1.67e-08
 3.79980e+22	9.86e-01	1.44e-02	1.66e-08
 3.83076e+22	9.86e-01	1.41e-02	1.65e-08
 3.85894e+22	9.86e-01	1.39e-02	1.65e-08
 3.88981e+22	9.86e-01	1.36e-02	1.64e-08
 3.92314e+22	9.87e-01	1.33e-02	1.64e-08
 3.95347e+22	9.87e-01	1.31e-02	1.64e-08
 3.98671e+22	9.87e-01	1.28e-02	1.63e-08
 4.02259e+22	9.87e-01	1.26e-02	1.63e-08
 4.05524e+22	9.88e-01	1.23e-02	1.63e-08
 4.08495e+22	9.88e-01	1.22e-02	1.63e-08
 4.11751e+22	9.88e-01	1.19e-02	1.62e-08
 4.15266e+22	9.88e-01	1.17e-02	1.62e-08
 4.18465e+22	9.88e-01	1.15e-02	1.62e-08
 4.21970e+22	9.89e-01	1.13e-02	1.62e-08
 4.26422e+22	9.89e-01	1.10e-02	1.61e-08
 4.31293e+22	9.89e-01	1.07e-02	1.61e-08
 4.36423e+22	9.90e-01	1.04e-02	1.61e-08
 4.41869e+22	9.90e-01	1.02e-02	1.60e-08
 4.47428e+22	9.90e-01	9.88e-03	1.60e-08
 4.53160e+22	9.90e-01	9.61e-03	1.60e-08
 4.59005e+22	9.91e-01	9.34e-03	1.60e-08
 4.64967e+22	9.91e-01	9.09e-03	1.60e-08
 4.71079e+22	9.91e-01	8.83e-03	1.60e-08
 4.77348e+22	9.91e-01	8.59e-03	1.60e-08
 4.83751e+22	9.92e-01	8.34e-03	1.60e-08
 4.90310e+22	9.92e-01	8.11e-03	1.60e-08
 4.97009e+22	9.92e-01	7.88e-03	1.60e-08
 5.03858e+22	9.92e-01	7.65e-03	1.60e-08
 5.10871e+22	9.93e-01	7.44e-03	1.60e-08
 5.18041e+22	9.93e-01	7.22e-03	1.60e-08
 5.25370e+22	9.93e-01	7.01e-03	1.60e-08
 5.32847e+22	9.93e-01	6.81e-03	1.61e-08
 5.40510e+22	9.93e-01	6.61e-03	1.61e-08
 5.48366e+22	9.94e-01	6.42e-03	1.61e-08
 5.56371e+22	9.94e-01	6.23e-03	1.61e-08
 5.64562e+22	9.94e-01	6.05e-03	1.61e-08
 5.72918e+22	9.94e-01	5.87e-03	1.62e-08
 5.81478e+22	9.94e-01	5.70e-03	1.62e-08
 5.90380e+22	9.94e-01	5.53e-03	1.62e-08
 5.99638e+22	9.95e-01	5.36e-03	1.63e-08
 6.09196e+22	9.95e-01	5.20e-03	1.63e-08
 6.19016e+22	9.95e-01	5.04e-03	1.64e-08
 6.29132e+22	9.95e-01	4.88e-03	1.65e-08
 6.39554e+22	9.95e-01	4.73e-03	1.66e-08
 6.50268e+22	9.95e-01	4.58e-03	1.67e-08
 6.61336e+22	9.96e-01	4.44e-03	1.67e-08
 6.72811e+22	9.96e-01	4.30e-03	1.68e-08
 6.84695e+22	9.96e-01	4.16e-03	1.69e-08
 6.97104e+22	9.96e-01	4.02e-03	1.71e-08
 7.10118e+22	9.96e-01	3.89e-03	1.72e-08
 7.23684e+22	9.96e-01	3.76e-03	1.73e-08
 7.37801e+22	9.96e-01	3.63e-03	1.74e-08
 7.52481e+22	9.96e-01	3.50e-03	1.76e-08
 7.67802e+22	9.97e-01	3.38e-03	1.77e-08
 7.83811e+22	9.97e-01	3.26e-03	1.79e-08
 8.00545e+22	9.97e-01	3.14e-03	1.80e-08
 8.18142e+22	9.97e-01	3.03e-03	1.82e-08
 8.36681e+22	9.97e-01	2.92e-03	1.84e-08
 8.56201e+22	9.97e-01	2.80e-03	1.86e-08
 8.76752e+22	9.97e-01	2.70e-03	1.88e-08
 8.98430e+22	9.97e-01	2.59e-03	1.91e-08
 9.21340e+22	9.98e-01	2.49e-03	1.93e-08
 9.45613e+22	9.98e-01	2.39e-03	1.96e-08
 9.71486e+22	9.98e-01	2.28e-03	1.99e-08
 9.97763e+22	9.98e-01	2.19e-03	2.02e-08
 1.02473e+23	9.98e-01	2.10e-03	2.05e-08
 1.05428e+23	9.98e-01	2.01e-03	2.08e-08
 1.08619e+23	9.98e-01	1.92e-03	2.11e-08
 1.11949e+23	9.98e-01	1.84e-03	2.15e-08
 1.15392e+23	9.98e-01	1.76e-03	2.19e-08
 1.18975e+23	9.98e-01	1.69e-03	2.22e-08
 1.22774e+23	9.98e-01	1.62e-03	2.26e-08
 1.26868e+23	9.98e-01	1.55e-03	2.31e-08
 1.31253e+23	9.99e-01	1.48e-03	2.35e-08
 1.35897e+23	9.99e-01	1.41e-03	2.40e-08
 1.40751e+23	9.99e-01	1.35e-03	2.45e-08
 1.45761e+23	9.99e-01	1.29e-03	2.50e-08
 1.50928e+23	9.99e-01	1.24e-03	2.55e-08
 1.56274e+23	9.99e-01	1.19e-03	2.60e-08
 1.61810e+23	9.99e-01	1.14e-03	2.66e-08
 1.67522e+23	9.99e-01	1.10e-03	2.71e-08
 1.73414e+23	9.99e-01	1.06e-03	2.76e-08
 1.79502e+23	9.99e-01	1.02e-03	2.82e-08
 1.85792e+23	9.99e-01	9.86e-04	2.87e-08
 1.92271e+23	9.99e-01	9.54e-04	2.93e-08
 1.98941e+23	9.99e-01	9.24e-04	2.98e-08
 2.05824e+23	9.99e-01	8.95e-04	3.04e-08
 2.12858e+23	9.99e-01	8.69e-04	3.09e-08
 2.20087e+23	9.99e-01	8.46e-04	3.14e-08
 2.27587e+23	9.99e-01	8.25e-04	3.19e-08
 2.35099e+23	9.99e-01	8.06e-04	3.23e-08
 2.42137e+23	9.99e-01	7.89e-04	3.27e-08
 2.48472e+23	9.99e-01	7.75e-04	3.31e-08
 2.54173e+23	9.99e-01	7.63e-04	3.34e-08
 2.59304e+23	9.99e-01	7.54e-04	3.36e-08
 2.63922e+23	9.99e-01	7.46e-04	3.38e-08
 2.68078e+23	9.99e-01	7.39e-04	3.40e-08
 2.71818e+23	9.99e-01	7.34e-04	3.41e-08
 2.75184e+23	9.99e-01	7.29e-04	3.43e-08
 2.78306e+23	9.99e-01	7.25e-04	3.44e-08
 2.81361e+23	9.99e-01	7.21e-04	3.45e-08
 2.84416e+23	9.99e-01	7.18e-04	3.46e-08
 2.87471e+23	9.99e-01	7.15e-04	3.47e-08
 2.90526e+23	9.99e-01	7.11e-04	3.48e-08
 2.93580e+23	9.99e-01	7.09e-04	3.48e-08
 2.96635e+23	9.99e-01	7.06e-04	3.49e-08
 2.99690e+23	9.99e-01	7.03e-04	3.50e-08
 3.02745e+23	9.99e-01	7.01e-04	3.50e-08
 3.04877e+23	9.99e-01	6.98e-04	3.51e-08
