#depth	O	O+	O+2	O+3	O+4	O+5	O+6	O+7	O+8	O[1]	O[2]	O[3]
 6.18079e+18	6.68e-13	6.38e-08	1.84e-04	2.32e-02	1.63e-01	3.26e-01	4.74e-01	1.33e-02	7.50e-05	6.68e-13	3.31e-18	3.79e-18
 3.70847e+19	7.36e-13	6.99e-08	1.98e-04	2.44e-02	1.69e-01	3.30e-01	4.64e-01	1.27e-02	6.98e-05	7.36e-13	3.63e-18	4.15e-18
 1.24758e+20	9.64e-13	8.95e-08	2.41e-04	2.80e-02	1.82e-01	3.40e-01	4.39e-01	1.12e-02	5.78e-05	9.64e-13	4.64e-18	5.32e-18
 2.53175e+20	1.41e-12	1.25e-07	3.16e-04	3.35e-02	2.00e-01	3.51e-01	4.06e-01	9.43e-03	4.43e-05	1.40e-12	6.44e-18	7.40e-18
 3.51977e+20	1.85e-12	1.59e-07	3.83e-04	3.80e-02	2.13e-01	3.57e-01	3.83e-01	8.31e-03	3.64e-05	1.85e-12	8.16e-18	9.39e-18
 4.09789e+20	2.16e-12	1.82e-07	4.26e-04	4.08e-02	2.20e-01	3.60e-01	3.71e-01	7.73e-03	3.26e-05	2.16e-12	9.45e-18	1.09e-17
 4.66086e+20	2.52e-12	2.08e-07	4.73e-04	4.37e-02	2.28e-01	3.62e-01	3.59e-01	7.20e-03	2.92e-05	2.52e-12	1.09e-17	1.26e-17
 5.39272e+20	3.07e-12	2.47e-07	5.41e-04	4.77e-02	2.38e-01	3.64e-01	3.43e-01	6.57e-03	2.54e-05	3.07e-12	1.31e-17	1.51e-17
 6.34413e+20	3.95e-12	3.06e-07	6.41e-04	5.32e-02	2.50e-01	3.66e-01	3.24e-01	5.83e-03	2.12e-05	3.95e-12	1.65e-17	1.91e-17
 7.38122e+20	5.14e-12	3.82e-07	7.63e-04	5.94e-02	2.63e-01	3.67e-01	3.04e-01	5.13e-03	1.75e-05	5.14e-12	2.10e-17	2.42e-17
 8.30897e+20	6.44e-12	4.61e-07	8.86e-04	6.53e-02	2.74e-01	3.67e-01	2.88e-01	4.58e-03	1.48e-05	6.44e-12	2.59e-17	2.98e-17
 9.29434e+20	8.18e-12	5.62e-07	1.04e-03	7.20e-02	2.86e-01	3.66e-01	2.70e-01	4.06e-03	1.24e-05	8.18e-12	3.24e-17	3.74e-17
 1.05753e+21	1.11e-11	7.23e-07	1.26e-03	8.13e-02	3.01e-01	3.64e-01	2.49e-01	3.47e-03	9.82e-06	1.11e-11	4.31e-17	4.97e-17
 1.18868e+21	1.50e-11	9.25e-07	1.52e-03	9.12e-02	3.16e-01	3.60e-01	2.29e-01	2.96e-03	7.78e-06	1.50e-11	5.71e-17	6.58e-17
 1.29483e+21	1.91e-11	1.12e-06	1.76e-03	9.97e-02	3.27e-01	3.56e-01	2.14e-01	2.61e-03	6.46e-06	1.91e-11	7.15e-17	8.23e-17
 1.40385e+21	2.43e-11	1.36e-06	2.04e-03	1.09e-01	3.37e-01	3.51e-01	1.99e-01	2.29e-03	5.35e-06	2.43e-11	9.02e-17	1.04e-16
 1.52059e+21	3.13e-11	1.66e-06	2.38e-03	1.19e-01	3.48e-01	3.45e-01	1.84e-01	1.99e-03	4.37e-06	3.13e-11	1.14e-16	1.31e-16
 1.62138e+21	3.86e-11	1.96e-06	2.69e-03	1.28e-01	3.57e-01	3.39e-01	1.72e-01	1.77e-03	3.69e-06	3.86e-11	1.39e-16	1.60e-16
 1.72645e+21	4.79e-11	2.33e-06	3.06e-03	1.38e-01	3.65e-01	3.32e-01	1.60e-01	1.56e-03	3.09e-06	4.79e-11	1.71e-16	1.97e-16
 1.86304e+21	6.32e-11	2.89e-06	3.59e-03	1.51e-01	3.75e-01	3.23e-01	1.45e-01	1.33e-03	2.46e-06	6.32e-11	2.23e-16	2.57e-16
 2.00090e+21	8.24e-11	3.55e-06	4.19e-03	1.65e-01	3.84e-01	3.14e-01	1.32e-01	1.13e-03	1.96e-06	8.24e-11	2.86e-16	3.29e-16
 2.11084e+21	1.01e-10	4.15e-06	4.71e-03	1.76e-01	3.90e-01	3.06e-01	1.23e-01	9.92e-04	1.64e-06	1.01e-10	3.47e-16	4.00e-16
 2.22422e+21	1.25e-10	4.87e-06	5.30e-03	1.88e-01	3.96e-01	2.97e-01	1.13e-01	8.69e-04	1.36e-06	1.25e-10	4.26e-16	4.91e-16
 2.37162e+21	1.63e-10	5.97e-06	6.15e-03	2.03e-01	4.02e-01	2.86e-01	1.02e-01	7.33e-04	1.07e-06	1.63e-10	5.50e-16	6.34e-16
 2.52414e+21	2.12e-10	7.27e-06	7.12e-03	2.20e-01	4.07e-01	2.74e-01	9.15e-02	6.15e-04	8.43e-07	2.12e-10	7.05e-16	8.13e-16
 2.65234e+21	2.63e-10	8.52e-06	8.02e-03	2.33e-01	4.11e-01	2.64e-01	8.35e-02	5.31e-04	0.00e+00	2.63e-10	8.65e-16	9.97e-16
 2.78802e+21	3.29e-10	1.01e-05	9.06e-03	2.48e-01	4.13e-01	2.53e-01	7.58e-02	4.55e-04	0.00e+00	3.29e-10	1.08e-15	1.24e-15
 2.96440e+21	4.37e-10	1.24e-05	1.06e-02	2.68e-01	4.15e-01	2.39e-01	6.67e-02	3.73e-04	0.00e+00	4.37e-10	1.41e-15	1.63e-15
 3.14367e+21	5.72e-10	1.51e-05	1.22e-02	2.88e-01	4.15e-01	2.26e-01	5.87e-02	3.05e-04	0.00e+00	5.72e-10	1.83e-15	2.11e-15
 3.29206e+21	7.11e-10	1.77e-05	1.38e-02	3.04e-01	4.15e-01	2.14e-01	5.28e-02	2.58e-04	0.00e+00	7.11e-10	2.25e-15	2.60e-15
 3.45034e+21	8.97e-10	2.10e-05	1.55e-02	3.22e-01	4.13e-01	2.03e-01	4.70e-02	2.17e-04	0.00e+00	8.97e-10	2.82e-15	3.26e-15
 3.62702e+21	1.15e-09	2.50e-05	1.77e-02	3.41e-01	4.09e-01	1.90e-01	4.14e-02	1.78e-04	0.00e+00	1.15e-09	3.56e-15	4.12e-15
 3.80132e+21	1.45e-09	2.95e-05	2.00e-02	3.60e-01	4.05e-01	1.78e-01	3.65e-02	1.48e-04	0.00e+00	1.45e-09	4.46e-15	5.16e-15
 3.97531e+21	1.81e-09	3.46e-05	2.25e-02	3.78e-01	4.00e-01	1.67e-01	3.22e-02	1.23e-04	0.00e+00	1.81e-09	5.53e-15	6.41e-15
 4.14585e+21	2.24e-09	4.03e-05	2.53e-02	3.96e-01	3.94e-01	1.56e-01	2.85e-02	1.02e-04	0.00e+00	2.24e-09	6.81e-15	7.89e-15
 4.31276e+21	2.74e-09	4.65e-05	2.81e-02	4.13e-01	3.87e-01	1.46e-01	2.53e-02	8.55e-05	0.00e+00	2.74e-09	8.27e-15	9.58e-15
 4.50430e+21	3.46e-09	5.48e-05	3.17e-02	4.32e-01	3.79e-01	1.35e-01	2.20e-02	6.98e-05	0.00e+00	3.46e-09	1.04e-14	1.20e-14
 4.71948e+21	4.41e-09	6.51e-05	3.60e-02	4.53e-01	3.69e-01	1.24e-01	1.89e-02	5.58e-05	0.00e+00	4.41e-09	1.31e-14	1.52e-14
 4.92298e+21	5.48e-09	7.58e-05	4.05e-02	4.71e-01	3.58e-01	1.14e-01	1.63e-02	4.54e-05	0.00e+00	5.48e-09	1.62e-14	1.88e-14
 5.11555e+21	6.71e-09	8.74e-05	4.51e-02	4.88e-01	3.48e-01	1.05e-01	1.43e-02	3.74e-05	0.00e+00	6.71e-09	1.97e-14	2.29e-14
 5.30721e+21	8.16e-09	1.00e-04	5.00e-02	5.03e-01	3.37e-01	9.65e-02	1.25e-02	3.09e-05	0.00e+00	8.16e-09	2.38e-14	2.77e-14
 5.52723e+21	1.02e-08	1.18e-04	5.62e-02	5.21e-01	3.25e-01	8.76e-02	1.07e-02	2.48e-05	0.00e+00	1.02e-08	2.97e-14	3.45e-14
 5.77316e+21	1.29e-08	1.39e-04	6.38e-02	5.38e-01	3.10e-01	7.86e-02	9.02e-03	1.95e-05	0.00e+00	1.29e-08	3.73e-14	4.34e-14
 6.00324e+21	1.59e-08	1.61e-04	7.16e-02	5.53e-01	2.97e-01	7.09e-02	7.70e-03	1.57e-05	0.00e+00	1.59e-08	4.57e-14	5.32e-14
 6.21847e+21	1.93e-08	1.84e-04	7.96e-02	5.66e-01	2.84e-01	6.43e-02	6.65e-03	1.28e-05	0.00e+00	1.93e-08	5.52e-14	6.43e-14
 6.46389e+21	2.43e-08	2.17e-04	8.96e-02	5.79e-01	2.69e-01	5.74e-02	5.62e-03	1.02e-05	0.00e+00	2.43e-08	6.90e-14	8.04e-14
 6.73243e+21	3.06e-08	2.56e-04	1.02e-01	5.91e-01	2.52e-01	5.05e-02	4.67e-03	7.93e-06	0.00e+00	3.06e-08	8.65e-14	1.01e-13
 6.97529e+21	3.73e-08	2.95e-04	1.14e-01	5.99e-01	2.38e-01	4.50e-02	3.97e-03	6.38e-06	0.00e+00	3.73e-08	1.05e-13	1.22e-13
 7.20011e+21	4.50e-08	3.38e-04	1.27e-01	6.05e-01	2.24e-01	4.03e-02	3.41e-03	5.21e-06	0.00e+00	4.50e-08	1.26e-13	1.47e-13
 7.45723e+21	5.62e-08	3.98e-04	1.43e-01	6.10e-01	2.08e-01	3.54e-02	2.86e-03	4.13e-06	0.00e+00	5.62e-08	1.57e-13	1.83e-13
 7.73727e+21	7.06e-08	4.72e-04	1.63e-01	6.12e-01	1.92e-01	3.06e-02	2.36e-03	3.22e-06	0.00e+00	7.06e-08	1.96e-13	2.29e-13
 7.98762e+21	8.63e-08	5.49e-04	1.83e-01	6.11e-01	1.77e-01	2.68e-02	1.98e-03	2.58e-06	0.00e+00	8.63e-08	2.39e-13	2.79e-13
 8.21547e+21	1.04e-07	6.33e-04	2.03e-01	6.07e-01	1.64e-01	2.36e-02	1.69e-03	2.11e-06	0.00e+00	1.04e-07	2.88e-13	3.35e-13
 8.47353e+21	1.30e-07	7.51e-04	2.30e-01	6.00e-01	1.49e-01	2.02e-02	1.40e-03	1.67e-06	0.00e+00	1.30e-07	3.59e-13	4.19e-13
 8.73668e+21	1.62e-07	8.87e-04	2.60e-01	5.87e-01	1.33e-01	1.72e-02	1.15e-03	1.31e-06	0.00e+00	1.62e-07	4.44e-13	5.17e-13
 8.94995e+21	1.93e-07	1.02e-03	2.88e-01	5.74e-01	1.21e-01	1.50e-02	9.74e-04	1.07e-06	0.00e+00	1.93e-07	5.29e-13	6.16e-13
 9.12641e+21	2.25e-07	1.15e-03	3.13e-01	5.60e-01	1.11e-01	1.33e-02	8.45e-04	9.08e-07	0.00e+00	2.25e-07	6.14e-13	7.15e-13
 9.31152e+21	2.66e-07	1.31e-03	3.42e-01	5.43e-01	1.01e-01	1.16e-02	7.20e-04	0.00e+00	0.00e+00	2.66e-07	7.27e-13	8.46e-13
 9.50978e+21	3.09e-07	1.47e-03	3.76e-01	5.22e-01	8.97e-02	9.93e-03	6.03e-04	0.00e+00	0.00e+00	3.09e-07	8.40e-13	9.78e-13
 9.69225e+21	3.75e-07	1.71e-03	4.10e-01	5.00e-01	7.99e-02	8.55e-03	5.08e-04	0.00e+00	0.00e+00	3.75e-07	1.02e-12	1.18e-12
 9.85231e+21	4.23e-07	1.89e-03	4.41e-01	4.78e-01	7.15e-02	7.42e-03	4.33e-04	0.00e+00	0.00e+00	4.23e-07	1.15e-12	1.33e-12
 1.00161e+22	5.08e-07	2.17e-03	4.76e-01	4.53e-01	6.30e-02	6.35e-03	3.63e-04	0.00e+00	0.00e+00	5.08e-07	1.37e-12	1.60e-12
 1.01871e+22	5.91e-07	2.45e-03	5.12e-01	4.25e-01	5.48e-02	5.36e-03	3.00e-04	0.00e+00	0.00e+00	5.91e-07	1.60e-12	1.85e-12
 1.03395e+22	6.82e-07	2.73e-03	5.46e-01	3.99e-01	4.78e-02	4.56e-03	2.50e-04	0.00e+00	0.00e+00	6.82e-07	1.84e-12	2.14e-12
 1.05094e+22	8.01e-07	3.09e-03	5.84e-01	3.68e-01	4.05e-02	3.76e-03	2.01e-04	0.00e+00	0.00e+00	8.01e-07	2.16e-12	2.50e-12
 1.06925e+22	9.45e-07	3.49e-03	6.25e-01	3.35e-01	3.36e-02	3.03e-03	1.58e-04	0.00e+00	0.00e+00	9.45e-07	2.54e-12	2.95e-12
 1.08552e+22	1.09e-06	3.88e-03	6.60e-01	3.06e-01	2.81e-02	2.48e-03	1.25e-04	0.00e+00	0.00e+00	1.09e-06	2.93e-12	3.40e-12
 1.10289e+22	1.28e-06	4.35e-03	6.96e-01	2.75e-01	2.29e-02	1.98e-03	9.66e-05	0.00e+00	0.00e+00	1.28e-06	3.42e-12	3.98e-12
 1.12185e+22	1.51e-06	4.87e-03	7.32e-01	2.44e-01	1.82e-02	1.55e-03	7.25e-05	0.00e+00	0.00e+00	1.51e-06	4.01e-12	4.66e-12
 1.13901e+22	1.73e-06	5.36e-03	7.61e-01	2.18e-01	1.48e-02	1.24e-03	5.56e-05	0.00e+00	0.00e+00	1.73e-06	4.61e-12	5.36e-12
 1.15234e+22	1.93e-06	5.74e-03	7.81e-01	1.99e-01	1.26e-02	1.04e-03	4.54e-05	0.00e+00	0.00e+00	1.93e-06	5.12e-12	5.95e-12
 1.16453e+22	2.13e-06	6.12e-03	7.99e-01	1.83e-01	1.08e-02	8.89e-04	3.74e-05	0.00e+00	0.00e+00	2.13e-06	5.64e-12	6.56e-12
 1.18039e+22	2.41e-06	6.62e-03	8.20e-01	1.64e-01	8.90e-03	7.25e-04	2.92e-05	0.00e+00	0.00e+00	2.41e-06	6.38e-12	7.42e-12
 1.20100e+22	2.82e-06	7.28e-03	8.43e-01	1.42e-01	6.97e-03	5.61e-04	2.13e-05	0.00e+00	0.00e+00	2.82e-06	7.44e-12	8.67e-12
 1.22300e+22	3.30e-06	7.97e-03	8.63e-01	1.23e-01	5.47e-03	4.36e-04	1.55e-05	0.00e+00	0.00e+00	3.30e-06	8.66e-12	1.01e-11
 1.24280e+22	3.77e-06	8.61e-03	8.78e-01	1.08e-01	4.47e-03	3.51e-04	1.18e-05	0.00e+00	0.00e+00	3.77e-06	9.88e-12	1.15e-11
 1.26303e+22	4.31e-06	9.28e-03	8.91e-01	9.53e-02	3.68e-03	2.84e-04	9.09e-06	0.00e+00	0.00e+00	4.31e-06	1.12e-11	1.31e-11
 1.28617e+22	4.99e-06	1.00e-02	9.04e-01	8.28e-02	3.00e-03	2.26e-04	6.84e-06	0.00e+00	0.00e+00	4.99e-06	1.28e-11	1.50e-11
 1.31150e+22	5.82e-06	1.09e-02	9.15e-01	7.15e-02	2.47e-03	1.80e-04	5.14e-06	0.00e+00	0.00e+00	5.82e-06	1.47e-11	1.73e-11
 1.33778e+22	6.78e-06	1.18e-02	9.24e-01	6.19e-02	2.06e-03	1.44e-04	3.92e-06	0.00e+00	0.00e+00	6.78e-06	1.69e-11	1.99e-11
 1.36536e+22	7.91e-06	1.27e-02	9.32e-01	5.36e-02	1.75e-03	1.16e-04	3.02e-06	0.00e+00	0.00e+00	7.91e-06	1.95e-11	2.29e-11
 1.39554e+22	9.32e-06	1.38e-02	9.38e-01	4.61e-02	1.50e-03	9.23e-05	2.33e-06	0.00e+00	0.00e+00	9.32e-06	2.27e-11	2.67e-11
 1.42945e+22	1.11e-05	1.50e-02	9.44e-01	3.93e-02	1.29e-03	7.27e-05	1.79e-06	0.00e+00	0.00e+00	1.11e-05	2.68e-11	3.15e-11
 1.46821e+22	1.36e-05	1.65e-02	9.49e-01	3.31e-02	1.12e-03	5.63e-05	1.37e-06	0.00e+00	0.00e+00	1.36e-05	3.22e-11	3.80e-11
 1.50864e+22	1.66e-05	1.81e-02	9.53e-01	2.80e-02	9.92e-04	4.39e-05	1.06e-06	0.00e+00	0.00e+00	1.66e-05	3.90e-11	4.60e-11
 1.54773e+22	2.01e-05	1.97e-02	9.55e-01	2.40e-02	8.97e-04	3.49e-05	8.58e-07	0.00e+00	0.00e+00	2.01e-05	4.68e-11	5.52e-11
 1.59240e+22	2.50e-05	2.16e-02	9.57e-01	2.02e-02	8.10e-04	2.69e-05	0.00e+00	0.00e+00	0.00e+00	2.50e-05	5.77e-11	6.81e-11
 1.63959e+22	3.16e-05	2.39e-02	9.58e-01	1.70e-02	7.39e-04	2.08e-05	0.00e+00	0.00e+00	0.00e+00	3.16e-05	7.27e-11	8.56e-11
 1.67547e+22	3.80e-05	2.59e-02	9.58e-01	1.52e-02	6.97e-04	1.73e-05	0.00e+00	0.00e+00	0.00e+00	3.80e-05	8.72e-11	1.03e-10
 1.70099e+22	4.35e-05	2.74e-02	9.58e-01	1.39e-02	6.69e-04	1.51e-05	0.00e+00	0.00e+00	0.00e+00	4.35e-05	9.96e-11	1.17e-10
 1.72761e+22	4.99e-05	2.90e-02	9.58e-01	1.27e-02	6.43e-04	1.30e-05	0.00e+00	0.00e+00	0.00e+00	4.99e-05	1.14e-10	1.34e-10
 1.76223e+22	6.00e-05	3.12e-02	9.57e-01	1.12e-02	6.12e-04	1.08e-05	0.00e+00	0.00e+00	0.00e+00	6.00e-05	1.37e-10	1.61e-10
 1.79779e+22	7.33e-05	3.39e-02	9.55e-01	9.94e-03	5.85e-04	8.88e-06	0.00e+00	0.00e+00	0.00e+00	7.33e-05	1.68e-10	1.96e-10
 1.82563e+22	8.67e-05	3.63e-02	9.54e-01	9.07e-03	5.65e-04	7.63e-06	0.00e+00	0.00e+00	0.00e+00	8.67e-05	2.00e-10	2.31e-10
 1.84801e+22	9.94e-05	3.85e-02	9.52e-01	8.40e-03	5.50e-04	6.73e-06	0.00e+00	0.00e+00	0.00e+00	9.94e-05	2.30e-10	2.65e-10
 1.87228e+22	1.16e-04	4.09e-02	9.51e-01	7.68e-03	5.35e-04	5.83e-06	0.00e+00	0.00e+00	0.00e+00	1.16e-04	2.69e-10	3.08e-10
 1.89932e+22	1.38e-04	4.41e-02	9.48e-01	6.96e-03	5.19e-04	4.96e-06	0.00e+00	0.00e+00	0.00e+00	1.38e-04	3.24e-10	3.69e-10
 1.92333e+22	1.64e-04	4.73e-02	9.46e-01	6.38e-03	5.06e-04	4.29e-06	0.00e+00	0.00e+00	0.00e+00	1.64e-04	3.87e-10	4.37e-10
 1.94305e+22	1.89e-04	5.03e-02	9.43e-01	5.92e-03	4.95e-04	3.79e-06	0.00e+00	0.00e+00	0.00e+00	1.89e-04	4.51e-10	5.05e-10
 1.96112e+22	2.18e-04	5.34e-02	9.40e-01	5.51e-03	4.85e-04	3.36e-06	0.00e+00	0.00e+00	0.00e+00	2.18e-04	5.23e-10	5.81e-10
 1.98189e+22	2.56e-04	5.72e-02	9.37e-01	5.04e-03	4.75e-04	2.92e-06	0.00e+00	0.00e+00	0.00e+00	2.56e-04	6.22e-10	6.83e-10
 2.00389e+22	3.08e-04	6.20e-02	9.33e-01	4.59e-03	4.64e-04	2.50e-06	0.00e+00	0.00e+00	0.00e+00	3.08e-04	7.59e-10	8.24e-10
 2.02190e+22	3.62e-04	6.67e-02	9.28e-01	4.24e-03	4.55e-04	2.19e-06	0.00e+00	0.00e+00	0.00e+00	3.62e-04	9.06e-10	9.69e-10
 2.03643e+22	4.15e-04	7.09e-02	9.24e-01	3.96e-03	4.47e-04	1.96e-06	0.00e+00	0.00e+00	0.00e+00	4.15e-04	1.05e-09	1.11e-09
 2.05204e+22	4.82e-04	7.57e-02	9.20e-01	3.66e-03	4.39e-04	1.73e-06	0.00e+00	0.00e+00	0.00e+00	4.82e-04	1.24e-09	1.29e-09
 2.06939e+22	5.74e-04	8.20e-02	9.14e-01	3.35e-03	4.30e-04	1.50e-06	0.00e+00	0.00e+00	0.00e+00	5.74e-04	1.51e-09	1.54e-09
 2.08479e+22	6.78e-04	8.85e-02	9.07e-01	3.09e-03	4.22e-04	1.31e-06	0.00e+00	0.00e+00	0.00e+00	6.78e-04	1.82e-09	1.82e-09
 2.09757e+22	7.83e-04	9.46e-02	9.01e-01	2.87e-03	4.15e-04	1.17e-06	0.00e+00	0.00e+00	0.00e+00	7.83e-04	2.14e-09	2.10e-09
 2.11116e+22	9.14e-04	1.02e-01	8.94e-01	2.65e-03	4.07e-04	1.02e-06	0.00e+00	0.00e+00	0.00e+00	9.14e-04	2.55e-09	2.46e-09
 2.12603e+22	1.10e-03	1.11e-01	8.85e-01	2.41e-03	3.98e-04	8.84e-07	0.00e+00	0.00e+00	0.00e+00	1.10e-03	3.15e-09	2.95e-09
 2.13891e+22	1.29e-03	1.20e-01	8.76e-01	2.22e-03	3.89e-04	0.00e+00	0.00e+00	0.00e+00	0.00e+00	1.29e-03	3.82e-09	3.48e-09
 2.14957e+22	1.49e-03	1.28e-01	8.68e-01	2.06e-03	3.82e-04	0.00e+00	0.00e+00	0.00e+00	0.00e+00	1.49e-03	4.50e-09	4.02e-09
 2.16101e+22	1.74e-03	1.38e-01	8.58e-01	1.89e-03	3.74e-04	0.00e+00	0.00e+00	0.00e+00	0.00e+00	1.74e-03	5.39e-09	4.69e-09
 2.17371e+22	2.10e-03	1.51e-01	8.45e-01	1.71e-03	3.64e-04	0.00e+00	0.00e+00	0.00e+00	0.00e+00	2.10e-03	6.69e-09	5.64e-09
 2.18504e+22	2.49e-03	1.64e-01	8.32e-01	1.56e-03	3.54e-04	0.00e+00	0.00e+00	0.00e+00	0.00e+00	2.49e-03	8.19e-09	6.71e-09
 2.19457e+22	2.91e-03	1.76e-01	8.19e-01	1.44e-03	3.46e-04	0.00e+00	0.00e+00	0.00e+00	0.00e+00	2.91e-03	9.78e-09	7.81e-09
 2.20481e+22	3.42e-03	1.91e-01	8.04e-01	1.31e-03	3.36e-04	0.00e+00	0.00e+00	0.00e+00	0.00e+00	3.42e-03	1.18e-08	9.20e-09
 2.21620e+22	4.16e-03	2.09e-01	7.85e-01	1.17e-03	3.24e-04	0.00e+00	0.00e+00	0.00e+00	0.00e+00	4.16e-03	1.48e-08	1.12e-08
 2.22638e+22	5.01e-03	2.29e-01	7.65e-01	1.05e-03	3.12e-04	0.00e+00	0.00e+00	0.00e+00	0.00e+00	5.01e-03	1.83e-08	1.34e-08
 2.23503e+22	5.90e-03	2.47e-01	7.46e-01	9.53e-04	3.00e-04	0.00e+00	0.00e+00	0.00e+00	0.00e+00	5.90e-03	2.20e-08	1.58e-08
 2.24441e+22	7.05e-03	2.68e-01	7.23e-01	8.53e-04	2.88e-04	0.00e+00	0.00e+00	0.00e+00	0.00e+00	7.05e-03	2.68e-08	1.89e-08
 2.25499e+22	8.73e-03	2.96e-01	6.94e-01	7.44e-04	2.72e-04	0.00e+00	0.00e+00	0.00e+00	0.00e+00	8.73e-03	3.40e-08	2.33e-08
 2.26471e+22	1.08e-02	3.26e-01	6.62e-01	6.47e-04	2.55e-04	0.00e+00	0.00e+00	0.00e+00	0.00e+00	1.08e-02	4.28e-08	2.87e-08
 2.27262e+22	1.29e-02	3.54e-01	6.33e-01	5.72e-04	2.41e-04	0.00e+00	0.00e+00	0.00e+00	0.00e+00	1.29e-02	5.21e-08	3.44e-08
 2.27950e+22	1.51e-02	3.79e-01	6.05e-01	5.11e-04	2.27e-04	0.00e+00	0.00e+00	0.00e+00	0.00e+00	1.51e-02	6.17e-08	4.02e-08
 2.28737e+22	1.81e-02	4.09e-01	5.72e-01	4.46e-04	2.11e-04	0.00e+00	0.00e+00	0.00e+00	0.00e+00	1.81e-02	7.47e-08	4.80e-08
 2.29760e+22	2.31e-02	4.52e-01	5.25e-01	3.69e-04	1.89e-04	0.00e+00	0.00e+00	0.00e+00	0.00e+00	2.31e-02	9.59e-08	6.07e-08
 2.30760e+22	3.03e-02	5.01e-01	4.68e-01	2.95e-04	1.64e-04	0.00e+00	0.00e+00	0.00e+00	0.00e+00	3.03e-02	1.27e-07	7.91e-08
 2.31453e+22	3.69e-02	5.38e-01	4.24e-01	2.48e-04	1.45e-04	0.00e+00	0.00e+00	0.00e+00	0.00e+00	3.69e-02	1.54e-07	9.57e-08
 2.31973e+22	4.26e-02	5.65e-01	3.92e-01	2.17e-04	1.32e-04	0.00e+00	0.00e+00	0.00e+00	0.00e+00	4.26e-02	1.78e-07	1.10e-07
 2.32544e+22	4.96e-02	5.93e-01	3.57e-01	1.87e-04	1.17e-04	0.00e+00	0.00e+00	0.00e+00	0.00e+00	4.96e-02	2.07e-07	1.27e-07
 2.33287e+22	6.07e-02	6.28e-01	3.11e-01	1.52e-04	9.89e-05	0.00e+00	0.00e+00	0.00e+00	0.00e+00	6.07e-02	2.52e-07	1.54e-07
 2.34017e+22	7.59e-02	6.63e-01	2.61e-01	1.20e-04	7.95e-05	0.00e+00	0.00e+00	0.00e+00	0.00e+00	7.59e-02	3.13e-07	1.90e-07
 2.34524e+22	8.90e-02	6.85e-01	2.26e-01	1.00e-04	6.66e-05	0.00e+00	0.00e+00	0.00e+00	0.00e+00	8.90e-02	3.64e-07	2.21e-07
 2.34894e+22	9.94e-02	6.98e-01	2.03e-01	8.78e-05	5.82e-05	0.00e+00	0.00e+00	0.00e+00	0.00e+00	9.94e-02	4.04e-07	2.44e-07
 2.35288e+22	1.11e-01	7.09e-01	1.80e-01	7.67e-05	5.02e-05	0.00e+00	0.00e+00	0.00e+00	0.00e+00	1.11e-01	4.48e-07	2.71e-07
 2.35800e+22	1.28e-01	7.20e-01	1.52e-01	6.42e-05	4.09e-05	0.00e+00	0.00e+00	0.00e+00	0.00e+00	1.28e-01	5.10e-07	3.08e-07
 2.36327e+22	1.50e-01	7.26e-01	1.24e-01	5.20e-05	3.16e-05	0.00e+00	0.00e+00	0.00e+00	0.00e+00	1.50e-01	5.90e-07	3.55e-07
 2.36728e+22	1.70e-01	7.26e-01	1.04e-01	4.42e-05	2.55e-05	0.00e+00	0.00e+00	0.00e+00	0.00e+00	1.70e-01	6.56e-07	3.94e-07
 2.37039e+22	1.86e-01	7.24e-01	9.03e-02	3.91e-05	2.15e-05	0.00e+00	0.00e+00	0.00e+00	0.00e+00	1.86e-01	7.08e-07	4.25e-07
 2.37374e+22	2.03e-01	7.19e-01	7.76e-02	3.44e-05	1.78e-05	0.00e+00	0.00e+00	0.00e+00	0.00e+00	2.03e-01	7.64e-07	4.58e-07
 2.37811e+22	2.28e-01	7.09e-01	6.31e-02	2.91e-05	1.39e-05	0.00e+00	0.00e+00	0.00e+00	0.00e+00	2.28e-01	8.38e-07	5.02e-07
 2.38184e+22	2.56e-01	6.94e-01	5.04e-02	2.45e-05	1.05e-05	0.00e+00	0.00e+00	0.00e+00	0.00e+00	2.56e-01	9.17e-07	5.49e-07
 2.38373e+22	2.69e-01	6.86e-01	4.51e-02	2.27e-05	9.22e-06	0.00e+00	0.00e+00	0.00e+00	0.00e+00	2.69e-01	9.51e-07	5.69e-07
 2.38500e+22	2.77e-01	6.81e-01	4.21e-02	2.17e-05	8.49e-06	0.00e+00	0.00e+00	0.00e+00	0.00e+00	2.77e-01	9.71e-07	5.81e-07
 2.38651e+22	2.87e-01	6.74e-01	3.87e-02	2.05e-05	7.67e-06	0.00e+00	0.00e+00	0.00e+00	0.00e+00	2.87e-01	9.96e-07	5.95e-07
 2.38846e+22	3.01e-01	6.65e-01	3.46e-02	1.90e-05	6.69e-06	0.00e+00	0.00e+00	0.00e+00	0.00e+00	3.01e-01	1.03e-06	6.15e-07
 2.39071e+22	3.18e-01	6.51e-01	3.01e-02	1.73e-05	5.64e-06	0.00e+00	0.00e+00	0.00e+00	0.00e+00	3.18e-01	1.07e-06	6.38e-07
 2.39284e+22	3.36e-01	6.38e-01	2.62e-02	1.58e-05	4.78e-06	0.00e+00	0.00e+00	0.00e+00	0.00e+00	3.36e-01	1.10e-06	6.59e-07
 2.39476e+22	3.52e-01	6.25e-01	2.30e-02	1.46e-05	4.09e-06	0.00e+00	0.00e+00	0.00e+00	0.00e+00	3.52e-01	1.14e-06	6.78e-07
 2.39661e+22	3.68e-01	6.12e-01	2.03e-02	1.35e-05	3.52e-06	0.00e+00	0.00e+00	0.00e+00	0.00e+00	3.68e-01	1.16e-06	6.95e-07
 2.39853e+22	3.85e-01	5.98e-01	1.77e-02	1.25e-05	3.00e-06	0.00e+00	0.00e+00	0.00e+00	0.00e+00	3.85e-01	1.19e-06	7.12e-07
 2.40058e+22	4.04e-01	5.81e-01	1.52e-02	1.14e-05	2.50e-06	0.00e+00	0.00e+00	0.00e+00	0.00e+00	4.04e-01	1.22e-06	7.29e-07
 2.40260e+22	4.23e-01	5.64e-01	1.30e-02	1.05e-05	2.08e-06	0.00e+00	0.00e+00	0.00e+00	0.00e+00	4.23e-01	1.25e-06	7.45e-07
 2.40456e+22	4.42e-01	5.46e-01	1.12e-02	9.60e-06	1.74e-06	0.00e+00	0.00e+00	0.00e+00	0.00e+00	4.42e-01	1.27e-06	7.58e-07
 2.40653e+22	4.62e-01	5.29e-01	9.55e-03	8.81e-06	1.44e-06	0.00e+00	0.00e+00	0.00e+00	0.00e+00	4.62e-01	1.29e-06	7.70e-07
 2.40859e+22	4.82e-01	5.09e-01	8.06e-03	8.04e-06	1.19e-06	0.00e+00	0.00e+00	0.00e+00	0.00e+00	4.82e-01	1.31e-06	7.80e-07
 2.41071e+22	5.05e-01	4.89e-01	6.72e-03	7.30e-06	9.58e-07	0.00e+00	0.00e+00	0.00e+00	0.00e+00	5.05e-01	1.32e-06	7.89e-07
 2.41282e+22	5.27e-01	4.67e-01	5.57e-03	6.62e-06	0.00e+00	0.00e+00	0.00e+00	0.00e+00	0.00e+00	5.27e-01	1.33e-06	7.95e-07
 2.41497e+22	5.50e-01	4.46e-01	4.59e-03	6.00e-06	0.00e+00	0.00e+00	0.00e+00	0.00e+00	0.00e+00	5.50e-01	1.34e-06	7.99e-07
 2.41717e+22	5.73e-01	4.23e-01	3.74e-03	5.41e-06	0.00e+00	0.00e+00	0.00e+00	0.00e+00	0.00e+00	5.73e-01	1.34e-06	7.99e-07
 2.41929e+22	5.96e-01	4.01e-01	3.04e-03	4.89e-06	0.00e+00	0.00e+00	0.00e+00	0.00e+00	0.00e+00	5.96e-01	1.34e-06	7.97e-07
 2.42088e+22	6.13e-01	3.84e-01	2.59e-03	4.53e-06	0.00e+00	0.00e+00	0.00e+00	0.00e+00	0.00e+00	6.13e-01	1.33e-06	7.93e-07
 2.42188e+22	6.22e-01	3.76e-01	2.36e-03	4.35e-06	0.00e+00	0.00e+00	0.00e+00	0.00e+00	0.00e+00	6.22e-01	1.33e-06	7.90e-07
 2.42285e+22	6.30e-01	3.68e-01	2.17e-03	4.19e-06	0.00e+00	0.00e+00	0.00e+00	0.00e+00	0.00e+00	6.30e-01	1.32e-06	7.87e-07
 2.42411e+22	6.42e-01	3.56e-01	1.92e-03	3.97e-06	0.00e+00	0.00e+00	0.00e+00	0.00e+00	0.00e+00	6.42e-01	1.31e-06	7.82e-07
 2.42555e+22	6.57e-01	3.41e-01	1.66e-03	3.70e-06	0.00e+00	0.00e+00	0.00e+00	0.00e+00	0.00e+00	6.57e-01	1.30e-06	7.74e-07
 2.42686e+22	6.71e-01	3.27e-01	1.45e-03	3.46e-06	0.00e+00	0.00e+00	0.00e+00	0.00e+00	0.00e+00	6.71e-01	1.29e-06	7.67e-07
 2.42792e+22	6.81e-01	3.18e-01	1.30e-03	3.30e-06	0.00e+00	0.00e+00	0.00e+00	0.00e+00	0.00e+00	6.81e-01	1.28e-06	7.61e-07
 2.42897e+22	6.90e-01	3.09e-01	1.17e-03	3.15e-06	0.00e+00	0.00e+00	0.00e+00	0.00e+00	0.00e+00	6.90e-01	1.27e-06	7.54e-07
 2.43020e+22	7.02e-01	2.97e-01	1.03e-03	2.98e-06	0.00e+00	0.00e+00	0.00e+00	0.00e+00	0.00e+00	7.02e-01	1.25e-06	7.45e-07
 2.43150e+22	7.15e-01	2.84e-01	9.02e-04	2.79e-06	0.00e+00	0.00e+00	0.00e+00	0.00e+00	0.00e+00	7.15e-01	1.24e-06	7.34e-07
 2.43265e+22	7.26e-01	2.73e-01	7.98e-04	2.63e-06	0.00e+00	0.00e+00	0.00e+00	0.00e+00	0.00e+00	7.26e-01	1.22e-06	7.24e-07
 2.43367e+22	7.35e-01	2.64e-01	7.18e-04	2.51e-06	0.00e+00	0.00e+00	0.00e+00	0.00e+00	0.00e+00	7.35e-01	1.21e-06	7.15e-07
 2.43473e+22	7.44e-01	2.55e-01	6.45e-04	2.39e-06	0.00e+00	0.00e+00	0.00e+00	0.00e+00	0.00e+00	7.44e-01	1.19e-06	7.06e-07
 2.43591e+22	7.54e-01	2.45e-01	5.70e-04	2.25e-06	0.00e+00	0.00e+00	0.00e+00	0.00e+00	0.00e+00	7.54e-01	1.17e-06	6.95e-07
 2.43711e+22	7.65e-01	2.34e-01	5.02e-04	2.12e-06	0.00e+00	0.00e+00	0.00e+00	0.00e+00	0.00e+00	7.65e-01	1.15e-06	6.83e-07
 2.43820e+22	7.74e-01	2.25e-01	4.49e-04	2.01e-06	0.00e+00	0.00e+00	0.00e+00	0.00e+00	0.00e+00	7.74e-01	1.13e-06	6.72e-07
 2.43922e+22	7.82e-01	2.17e-01	4.05e-04	1.91e-06	0.00e+00	0.00e+00	0.00e+00	0.00e+00	0.00e+00	7.82e-01	1.12e-06	6.62e-07
 2.44031e+22	7.91e-01	2.09e-01	3.64e-04	1.82e-06	0.00e+00	0.00e+00	0.00e+00	0.00e+00	0.00e+00	7.91e-01	1.10e-06	6.51e-07
 2.44149e+22	8.00e-01	2.00e-01	3.23e-04	1.71e-06	0.00e+00	0.00e+00	0.00e+00	0.00e+00	0.00e+00	8.00e-01	1.08e-06	6.38e-07
 2.44264e+22	8.09e-01	1.91e-01	2.88e-04	1.61e-06	0.00e+00	0.00e+00	0.00e+00	0.00e+00	0.00e+00	8.09e-01	1.06e-06	6.23e-07
 2.44367e+22	8.16e-01	1.83e-01	2.61e-04	1.53e-06	0.00e+00	0.00e+00	0.00e+00	0.00e+00	0.00e+00	8.16e-01	1.04e-06	6.08e-07
 2.44468e+22	8.23e-01	1.77e-01	2.38e-04	1.46e-06	0.00e+00	0.00e+00	0.00e+00	0.00e+00	0.00e+00	8.23e-01	1.02e-06	5.94e-07
 2.44580e+22	8.31e-01	1.69e-01	2.15e-04	1.39e-06	0.00e+00	0.00e+00	0.00e+00	0.00e+00	0.00e+00	8.31e-01	9.96e-07	5.79e-07
 2.44698e+22	8.39e-01	1.61e-01	1.94e-04	1.31e-06	0.00e+00	0.00e+00	0.00e+00	0.00e+00	0.00e+00	8.39e-01	9.73e-07	5.62e-07
 2.44808e+22	8.46e-01	1.54e-01	1.76e-04	1.24e-06	0.00e+00	0.00e+00	0.00e+00	0.00e+00	0.00e+00	8.46e-01	9.52e-07	5.47e-07
 2.44909e+22	8.52e-01	1.48e-01	1.63e-04	1.18e-06	0.00e+00	0.00e+00	0.00e+00	0.00e+00	0.00e+00	8.52e-01	9.34e-07	5.34e-07
 2.45013e+22	8.58e-01	1.42e-01	1.51e-04	1.13e-06	0.00e+00	0.00e+00	0.00e+00	0.00e+00	0.00e+00	8.58e-01	9.16e-07	5.21e-07
 2.45126e+22	8.64e-01	1.36e-01	1.39e-04	1.07e-06	0.00e+00	0.00e+00	0.00e+00	0.00e+00	0.00e+00	8.64e-01	8.95e-07	5.07e-07
 2.45239e+22	8.70e-01	1.30e-01	1.28e-04	1.01e-06	0.00e+00	0.00e+00	0.00e+00	0.00e+00	0.00e+00	8.70e-01	8.75e-07	4.93e-07
 2.45344e+22	8.76e-01	1.24e-01	1.20e-04	9.61e-07	0.00e+00	0.00e+00	0.00e+00	0.00e+00	0.00e+00	8.76e-01	8.57e-07	4.80e-07
 2.45443e+22	8.80e-01	1.20e-01	1.13e-04	0.00e+00	0.00e+00	0.00e+00	0.00e+00	0.00e+00	0.00e+00	8.80e-01	8.42e-07	4.69e-07
 2.45548e+22	8.85e-01	1.15e-01	1.07e-04	0.00e+00	0.00e+00	0.00e+00	0.00e+00	0.00e+00	0.00e+00	8.85e-01	8.26e-07	4.57e-07
 2.45660e+22	8.90e-01	1.10e-01	1.01e-04	0.00e+00	0.00e+00	0.00e+00	0.00e+00	0.00e+00	0.00e+00	8.90e-01	8.08e-07	4.45e-07
 2.45770e+22	8.95e-01	1.05e-01	9.61e-05	0.00e+00	0.00e+00	0.00e+00	0.00e+00	0.00e+00	0.00e+00	8.95e-01	7.93e-07	4.34e-07
 2.45873e+22	8.99e-01	1.01e-01	9.22e-05	0.00e+00	0.00e+00	0.00e+00	0.00e+00	0.00e+00	0.00e+00	8.99e-01	7.79e-07	4.25e-07
 2.45975e+22	9.02e-01	9.76e-02	8.89e-05	0.00e+00	0.00e+00	0.00e+00	0.00e+00	0.00e+00	0.00e+00	9.02e-01	7.65e-07	4.15e-07
 2.46085e+22	9.06e-01	9.37e-02	8.57e-05	0.00e+00	0.00e+00	0.00e+00	0.00e+00	0.00e+00	0.00e+00	9.06e-01	7.51e-07	4.06e-07
 2.46201e+22	9.10e-01	8.98e-02	8.28e-05	0.00e+00	0.00e+00	0.00e+00	0.00e+00	0.00e+00	0.00e+00	9.10e-01	7.37e-07	3.96e-07
 2.46311e+22	9.14e-01	8.64e-02	8.06e-05	0.00e+00	0.00e+00	0.00e+00	0.00e+00	0.00e+00	0.00e+00	9.14e-01	7.25e-07	3.88e-07
 2.46418e+22	9.16e-01	8.34e-02	7.88e-05	0.00e+00	0.00e+00	0.00e+00	0.00e+00	0.00e+00	0.00e+00	9.16e-01	7.13e-07	3.80e-07
 2.46527e+22	9.19e-01	8.06e-02	7.73e-05	0.00e+00	0.00e+00	0.00e+00	0.00e+00	0.00e+00	0.00e+00	9.19e-01	7.01e-07	3.72e-07
 2.46640e+22	9.22e-01	7.78e-02	7.60e-05	0.00e+00	0.00e+00	0.00e+00	0.00e+00	0.00e+00	0.00e+00	9.22e-01	6.90e-07	3.65e-07
 2.46753e+22	9.25e-01	7.52e-02	7.49e-05	0.00e+00	0.00e+00	0.00e+00	0.00e+00	0.00e+00	0.00e+00	9.25e-01	6.79e-07	3.58e-07
 2.46865e+22	9.27e-01	7.28e-02	7.40e-05	0.00e+00	0.00e+00	0.00e+00	0.00e+00	0.00e+00	0.00e+00	9.27e-01	6.70e-07	3.52e-07
 2.46976e+22	9.29e-01	7.07e-02	7.34e-05	0.00e+00	0.00e+00	0.00e+00	0.00e+00	0.00e+00	0.00e+00	9.29e-01	6.61e-07	3.46e-07
 2.47087e+22	9.31e-01	6.87e-02	7.29e-05	0.00e+00	0.00e+00	0.00e+00	0.00e+00	0.00e+00	0.00e+00	9.31e-01	6.53e-07	3.40e-07
 2.47198e+22	9.33e-01	6.69e-02	7.25e-05	0.00e+00	0.00e+00	0.00e+00	0.00e+00	0.00e+00	0.00e+00	9.33e-01	6.45e-07	3.35e-07
 2.47311e+22	9.35e-01	6.51e-02	7.22e-05	0.00e+00	0.00e+00	0.00e+00	0.00e+00	0.00e+00	0.00e+00	9.35e-01	6.37e-07	3.31e-07
 2.47426e+22	9.36e-01	6.35e-02	7.20e-05	0.00e+00	0.00e+00	0.00e+00	0.00e+00	0.00e+00	0.00e+00	9.36e-01	6.30e-07	3.26e-07
 2.47542e+22	9.38e-01	6.20e-02	7.18e-05	0.00e+00	0.00e+00	0.00e+00	0.00e+00	0.00e+00	0.00e+00	9.38e-01	6.24e-07	3.22e-07
 2.47662e+22	9.39e-01	6.05e-02	7.17e-05	0.00e+00	0.00e+00	0.00e+00	0.00e+00	0.00e+00	0.00e+00	9.39e-01	6.18e-07	3.18e-07
 2.47785e+22	9.41e-01	5.91e-02	7.17e-05	0.00e+00	0.00e+00	0.00e+00	0.00e+00	0.00e+00	0.00e+00	9.41e-01	6.12e-07	3.14e-07
 2.47911e+22	9.42e-01	5.78e-02	7.17e-05	0.00e+00	0.00e+00	0.00e+00	0.00e+00	0.00e+00	0.00e+00	9.42e-01	6.06e-07	3.10e-07
 2.48038e+22	9.43e-01	5.66e-02	7.17e-05	0.00e+00	0.00e+00	0.00e+00	0.00e+00	0.00e+00	0.00e+00	9.43e-01	6.01e-07	3.07e-07
 2.48171e+22	9.44e-01	5.55e-02	7.18e-05	0.00e+00	0.00e+00	0.00e+00	0.00e+00	0.00e+00	0.00e+00	9.44e-01	5.96e-07	3.03e-07
 2.48314e+22	9.46e-01	5.44e-02	7.19e-05	0.00e+00	0.00e+00	0.00e+00	0.00e+00	0.00e+00	0.00e+00	9.46e-01	5.91e-07	3.00e-07
 2.48467e+22	9.47e-01	5.32e-02	7.20e-05	0.00e+00	0.00e+00	0.00e+00	0.00e+00	0.00e+00	0.00e+00	9.47e-01	5.86e-07	2.97e-07
 2.48619e+22	9.48e-01	5.22e-02	7.20e-05	0.00e+00	0.00e+00	0.00e+00	0.00e+00	0.00e+00	0.00e+00	9.48e-01	5.82e-07	2.94e-07
 2.48758e+22	9.48e-01	5.15e-02	7.22e-05	0.00e+00	0.00e+00	0.00e+00	0.00e+00	0.00e+00	0.00e+00	9.48e-01	5.78e-07	2.92e-07
 2.48884e+22	9.49e-01	5.11e-02	7.23e-05	0.00e+00	0.00e+00	0.00e+00	0.00e+00	0.00e+00	0.00e+00	9.49e-01	5.76e-07	2.90e-07
 2.49022e+22	9.49e-01	5.05e-02	7.24e-05	0.00e+00	0.00e+00	0.00e+00	0.00e+00	0.00e+00	0.00e+00	9.49e-01	5.73e-07	2.88e-07
 2.49171e+22	9.50e-01	4.96e-02	7.25e-05	0.00e+00	0.00e+00	0.00e+00	0.00e+00	0.00e+00	0.00e+00	9.50e-01	5.69e-07	2.86e-07
 2.49307e+22	9.51e-01	4.93e-02	7.24e-05	0.00e+00	0.00e+00	0.00e+00	0.00e+00	0.00e+00	0.00e+00	9.51e-01	5.68e-07	2.84e-07
 2.49456e+22	9.51e-01	4.87e-02	7.25e-05	0.00e+00	0.00e+00	0.00e+00	0.00e+00	0.00e+00	0.00e+00	9.51e-01	5.65e-07	2.83e-07
 2.49617e+22	9.52e-01	4.81e-02	7.26e-05	0.00e+00	0.00e+00	0.00e+00	0.00e+00	0.00e+00	0.00e+00	9.52e-01	5.62e-07	2.81e-07
 2.49793e+22	9.52e-01	4.75e-02	7.26e-05	0.00e+00	0.00e+00	0.00e+00	0.00e+00	0.00e+00	0.00e+00	9.52e-01	5.58e-07	2.79e-07
 2.50022e+22	9.53e-01	4.68e-02	7.26e-05	0.00e+00	0.00e+00	0.00e+00	0.00e+00	0.00e+00	0.00e+00	9.53e-01	5.53e-07	2.77e-07
 2.50269e+22	9.54e-01	4.61e-02	7.25e-05	0.00e+00	0.00e+00	0.00e+00	0.00e+00	0.00e+00	0.00e+00	9.54e-01	5.51e-07	2.75e-07
 2.50540e+22	9.54e-01	4.55e-02	7.25e-05	0.00e+00	0.00e+00	0.00e+00	0.00e+00	0.00e+00	0.00e+00	9.54e-01	5.47e-07	2.74e-07
 2.50892e+22	9.55e-01	4.46e-02	7.24e-05	0.00e+00	0.00e+00	0.00e+00	0.00e+00	0.00e+00	0.00e+00	9.55e-01	5.42e-07	2.71e-07
 2.51272e+22	9.56e-01	4.41e-02	7.23e-05	0.00e+00	0.00e+00	0.00e+00	0.00e+00	0.00e+00	0.00e+00	9.56e-01	5.39e-07	2.70e-07
 2.51689e+22	9.56e-01	4.35e-02	7.22e-05	0.00e+00	0.00e+00	0.00e+00	0.00e+00	0.00e+00	0.00e+00	9.56e-01	5.35e-07	2.68e-07
 2.52138e+22	9.57e-01	4.29e-02	7.20e-05	0.00e+00	0.00e+00	0.00e+00	0.00e+00	0.00e+00	0.00e+00	9.57e-01	5.33e-07	2.66e-07
 2.52631e+22	9.58e-01	4.23e-02	7.19e-05	0.00e+00	0.00e+00	0.00e+00	0.00e+00	0.00e+00	0.00e+00	9.58e-01	5.29e-07	2.64e-07
 2.53163e+22	9.58e-01	4.17e-02	7.16e-05	0.00e+00	0.00e+00	0.00e+00	0.00e+00	0.00e+00	0.00e+00	9.58e-01	5.26e-07	2.62e-07
 2.53746e+22	9.59e-01	4.11e-02	7.14e-05	0.00e+00	0.00e+00	0.00e+00	0.00e+00	0.00e+00	0.00e+00	9.59e-01	5.23e-07	2.60e-07
 2.54375e+22	9.59e-01	4.06e-02	7.11e-05	0.00e+00	0.00e+00	0.00e+00	0.00e+00	0.00e+00	0.00e+00	9.59e-01	5.21e-07	2.59e-07
 2.55065e+22	9.60e-01	4.00e-02	7.08e-05	0.00e+00	0.00e+00	0.00e+00	0.00e+00	0.00e+00	0.00e+00	9.60e-01	5.18e-07	2.57e-07
 2.55810e+22	9.61e-01	3.94e-02	7.04e-05	0.00e+00	0.00e+00	0.00e+00	0.00e+00	0.00e+00	0.00e+00	9.61e-01	5.16e-07	2.55e-07
 2.56487e+22	9.61e-01	3.89e-02	7.01e-05	0.00e+00	0.00e+00	0.00e+00	0.00e+00	0.00e+00	0.00e+00	9.61e-01	5.14e-07	2.53e-07
 2.57229e+22	9.62e-01	3.82e-02	6.97e-05	0.00e+00	0.00e+00	0.00e+00	0.00e+00	0.00e+00	0.00e+00	9.62e-01	5.11e-07	2.51e-07
 2.58031e+22	9.62e-01	3.76e-02	6.92e-05	0.00e+00	0.00e+00	0.00e+00	0.00e+00	0.00e+00	0.00e+00	9.62e-01	5.09e-07	2.49e-07
 2.58760e+22	9.63e-01	3.71e-02	6.88e-05	0.00e+00	0.00e+00	0.00e+00	0.00e+00	0.00e+00	0.00e+00	9.63e-01	5.07e-07	2.48e-07
 2.59559e+22	9.64e-01	3.64e-02	6.84e-05	0.00e+00	0.00e+00	0.00e+00	0.00e+00	0.00e+00	0.00e+00	9.64e-01	5.04e-07	2.45e-07
 2.60422e+22	9.64e-01	3.58e-02	6.78e-05	0.00e+00	0.00e+00	0.00e+00	0.00e+00	0.00e+00	0.00e+00	9.64e-01	5.02e-07	2.43e-07
 2.61207e+22	9.65e-01	3.53e-02	6.74e-05	0.00e+00	0.00e+00	0.00e+00	0.00e+00	0.00e+00	0.00e+00	9.65e-01	5.01e-07	2.42e-07
 2.61922e+22	9.65e-01	3.49e-02	6.69e-05	0.00e+00	0.00e+00	0.00e+00	0.00e+00	0.00e+00	0.00e+00	9.65e-01	4.99e-07	2.40e-07
 2.62705e+22	9.66e-01	3.42e-02	6.64e-05	0.00e+00	0.00e+00	0.00e+00	0.00e+00	0.00e+00	0.00e+00	9.66e-01	4.96e-07	2.38e-07
 2.63550e+22	9.66e-01	3.36e-02	6.58e-05	0.00e+00	0.00e+00	0.00e+00	0.00e+00	0.00e+00	0.00e+00	9.66e-01	4.94e-07	2.36e-07
 2.64319e+22	9.67e-01	3.31e-02	6.52e-05	0.00e+00	0.00e+00	0.00e+00	0.00e+00	0.00e+00	0.00e+00	9.67e-01	4.93e-07	2.34e-07
 2.65019e+22	9.67e-01	3.27e-02	6.47e-05	0.00e+00	0.00e+00	0.00e+00	0.00e+00	0.00e+00	0.00e+00	9.67e-01	4.92e-07	2.33e-07
 2.65786e+22	9.68e-01	3.20e-02	6.40e-05	0.00e+00	0.00e+00	0.00e+00	0.00e+00	0.00e+00	0.00e+00	9.68e-01	4.88e-07	2.30e-07
 2.66614e+22	9.68e-01	3.15e-02	6.34e-05	0.00e+00	0.00e+00	0.00e+00	0.00e+00	0.00e+00	0.00e+00	9.68e-01	4.87e-07	2.28e-07
 2.67368e+22	9.69e-01	3.11e-02	6.29e-05	0.00e+00	0.00e+00	0.00e+00	0.00e+00	0.00e+00	0.00e+00	9.69e-01	4.86e-07	2.27e-07
 2.68193e+22	9.69e-01	3.04e-02	6.22e-05	0.00e+00	0.00e+00	0.00e+00	0.00e+00	0.00e+00	0.00e+00	9.69e-01	4.82e-07	2.24e-07
 2.69085e+22	9.70e-01	2.99e-02	6.16e-05	0.00e+00	0.00e+00	0.00e+00	0.00e+00	0.00e+00	0.00e+00	9.70e-01	4.81e-07	2.22e-07
 2.69896e+22	9.70e-01	2.95e-02	6.10e-05	0.00e+00	0.00e+00	0.00e+00	0.00e+00	0.00e+00	0.00e+00	9.70e-01	4.80e-07	2.21e-07
 2.70634e+22	9.71e-01	2.91e-02	6.05e-05	0.00e+00	0.00e+00	0.00e+00	0.00e+00	0.00e+00	0.00e+00	9.71e-01	4.79e-07	2.19e-07
 2.71443e+22	9.71e-01	2.85e-02	5.99e-05	0.00e+00	0.00e+00	0.00e+00	0.00e+00	0.00e+00	0.00e+00	9.71e-01	4.76e-07	2.17e-07
 2.72316e+22	9.72e-01	2.80e-02	5.94e-05	0.00e+00	0.00e+00	0.00e+00	0.00e+00	0.00e+00	0.00e+00	9.72e-01	4.74e-07	2.15e-07
 2.73111e+22	9.72e-01	2.76e-02	5.89e-05	0.00e+00	0.00e+00	0.00e+00	0.00e+00	0.00e+00	0.00e+00	9.72e-01	4.74e-07	2.14e-07
 2.73982e+22	9.73e-01	2.71e-02	5.82e-05	0.00e+00	0.00e+00	0.00e+00	0.00e+00	0.00e+00	0.00e+00	9.73e-01	4.71e-07	2.11e-07
 2.74922e+22	9.73e-01	2.66e-02	5.77e-05	0.00e+00	0.00e+00	0.00e+00	0.00e+00	0.00e+00	0.00e+00	9.73e-01	4.70e-07	2.09e-07
 2.75777e+22	9.74e-01	2.62e-02	5.71e-05	0.00e+00	0.00e+00	0.00e+00	0.00e+00	0.00e+00	0.00e+00	9.74e-01	4.69e-07	2.08e-07
 2.76556e+22	9.74e-01	2.59e-02	5.67e-05	0.00e+00	0.00e+00	0.00e+00	0.00e+00	0.00e+00	0.00e+00	9.74e-01	4.68e-07	2.06e-07
 2.77409e+22	9.75e-01	2.54e-02	5.61e-05	0.00e+00	0.00e+00	0.00e+00	0.00e+00	0.00e+00	0.00e+00	9.75e-01	4.62e-07	2.03e-07
 2.78330e+22	9.75e-01	2.50e-02	5.56e-05	0.00e+00	0.00e+00	0.00e+00	0.00e+00	0.00e+00	0.00e+00	9.75e-01	4.59e-07	2.00e-07
 2.79339e+22	9.75e-01	2.45e-02	5.50e-05	0.00e+00	0.00e+00	0.00e+00	0.00e+00	0.00e+00	0.00e+00	9.75e-01	4.52e-07	1.97e-07
 2.80428e+22	9.76e-01	2.40e-02	5.44e-05	0.00e+00	0.00e+00	0.00e+00	0.00e+00	0.00e+00	0.00e+00	9.76e-01	4.48e-07	1.94e-07
 2.81420e+22	9.76e-01	2.37e-02	5.39e-05	0.00e+00	0.00e+00	0.00e+00	0.00e+00	0.00e+00	0.00e+00	9.76e-01	4.45e-07	1.92e-07
 2.82506e+22	9.77e-01	2.32e-02	5.33e-05	0.00e+00	0.00e+00	0.00e+00	0.00e+00	0.00e+00	0.00e+00	9.77e-01	4.39e-07	1.87e-07
 2.83679e+22	9.77e-01	2.28e-02	5.27e-05	0.00e+00	0.00e+00	0.00e+00	0.00e+00	0.00e+00	0.00e+00	9.77e-01	4.35e-07	1.84e-07
 2.84746e+22	9.78e-01	2.24e-02	5.22e-05	0.00e+00	0.00e+00	0.00e+00	0.00e+00	0.00e+00	0.00e+00	9.78e-01	4.32e-07	1.81e-07
 2.85916e+22	9.78e-01	2.19e-02	5.16e-05	0.00e+00	0.00e+00	0.00e+00	0.00e+00	0.00e+00	0.00e+00	9.78e-01	4.25e-07	1.77e-07
 2.87178e+22	9.78e-01	2.15e-02	5.10e-05	0.00e+00	0.00e+00	0.00e+00	0.00e+00	0.00e+00	0.00e+00	9.78e-01	4.22e-07	1.74e-07
 2.88327e+22	9.79e-01	2.11e-02	5.04e-05	0.00e+00	0.00e+00	0.00e+00	0.00e+00	0.00e+00	0.00e+00	9.79e-01	4.19e-07	1.71e-07
 2.89586e+22	9.79e-01	2.06e-02	4.98e-05	0.00e+00	0.00e+00	0.00e+00	0.00e+00	0.00e+00	0.00e+00	9.79e-01	4.13e-07	1.67e-07
 2.90946e+22	9.80e-01	2.02e-02	4.92e-05	0.00e+00	0.00e+00	0.00e+00	0.00e+00	0.00e+00	0.00e+00	9.80e-01	4.09e-07	1.63e-07
 2.92182e+22	9.80e-01	1.98e-02	4.86e-05	0.00e+00	0.00e+00	0.00e+00	0.00e+00	0.00e+00	0.00e+00	9.80e-01	4.07e-07	1.61e-07
 2.93308e+22	9.80e-01	1.95e-02	4.82e-05	0.00e+00	0.00e+00	0.00e+00	0.00e+00	0.00e+00	0.00e+00	9.80e-01	4.04e-07	1.58e-07
 2.94541e+22	9.81e-01	1.91e-02	4.76e-05	0.00e+00	0.00e+00	0.00e+00	0.00e+00	0.00e+00	0.00e+00	9.81e-01	3.98e-07	1.55e-07
 2.95873e+22	9.81e-01	1.87e-02	4.70e-05	0.00e+00	0.00e+00	0.00e+00	0.00e+00	0.00e+00	0.00e+00	9.81e-01	3.94e-07	1.51e-07
 2.97085e+22	9.82e-01	1.85e-02	4.65e-05	0.00e+00	0.00e+00	0.00e+00	0.00e+00	0.00e+00	0.00e+00	9.82e-01	3.92e-07	1.49e-07
 2.98413e+22	9.82e-01	1.80e-02	4.60e-05	0.00e+00	0.00e+00	0.00e+00	0.00e+00	0.00e+00	0.00e+00	9.82e-01	3.85e-07	1.45e-07
 2.99846e+22	9.82e-01	1.76e-02	4.54e-05	0.00e+00	0.00e+00	0.00e+00	0.00e+00	0.00e+00	0.00e+00	9.82e-01	3.81e-07	1.42e-07
 3.01150e+22	9.83e-01	1.74e-02	4.49e-05	0.00e+00	0.00e+00	0.00e+00	0.00e+00	0.00e+00	0.00e+00	9.83e-01	3.78e-07	1.39e-07
 3.02580e+22	9.83e-01	1.69e-02	4.43e-05	0.00e+00	0.00e+00	0.00e+00	0.00e+00	0.00e+00	0.00e+00	9.83e-01	3.72e-07	1.36e-07
 3.04123e+22	9.83e-01	1.66e-02	4.38e-05	0.00e+00	0.00e+00	0.00e+00	0.00e+00	0.00e+00	0.00e+00	9.83e-01	3.68e-07	1.32e-07
 3.05527e+22	9.84e-01	1.63e-02	4.33e-05	0.00e+00	0.00e+00	0.00e+00	0.00e+00	0.00e+00	0.00e+00	9.84e-01	3.65e-07	1.30e-07
 3.07066e+22	9.84e-01	1.59e-02	4.27e-05	0.00e+00	0.00e+00	0.00e+00	0.00e+00	0.00e+00	0.00e+00	9.84e-01	3.58e-07	1.26e-07
 3.08727e+22	9.84e-01	1.55e-02	4.21e-05	0.00e+00	0.00e+00	0.00e+00	0.00e+00	0.00e+00	0.00e+00	9.84e-01	3.53e-07	1.22e-07
 3.10239e+22	9.85e-01	1.52e-02	4.16e-05	0.00e+00	0.00e+00	0.00e+00	0.00e+00	0.00e+00	0.00e+00	9.85e-01	3.51e-07	1.20e-07
 3.11896e+22	9.85e-01	1.48e-02	4.10e-05	0.00e+00	0.00e+00	0.00e+00	0.00e+00	0.00e+00	0.00e+00	9.85e-01	3.44e-07	1.16e-07
 3.13684e+22	9.85e-01	1.45e-02	4.04e-05	0.00e+00	0.00e+00	0.00e+00	0.00e+00	0.00e+00	0.00e+00	9.85e-01	3.40e-07	1.13e-07
 3.15312e+22	9.86e-01	1.42e-02	3.99e-05	0.00e+00	0.00e+00	0.00e+00	0.00e+00	0.00e+00	0.00e+00	9.86e-01	3.36e-07	1.10e-07
 3.16793e+22	9.86e-01	1.39e-02	3.94e-05	0.00e+00	0.00e+00	0.00e+00	0.00e+00	0.00e+00	0.00e+00	9.86e-01	3.34e-07	1.08e-07
 3.18415e+22	9.86e-01	1.36e-02	3.89e-05	0.00e+00	0.00e+00	0.00e+00	0.00e+00	0.00e+00	0.00e+00	9.86e-01	3.28e-07	1.05e-07
 3.20167e+22	9.87e-01	1.33e-02	3.84e-05	0.00e+00	0.00e+00	0.00e+00	0.00e+00	0.00e+00	0.00e+00	9.87e-01	3.26e-07	1.03e-07
 3.21762e+22	9.87e-01	1.31e-02	3.79e-05	0.00e+00	0.00e+00	0.00e+00	0.00e+00	0.00e+00	0.00e+00	9.87e-01	3.23e-07	1.01e-07
 3.23509e+22	9.87e-01	1.27e-02	3.74e-05	0.00e+00	0.00e+00	0.00e+00	0.00e+00	0.00e+00	0.00e+00	9.87e-01	3.17e-07	9.78e-08
 3.25395e+22	9.88e-01	1.24e-02	3.69e-05	0.00e+00	0.00e+00	0.00e+00	0.00e+00	0.00e+00	0.00e+00	9.88e-01	3.14e-07	9.52e-08
 3.27111e+22	9.88e-01	1.22e-02	3.64e-05	0.00e+00	0.00e+00	0.00e+00	0.00e+00	0.00e+00	0.00e+00	9.88e-01	3.12e-07	9.30e-08
 3.28992e+22	9.88e-01	1.19e-02	3.59e-05	0.00e+00	0.00e+00	0.00e+00	0.00e+00	0.00e+00	0.00e+00	9.88e-01	3.06e-07	8.97e-08
 3.31022e+22	9.88e-01	1.16e-02	3.54e-05	0.00e+00	0.00e+00	0.00e+00	0.00e+00	0.00e+00	0.00e+00	9.88e-01	3.03e-07	8.72e-08
 3.32870e+22	9.89e-01	1.14e-02	3.49e-05	0.00e+00	0.00e+00	0.00e+00	0.00e+00	0.00e+00	0.00e+00	9.89e-01	3.00e-07	8.47e-08
 3.34552e+22	9.89e-01	1.12e-02	3.45e-05	0.00e+00	0.00e+00	0.00e+00	0.00e+00	0.00e+00	0.00e+00	9.89e-01	2.98e-07	8.33e-08
 3.36394e+22	9.89e-01	1.09e-02	3.40e-05	0.00e+00	0.00e+00	0.00e+00	0.00e+00	0.00e+00	0.00e+00	9.89e-01	2.93e-07	8.05e-08
 3.38383e+22	9.89e-01	1.06e-02	3.35e-05	0.00e+00	0.00e+00	0.00e+00	0.00e+00	0.00e+00	0.00e+00	9.89e-01	2.90e-07	7.85e-08
 3.40563e+22	9.90e-01	1.03e-02	3.30e-05	0.00e+00	0.00e+00	0.00e+00	0.00e+00	0.00e+00	0.00e+00	9.90e-01	2.83e-07	7.54e-08
 3.42916e+22	9.90e-01	1.01e-02	3.24e-05	0.00e+00	0.00e+00	0.00e+00	0.00e+00	0.00e+00	0.00e+00	9.90e-01	2.79e-07	7.28e-08
 3.45057e+22	9.90e-01	9.88e-03	3.20e-05	0.00e+00	0.00e+00	0.00e+00	0.00e+00	0.00e+00	0.00e+00	9.90e-01	2.77e-07	7.10e-08
 3.47404e+22	9.90e-01	9.56e-03	3.14e-05	0.00e+00	0.00e+00	0.00e+00	0.00e+00	0.00e+00	0.00e+00	9.90e-01	2.71e-07	6.83e-08
 3.49937e+22	9.91e-01	9.32e-03	3.09e-05	0.00e+00	0.00e+00	0.00e+00	0.00e+00	0.00e+00	0.00e+00	9.91e-01	2.68e-07	6.63e-08
 3.52242e+22	9.91e-01	9.10e-03	3.04e-05	0.00e+00	0.00e+00	0.00e+00	0.00e+00	0.00e+00	0.00e+00	9.91e-01	2.65e-07	6.44e-08
 3.54340e+22	9.91e-01	8.90e-03	3.00e-05	0.00e+00	0.00e+00	0.00e+00	0.00e+00	0.00e+00	0.00e+00	9.91e-01	2.63e-07	6.27e-08
 3.56638e+22	9.91e-01	8.66e-03	2.95e-05	0.00e+00	0.00e+00	0.00e+00	0.00e+00	0.00e+00	0.00e+00	9.91e-01	2.58e-07	6.04e-08
 3.59120e+22	9.92e-01	8.44e-03	2.90e-05	0.00e+00	0.00e+00	0.00e+00	0.00e+00	0.00e+00	0.00e+00	9.92e-01	2.54e-07	5.85e-08
 3.61378e+22	9.92e-01	8.28e-03	2.86e-05	0.00e+00	0.00e+00	0.00e+00	0.00e+00	0.00e+00	0.00e+00	9.92e-01	2.51e-07	5.68e-08
 3.63853e+22	9.92e-01	8.02e-03	2.82e-05	0.00e+00	0.00e+00	0.00e+00	0.00e+00	0.00e+00	0.00e+00	9.92e-01	2.47e-07	5.48e-08
 3.66524e+22	9.92e-01	7.82e-03	2.77e-05	0.00e+00	0.00e+00	0.00e+00	0.00e+00	0.00e+00	0.00e+00	9.92e-01	2.44e-07	5.30e-08
 3.68955e+22	9.92e-01	7.63e-03	2.72e-05	0.00e+00	0.00e+00	0.00e+00	0.00e+00	0.00e+00	0.00e+00	9.92e-01	2.41e-07	5.14e-08
 3.71619e+22	9.93e-01	7.40e-03	2.68e-05	0.00e+00	0.00e+00	0.00e+00	0.00e+00	0.00e+00	0.00e+00	9.93e-01	2.36e-07	4.93e-08
 3.74495e+22	9.93e-01	7.18e-03	2.63e-05	0.00e+00	0.00e+00	0.00e+00	0.00e+00	0.00e+00	0.00e+00	9.93e-01	2.32e-07	4.74e-08
 3.77112e+22	9.93e-01	7.02e-03	2.59e-05	0.00e+00	0.00e+00	0.00e+00	0.00e+00	0.00e+00	0.00e+00	9.93e-01	2.30e-07	4.61e-08
 3.79980e+22	9.93e-01	6.81e-03	2.54e-05	0.00e+00	0.00e+00	0.00e+00	0.00e+00	0.00e+00	0.00e+00	9.93e-01	2.25e-07	4.42e-08
 3.83076e+22	9.93e-01	6.62e-03	2.49e-05	0.00e+00	0.00e+00	0.00e+00	0.00e+00	0.00e+00	0.00e+00	9.93e-01	2.23e-07	4.26e-08
 3.85894e+22	9.94e-01	6.45e-03	2.45e-05	0.00e+00	0.00e+00	0.00e+00	0.00e+00	0.00e+00	0.00e+00	9.94e-01	2.20e-07	4.11e-08
 3.88981e+22	9.94e-01	6.25e-03	2.40e-05	0.00e+00	0.00e+00	0.00e+00	0.00e+00	0.00e+00	0.00e+00	9.94e-01	2.15e-07	3.93e-08
