#depth	H	H+	H2
 1.54284e+19	2.28e-06	1.00e+00	5.21e-28
 9.25702e+19	2.44e-06	1.00e+00	6.47e-28
 2.19083e+20	2.71e-06	1.00e+00	8.95e-28
 3.38274e+20	2.97e-06	1.00e+00	1.25e-27
 4.22820e+20	3.17e-06	1.00e+00	1.57e-27
 4.78666e+20	3.31e-06	1.00e+00	1.83e-27
 5.37757e+20	3.46e-06	1.00e+00	2.21e-27
 6.14575e+20	3.65e-06	1.00e+00	2.84e-27
 6.98311e+20	3.88e-06	1.00e+00	3.72e-27
 7.69230e+20	4.07e-06	1.00e+00	4.65e-27
 8.29232e+20	4.24e-06	1.00e+00	5.59e-27
 8.96850e+20	4.44e-06	1.00e+00	7.03e-27
 9.84754e+20	4.70e-06	1.00e+00	9.43e-27
 1.07677e+21	4.98e-06	1.00e+00	1.27e-26
 1.15344e+21	5.22e-06	1.00e+00	1.60e-26
 1.23242e+21	5.47e-06	1.00e+00	2.05e-26
 1.33510e+21	5.81e-06	1.00e+00	2.78e-26
 1.44257e+21	6.17e-06	1.00e+00	3.77e-26
 1.53265e+21	6.49e-06	1.00e+00	4.81e-26
 1.62616e+21	6.82e-06	1.00e+00	6.14e-26
 1.74772e+21	7.27e-06	1.00e+00	8.36e-26
 1.87563e+21	7.76e-06	1.00e+00	1.14e-25
 1.98269e+21	8.19e-06	1.00e+00	1.45e-25
 2.09281e+21	8.63e-06	1.00e+00	1.84e-25
 2.23595e+21	9.22e-06	1.00e+00	2.52e-25
 2.38523e+21	9.87e-06	1.00e+00	3.41e-25
 2.50887e+21	1.04e-05	1.00e+00	4.32e-25
 2.63599e+21	1.10e-05	1.00e+00	5.51e-25
 2.80124e+21	1.18e-05	1.00e+00	7.51e-25
 2.96947e+21	1.26e-05	1.00e+00	1.00e-24
 3.09345e+21	1.32e-05	1.00e+00	1.23e-24
 3.20650e+21	1.38e-05	1.00e+00	1.48e-24
 3.35346e+21	1.45e-05	1.00e+00	1.88e-24
 3.51148e+21	1.54e-05	1.00e+00	2.40e-24
 3.65045e+21	1.62e-05	1.00e+00	2.94e-24
 3.79765e+21	1.70e-05	1.00e+00	3.66e-24
 3.98902e+21	1.81e-05	1.00e+00	4.84e-24
 4.18380e+21	1.93e-05	1.00e+00	6.28e-24
 4.33768e+21	2.02e-05	1.00e+00	7.63e-24
 4.49238e+21	2.12e-05	1.00e+00	9.36e-24
 4.69348e+21	2.25e-05	1.00e+00	1.22e-23
 4.90773e+21	2.40e-05	1.00e+00	1.58e-23
 5.09150e+21	2.53e-05	1.00e+00	1.95e-23
 5.28283e+21	2.66e-05	1.00e+00	2.44e-23
 5.53155e+21	2.85e-05	1.00e+00	3.25e-23
 5.78934e+21	3.05e-05	1.00e+00	4.27e-23
 6.00118e+21	3.21e-05	1.00e+00	5.30e-23
 6.21887e+21	3.39e-05	1.00e+00	6.66e-23
 6.50187e+21	3.63e-05	1.00e+00	8.88e-23
 6.80335e+21	3.89e-05	1.00e+00	1.18e-22
 7.06476e+21	4.12e-05	1.00e+00	1.50e-22
 7.28385e+21	4.32e-05	1.00e+00	1.82e-22
 7.51205e+21	4.54e-05	1.00e+00	2.24e-22
 7.80870e+21	4.82e-05	1.00e+00	2.91e-22
 8.11454e+21	5.13e-05	1.00e+00	3.74e-22
 8.36428e+21	5.38e-05	1.00e+00	4.57e-22
 8.62088e+21	5.66e-05	1.00e+00	5.64e-22
 8.95445e+21	6.02e-05	1.00e+00	7.37e-22
 9.29503e+21	6.40e-05	1.00e+00	9.48e-22
 9.57557e+21	6.72e-05	1.00e+00	1.16e-21
 9.87114e+21	7.07e-05	1.00e+00	1.45e-21
 1.02554e+22	7.54e-05	1.00e+00	1.91e-21
 1.06476e+22	8.03e-05	1.00e+00	2.49e-21
 1.09751e+22	8.44e-05	1.00e+00	3.08e-21
 1.13259e+22	8.92e-05	1.00e+00	3.91e-21
 1.17819e+22	9.53e-05	1.00e+00	5.26e-21
 1.22472e+22	1.02e-04	1.00e+00	6.96e-21
 1.26353e+22	1.07e-04	1.00e+00	8.75e-21
 1.29928e+22	1.12e-04	1.00e+00	1.08e-20
 1.33997e+22	1.18e-04	1.00e+00	1.37e-20
 1.38449e+22	1.25e-04	1.00e+00	1.76e-20
 1.42621e+22	1.31e-04	1.00e+00	2.20e-20
 1.46638e+22	1.38e-04	1.00e+00	2.72e-20
 1.51229e+22	1.45e-04	1.00e+00	3.48e-20
 1.56368e+22	1.53e-04	1.00e+00	4.49e-20
 1.61185e+22	1.60e-04	1.00e+00	5.65e-20
 1.65691e+22	1.68e-04	1.00e+00	6.99e-20
 1.70824e+22	1.76e-04	1.00e+00	8.97e-20
 1.76450e+22	1.85e-04	1.00e+00	1.16e-19
 1.81544e+22	1.92e-04	1.00e+00	1.45e-19
 1.86240e+22	2.00e-04	1.00e+00	1.79e-19
 1.91591e+22	2.08e-04	1.00e+00	2.29e-19
 1.97440e+22	2.17e-04	1.00e+00	2.97e-19
 2.02681e+22	2.24e-04	1.00e+00	3.73e-19
 2.07429e+22	2.31e-04	1.00e+00	4.62e-19
 2.12788e+22	2.39e-04	1.00e+00	5.96e-19
 2.18605e+22	2.47e-04	1.00e+00	7.84e-19
 2.23735e+22	2.54e-04	1.00e+00	1.01e-18
 2.28289e+22	2.60e-04	1.00e+00	1.26e-18
 2.32575e+22	2.65e-04	1.00e+00	1.53e-18
 2.37343e+22	2.73e-04	1.00e+00	1.99e-18
 2.41971e+22	2.79e-04	1.00e+00	2.80e-18
 2.45184e+22	2.83e-04	1.00e+00	3.27e-18
 2.48129e+22	2.89e-04	1.00e+00	4.23e-18
 2.51379e+22	2.94e-04	1.00e+00	5.30e-18
 2.55028e+22	3.01e-04	1.00e+00	7.34e-18
 2.58835e+22	3.09e-04	1.00e+00	9.88e-18
 2.62012e+22	3.15e-04	1.00e+00	1.41e-17
 2.65303e+22	3.23e-04	1.00e+00	2.04e-17
 2.68927e+22	3.33e-04	1.00e+00	3.16e-17
 2.72276e+22	3.43e-04	1.00e+00	4.98e-17
 2.75922e+22	3.56e-04	1.00e+00	8.64e-17
 2.79836e+22	3.70e-04	1.00e+00	1.67e-16
 2.83276e+22	3.84e-04	1.00e+00	3.23e-16
 2.86925e+22	4.01e-04	1.00e+00	6.42e-16
 2.90617e+22	4.18e-04	1.00e+00	1.10e-15
 2.93861e+22	4.34e-04	1.00e+00	1.47e-15
 2.97575e+22	4.54e-04	1.00e+00	1.94e-15
 3.02254e+22	4.80e-04	1.00e+00	2.44e-15
 3.07184e+22	5.08e-04	9.99e-01	2.98e-15
 3.11807e+22	5.36e-04	9.99e-01	3.56e-15
 3.16542e+22	5.65e-04	9.99e-01	4.27e-15
 3.21782e+22	5.99e-04	9.99e-01	5.16e-15
 3.27598e+22	6.38e-04	9.99e-01	6.31e-15
 3.33901e+22	6.83e-04	9.99e-01	7.78e-15
 3.40757e+22	7.33e-04	9.99e-01	9.69e-15
 3.48424e+22	7.94e-04	9.99e-01	1.23e-14
 3.57280e+22	8.68e-04	9.99e-01	1.61e-14
 3.66545e+22	9.52e-04	9.99e-01	2.11e-14
 3.75417e+22	1.04e-03	9.99e-01	2.73e-14
 3.85502e+22	1.15e-03	9.99e-01	3.66e-14
 3.98612e+22	1.32e-03	9.99e-01	5.36e-14
 4.12349e+22	1.53e-03	9.98e-01	8.05e-14
 4.22666e+22	1.73e-03	9.98e-01	1.11e-13
 4.29156e+22	1.87e-03	9.98e-01	1.37e-13
 4.34151e+22	1.99e-03	9.98e-01	1.61e-13
 4.39891e+22	2.13e-03	9.98e-01	1.95e-13
 4.47352e+22	2.35e-03	9.98e-01	2.51e-13
 4.55018e+22	2.61e-03	9.97e-01	3.30e-13
 4.60866e+22	2.85e-03	9.97e-01	4.10e-13
 4.65341e+22	3.05e-03	9.97e-01	4.86e-13
 4.70111e+22	3.28e-03	9.97e-01	5.87e-13
 4.76312e+22	3.62e-03	9.96e-01	7.49e-13
 4.82370e+22	4.02e-03	9.96e-01	9.71e-13
 4.86609e+22	4.35e-03	9.96e-01	1.17e-12
 4.89828e+22	4.62e-03	9.95e-01	1.35e-12
 4.93359e+22	4.94e-03	9.95e-01	1.59e-12
 4.97948e+22	5.41e-03	9.95e-01	1.99e-12
 5.02534e+22	5.96e-03	9.94e-01	2.49e-12
 5.05901e+22	6.43e-03	9.94e-01	2.98e-12
 5.08519e+22	6.83e-03	9.93e-01	3.43e-12
 5.11378e+22	7.29e-03	9.93e-01	4.00e-12
 5.15095e+22	7.98e-03	9.92e-01	4.93e-12
 5.18800e+22	8.79e-03	9.91e-01	6.14e-12
 5.21506e+22	9.48e-03	9.91e-01	7.28e-12
 5.23617e+22	1.00e-02	9.90e-01	8.29e-12
 5.25937e+22	1.07e-02	9.89e-01	9.65e-12
 5.28953e+22	1.17e-02	9.88e-01	1.17e-11
 5.31995e+22	1.29e-02	9.87e-01	1.46e-11
 5.34280e+22	1.40e-02	9.86e-01	1.73e-11
 5.36098e+22	1.49e-02	9.85e-01	1.99e-11
 5.38104e+22	1.60e-02	9.84e-01	2.32e-11
 5.40712e+22	1.75e-02	9.82e-01	2.85e-11
 5.43360e+22	1.95e-02	9.80e-01	3.61e-11
 5.45383e+22	2.13e-02	9.79e-01	4.35e-11
 5.47026e+22	2.29e-02	9.77e-01	5.06e-11
 5.48854e+22	2.48e-02	9.75e-01	6.03e-11
 5.51229e+22	2.78e-02	9.72e-01	7.69e-11
 5.53554e+22	3.14e-02	9.69e-01	9.91e-11
 5.55235e+22	3.46e-02	9.65e-01	1.21e-10
 5.56611e+22	3.75e-02	9.63e-01	1.44e-10
 5.58167e+22	4.10e-02	9.59e-01	1.74e-10
 5.60189e+22	4.66e-02	9.53e-01	2.28e-10
 5.62220e+22	5.38e-02	9.46e-01	3.08e-10
 5.63722e+22	6.06e-02	9.39e-01	3.93e-10
 5.64891e+22	6.64e-02	9.34e-01	4.76e-10
 5.66172e+22	7.35e-02	9.26e-01	5.90e-10
 5.67578e+22	8.33e-02	9.17e-01	7.68e-10
 5.68775e+22	9.34e-02	9.07e-01	9.73e-10
 5.69718e+22	1.02e-01	8.98e-01	1.17e-09
 5.70702e+22	1.12e-01	8.88e-01	1.41e-09
 5.71981e+22	1.26e-01	8.74e-01	1.82e-09
 5.73217e+22	1.45e-01	8.55e-01	2.42e-09
 5.74061e+22	1.60e-01	8.40e-01	2.97e-09
 5.74688e+22	1.70e-01	8.30e-01	3.38e-09
 5.75371e+22	1.82e-01	8.18e-01	3.92e-09
 5.76259e+22	2.00e-01	8.00e-01	4.76e-09
 5.77210e+22	2.23e-01	7.77e-01	5.97e-09
 5.77882e+22	2.43e-01	7.57e-01	7.12e-09
 5.78242e+22	2.53e-01	7.47e-01	7.75e-09
 5.78549e+22	2.60e-01	7.40e-01	8.29e-09
 5.78939e+22	2.71e-01	7.29e-01	9.01e-09
 5.79436e+22	2.86e-01	7.14e-01	1.01e-08
 5.79972e+22	3.04e-01	6.96e-01	1.15e-08
 5.80448e+22	3.21e-01	6.79e-01	1.29e-08
 5.80859e+22	3.36e-01	6.64e-01	1.41e-08
 5.81280e+22	3.51e-01	6.49e-01	1.55e-08
 5.81754e+22	3.70e-01	6.30e-01	1.73e-08
 5.82241e+22	3.91e-01	6.09e-01	1.94e-08
 5.82706e+22	4.11e-01	5.89e-01	2.15e-08
 5.83163e+22	4.31e-01	5.69e-01	2.37e-08
 5.83645e+22	4.53e-01	5.47e-01	2.62e-08
 5.84160e+22	4.77e-01	5.23e-01	2.90e-08
 5.84669e+22	5.03e-01	4.97e-01	3.21e-08
 5.85130e+22	5.26e-01	4.74e-01	3.51e-08
 5.85541e+22	5.47e-01	4.53e-01	3.77e-08
 5.85864e+22	5.63e-01	4.37e-01	3.98e-08
 5.86089e+22	5.73e-01	4.27e-01	4.11e-08
 5.86315e+22	5.82e-01	4.18e-01	4.24e-08
 5.86607e+22	5.96e-01	4.04e-01	4.42e-08
 5.86923e+22	6.12e-01	3.88e-01	4.63e-08
 5.87186e+22	6.26e-01	3.74e-01	4.79e-08
 5.87400e+22	6.36e-01	3.64e-01	4.94e-08
 5.87618e+22	6.45e-01	3.55e-01	5.05e-08
 5.87884e+22	6.57e-01	3.43e-01	5.20e-08
 5.88175e+22	6.72e-01	3.28e-01	5.37e-08
 5.88426e+22	6.85e-01	3.15e-01	5.52e-08
 5.88632e+22	6.94e-01	3.06e-01	5.61e-08
 5.88850e+22	7.03e-01	2.97e-01	5.72e-08
 5.89112e+22	7.15e-01	2.85e-01	5.84e-08
 5.89379e+22	7.28e-01	2.72e-01	5.95e-08
 5.89608e+22	7.38e-01	2.62e-01	6.04e-08
 5.89811e+22	7.46e-01	2.54e-01	6.10e-08
 5.90038e+22	7.55e-01	2.45e-01	6.17e-08
 5.90298e+22	7.66e-01	2.34e-01	6.25e-08
 5.90546e+22	7.76e-01	2.24e-01	6.31e-08
 5.90756e+22	7.84e-01	2.16e-01	6.34e-08
 5.90962e+22	7.91e-01	2.09e-01	6.37e-08
 5.91202e+22	8.00e-01	2.00e-01	6.40e-08
 5.91462e+22	8.10e-01	1.90e-01	6.40e-08
 5.91696e+22	8.18e-01	1.82e-01	6.41e-08
 5.91902e+22	8.24e-01	1.76e-01	6.40e-08
 5.92116e+22	8.30e-01	1.70e-01	6.38e-08
 5.92358e+22	8.38e-01	1.62e-01	6.36e-08
 5.92603e+22	8.45e-01	1.55e-01	6.32e-08
 5.92821e+22	8.52e-01	1.48e-01	6.28e-08
 5.93022e+22	8.56e-01	1.44e-01	6.23e-08
 5.93242e+22	8.62e-01	1.38e-01	6.19e-08
 5.93485e+22	8.68e-01	1.32e-01	6.12e-08
 5.93718e+22	8.73e-01	1.27e-01	6.05e-08
 5.93927e+22	8.78e-01	1.22e-01	5.98e-08
 5.94135e+22	8.82e-01	1.18e-01	5.91e-08
 5.94367e+22	8.86e-01	1.14e-01	5.83e-08
 5.94612e+22	8.91e-01	1.09e-01	5.74e-08
 5.94843e+22	8.95e-01	1.05e-01	5.63e-08
 5.95063e+22	8.98e-01	1.02e-01	5.53e-08
 5.95289e+22	9.01e-01	9.89e-02	5.42e-08
 5.95522e+22	9.04e-01	9.57e-02	5.31e-08
 5.95757e+22	9.07e-01	9.27e-02	5.19e-08
 5.95992e+22	9.10e-01	9.00e-02	5.08e-08
 5.96224e+22	9.13e-01	8.75e-02	4.98e-08
 5.96456e+22	9.15e-01	8.52e-02	4.87e-08
 5.96689e+22	9.17e-01	8.31e-02	4.77e-08
 5.96924e+22	9.19e-01	8.11e-02	4.66e-08
 5.97163e+22	9.21e-01	7.93e-02	4.54e-08
 5.97408e+22	9.22e-01	7.75e-02	4.42e-08
 5.97658e+22	9.24e-01	7.58e-02	4.30e-08
 5.97915e+22	9.26e-01	7.43e-02	4.19e-08
 5.98180e+22	9.27e-01	7.28e-02	4.07e-08
 5.98446e+22	9.29e-01	7.14e-02	3.98e-08
 5.98724e+22	9.30e-01	7.02e-02	3.87e-08
 5.99026e+22	9.31e-01	6.89e-02	3.78e-08
 5.99347e+22	9.32e-01	6.76e-02	3.68e-08
 5.99669e+22	9.34e-01	6.65e-02	3.59e-08
 5.99961e+22	9.34e-01	6.57e-02	3.52e-08
 6.00227e+22	9.35e-01	6.52e-02	3.46e-08
 6.00519e+22	9.35e-01	6.46e-02	3.40e-08
 6.00833e+22	9.36e-01	6.37e-02	3.34e-08
 6.01120e+22	9.37e-01	6.33e-02	3.30e-08
 6.01434e+22	9.37e-01	6.27e-02	3.25e-08
 6.01842e+22	9.38e-01	6.19e-02	3.19e-08
 6.02282e+22	9.39e-01	6.09e-02	3.14e-08
 6.02683e+22	9.40e-01	6.05e-02	3.11e-08
 6.03122e+22	9.40e-01	6.02e-02	3.07e-08
 6.03693e+22	9.41e-01	5.93e-02	3.02e-08
 6.04369e+22	9.42e-01	5.85e-02	2.97e-08
 6.05043e+22	9.42e-01	5.80e-02	2.95e-08
 6.05781e+22	9.42e-01	5.76e-02	2.92e-08
 6.06741e+22	9.43e-01	5.67e-02	2.87e-08
 6.07778e+22	9.44e-01	5.62e-02	2.85e-08
 6.08913e+22	9.44e-01	5.56e-02	2.81e-08
 6.10139e+22	9.45e-01	5.50e-02	2.79e-08
 6.11483e+22	9.46e-01	5.44e-02	2.76e-08
 6.12933e+22	9.46e-01	5.38e-02	2.74e-08
 6.14523e+22	9.47e-01	5.32e-02	2.71e-08
 6.16239e+22	9.47e-01	5.26e-02	2.68e-08
 6.18119e+22	9.48e-01	5.18e-02	2.64e-08
 6.20149e+22	9.49e-01	5.11e-02	2.62e-08
 6.21996e+22	9.49e-01	5.06e-02	2.60e-08
 6.24020e+22	9.50e-01	4.98e-02	2.55e-08
 6.26205e+22	9.51e-01	4.91e-02	2.53e-08
 6.28194e+22	9.51e-01	4.85e-02	2.50e-08
 6.30003e+22	9.52e-01	4.81e-02	2.48e-08
 6.31986e+22	9.53e-01	4.73e-02	2.44e-08
 6.34127e+22	9.53e-01	4.66e-02	2.41e-08
 6.36075e+22	9.54e-01	4.61e-02	2.39e-08
 6.37848e+22	9.54e-01	4.57e-02	2.37e-08
 6.39790e+22	9.55e-01	4.49e-02	2.33e-08
 6.41887e+22	9.56e-01	4.43e-02	2.30e-08
 6.43796e+22	9.56e-01	4.38e-02	2.28e-08
 6.45887e+22	9.57e-01	4.31e-02	2.24e-08
 6.48144e+22	9.58e-01	4.25e-02	2.21e-08
 6.50199e+22	9.58e-01	4.20e-02	2.19e-08
 6.52450e+22	9.59e-01	4.13e-02	2.15e-08
 6.54880e+22	9.59e-01	4.07e-02	2.11e-08
 6.57092e+22	9.60e-01	4.02e-02	2.09e-08
 6.59105e+22	9.60e-01	3.98e-02	2.06e-08
 6.61310e+22	9.61e-01	3.91e-02	2.02e-08
 6.63691e+22	9.61e-01	3.86e-02	1.99e-08
 6.65858e+22	9.62e-01	3.82e-02	1.97e-08
 6.68232e+22	9.62e-01	3.75e-02	1.92e-08
 6.70795e+22	9.63e-01	3.70e-02	1.90e-08
 6.73127e+22	9.63e-01	3.66e-02	1.88e-08
 6.75683e+22	9.64e-01	3.61e-02	1.85e-08
 6.78443e+22	9.64e-01	3.56e-02	1.82e-08
 6.80953e+22	9.65e-01	3.52e-02	1.81e-08
 6.83705e+22	9.65e-01	3.46e-02	1.78e-08
 6.86675e+22	9.66e-01	3.41e-02	1.75e-08
 6.89379e+22	9.66e-01	3.38e-02	1.74e-08
 6.92341e+22	9.67e-01	3.32e-02	1.71e-08
 6.95538e+22	9.67e-01	3.27e-02	1.68e-08
 6.98448e+22	9.68e-01	3.23e-02	1.67e-08
 7.01637e+22	9.68e-01	3.17e-02	1.64e-08
 7.05080e+22	9.69e-01	3.13e-02	1.62e-08
 7.08212e+22	9.69e-01	3.08e-02	1.60e-08
 7.11063e+22	9.69e-01	3.05e-02	1.59e-08
 7.14187e+22	9.70e-01	3.00e-02	1.57e-08
 7.17559e+22	9.70e-01	2.96e-02	1.55e-08
 7.20628e+22	9.71e-01	2.93e-02	1.54e-08
 7.23991e+22	9.71e-01	2.88e-02	1.51e-08
 7.27622e+22	9.72e-01	2.84e-02	1.50e-08
 7.30925e+22	9.72e-01	2.80e-02	1.49e-08
 7.34546e+22	9.72e-01	2.75e-02	1.46e-08
 7.38454e+22	9.73e-01	2.71e-02	1.45e-08
 7.42011e+22	9.73e-01	2.68e-02	1.43e-08
 7.45908e+22	9.74e-01	2.63e-02	1.42e-08
 7.50115e+22	9.74e-01	2.59e-02	1.40e-08
 7.53944e+22	9.74e-01	2.55e-02	1.39e-08
 7.57428e+22	9.75e-01	2.53e-02	1.39e-08
 7.61246e+22	9.75e-01	2.49e-02	1.37e-08
 7.65368e+22	9.75e-01	2.45e-02	1.36e-08
 7.69885e+22	9.76e-01	2.41e-02	1.34e-08
 7.74761e+22	9.76e-01	2.37e-02	1.33e-08
 7.79198e+22	9.77e-01	2.33e-02	1.32e-08
 7.83236e+22	9.77e-01	2.30e-02	1.32e-08
 7.87661e+22	9.77e-01	2.27e-02	1.31e-08
 7.92438e+22	9.78e-01	2.23e-02	1.30e-08
 7.96784e+22	9.78e-01	2.21e-02	1.29e-08
 8.01548e+22	9.78e-01	2.16e-02	1.28e-08
 8.06690e+22	9.79e-01	2.13e-02	1.27e-08
 8.11370e+22	9.79e-01	2.10e-02	1.26e-08
 8.16498e+22	9.79e-01	2.06e-02	1.25e-08
 8.22034e+22	9.80e-01	2.03e-02	1.24e-08
 8.27071e+22	9.80e-01	2.00e-02	1.24e-08
 8.32592e+22	9.80e-01	1.97e-02	1.23e-08
 8.38551e+22	9.81e-01	1.94e-02	1.22e-08
 8.43974e+22	9.81e-01	1.91e-02	1.22e-08
 8.49917e+22	9.81e-01	1.87e-02	1.21e-08
 8.56333e+22	9.82e-01	1.84e-02	1.20e-08
 8.62171e+22	9.82e-01	1.81e-02	1.19e-08
 8.68569e+22	9.82e-01	1.78e-02	1.19e-08
 8.75476e+22	9.83e-01	1.75e-02	1.18e-08
 8.81761e+22	9.83e-01	1.72e-02	1.18e-08
 8.88648e+22	9.83e-01	1.69e-02	1.17e-08
 8.96083e+22	9.83e-01	1.66e-02	1.16e-08
 9.02849e+22	9.84e-01	1.63e-02	1.16e-08
 9.10264e+22	9.84e-01	1.60e-02	1.15e-08
 9.18268e+22	9.84e-01	1.57e-02	1.15e-08
 9.25552e+22	9.85e-01	1.55e-02	1.14e-08
 9.33533e+22	9.85e-01	1.52e-02	1.14e-08
 9.42150e+22	9.85e-01	1.49e-02	1.13e-08
 9.49992e+22	9.85e-01	1.46e-02	1.13e-08
 9.58584e+22	9.86e-01	1.43e-02	1.12e-08
 9.67860e+22	9.86e-01	1.41e-02	1.12e-08
 9.76302e+22	9.86e-01	1.38e-02	1.12e-08
 9.85552e+22	9.86e-01	1.36e-02	1.11e-08
 9.95538e+22	9.87e-01	1.33e-02	1.11e-08
 1.00463e+23	9.87e-01	1.31e-02	1.11e-08
 1.01458e+23	9.87e-01	1.28e-02	1.10e-08
 1.02533e+23	9.87e-01	1.26e-02	1.10e-08
 1.03512e+23	9.88e-01	1.23e-02	1.10e-08
 1.04584e+23	9.88e-01	1.21e-02	1.10e-08
 1.05741e+23	9.88e-01	1.19e-02	1.09e-08
 1.06794e+23	9.88e-01	1.17e-02	1.09e-08
 1.07948e+23	9.89e-01	1.14e-02	1.09e-08
 1.09374e+23	9.89e-01	1.11e-02	1.09e-08
 1.10954e+23	9.89e-01	1.08e-02	1.08e-08
 1.12616e+23	9.89e-01	1.06e-02	1.08e-08
 1.14356e+23	9.90e-01	1.03e-02	1.08e-08
 1.16161e+23	9.90e-01	1.00e-02	1.08e-08
 1.18032e+23	9.90e-01	9.73e-03	1.08e-08
 1.19965e+23	9.91e-01	9.47e-03	1.08e-08
 1.21961e+23	9.91e-01	9.21e-03	1.07e-08
 1.24030e+23	9.91e-01	8.96e-03	1.07e-08
 1.26168e+23	9.91e-01	8.71e-03	1.07e-08
 1.28382e+23	9.92e-01	8.47e-03	1.07e-08
 1.30682e+23	9.92e-01	8.23e-03	1.07e-08
 1.33053e+23	9.92e-01	8.00e-03	1.07e-08
 1.35516e+23	9.92e-01	7.78e-03	1.07e-08
 1.38069e+23	9.92e-01	7.56e-03	1.07e-08
 1.40711e+23	9.93e-01	7.35e-03	1.07e-08
 1.43469e+23	9.93e-01	7.14e-03	1.07e-08
 1.46329e+23	9.93e-01	6.94e-03	1.06e-08
 1.49309e+23	9.93e-01	6.74e-03	1.06e-08
 1.52422e+23	9.93e-01	6.55e-03	1.06e-08
 1.55669e+23	9.94e-01	6.36e-03	1.06e-08
 1.59056e+23	9.94e-01	6.18e-03	1.06e-08
 1.62594e+23	9.94e-01	6.00e-03	1.06e-08
 1.66289e+23	9.94e-01	5.83e-03	1.06e-08
 1.70165e+23	9.94e-01	5.67e-03	1.06e-08
 1.74340e+23	9.94e-01	5.50e-03	1.06e-08
 1.78826e+23	9.95e-01	5.34e-03	1.06e-08
 1.83576e+23	9.95e-01	5.18e-03	1.06e-08
 1.88633e+23	9.95e-01	5.03e-03	1.06e-08
 1.94032e+23	9.95e-01	4.88e-03	1.06e-08
 1.99839e+23	9.95e-01	4.74e-03	1.06e-08
 2.06126e+23	9.95e-01	4.60e-03	1.06e-08
 2.12805e+23	9.96e-01	4.46e-03	1.06e-08
 2.19709e+23	9.96e-01	4.34e-03	1.06e-08
 2.26786e+23	9.96e-01	4.22e-03	1.06e-08
 2.34081e+23	9.96e-01	4.12e-03	1.06e-08
 2.41172e+23	9.96e-01	4.03e-03	1.05e-08
 2.47603e+23	9.96e-01	3.96e-03	1.05e-08
 2.53391e+23	9.96e-01	3.89e-03	1.05e-08
 2.58600e+23	9.96e-01	3.84e-03	1.05e-08
 2.63288e+23	9.96e-01	3.80e-03	1.05e-08
 2.67508e+23	9.96e-01	3.76e-03	1.04e-08
 2.71305e+23	9.96e-01	3.74e-03	1.04e-08
 2.74723e+23	9.96e-01	3.71e-03	1.04e-08
 2.77869e+23	9.96e-01	3.69e-03	1.04e-08
 2.80924e+23	9.96e-01	3.67e-03	1.04e-08
 2.83979e+23	9.96e-01	3.65e-03	1.04e-08
 2.87034e+23	9.96e-01	3.64e-03	1.03e-08
 2.90088e+23	9.96e-01	3.62e-03	1.03e-08
 2.93143e+23	9.96e-01	3.60e-03	1.03e-08
 2.96198e+23	9.96e-01	3.59e-03	1.03e-08
 2.99253e+23	9.96e-01	3.58e-03	1.02e-08
 3.02308e+23	9.96e-01	3.56e-03	1.02e-08
 3.04658e+23	9.96e-01	3.55e-03	1.02e-08
