#depth	He	He+	He+2
 5.45234e+19	2.20e-08	1.73e-03	9.98e-01
 1.72941e+20	2.54e-08	1.88e-03	9.98e-01
 3.03286e+20	3.15e-08	2.07e-03	9.98e-01
 4.38844e+20	3.87e-08	2.27e-03	9.98e-01
 5.39390e+20	4.46e-08	2.42e-03	9.98e-01
 5.89555e+20	4.77e-08	2.49e-03	9.98e-01
 6.32625e+20	5.05e-08	2.56e-03	9.97e-01
 6.88617e+20	5.44e-08	2.65e-03	9.97e-01
 7.61407e+20	5.99e-08	2.77e-03	9.97e-01
 8.43573e+20	6.65e-08	2.91e-03	9.97e-01
 9.21418e+20	7.30e-08	3.04e-03	9.97e-01
 1.00611e+21	8.08e-08	3.19e-03	9.97e-01
 1.10104e+21	9.01e-08	3.36e-03	9.97e-01
 1.18893e+21	9.93e-08	3.51e-03	9.96e-01
 1.28281e+21	1.10e-07	3.69e-03	9.96e-01
 1.40486e+21	1.25e-07	3.93e-03	9.96e-01
 1.52706e+21	1.41e-07	4.16e-03	9.96e-01
 1.62118e+21	1.55e-07	4.35e-03	9.96e-01
 1.71527e+21	1.70e-07	4.55e-03	9.95e-01
 1.83758e+21	1.91e-07	4.81e-03	9.95e-01
 1.96898e+21	2.15e-07	5.09e-03	9.95e-01
 2.08339e+21	2.37e-07	5.35e-03	9.95e-01
 2.20333e+21	2.64e-07	5.62e-03	9.94e-01
 2.35924e+21	3.01e-07	6.00e-03	9.94e-01
 2.50993e+21	3.39e-07	6.35e-03	9.94e-01
 2.62184e+21	3.70e-07	6.62e-03	9.93e-01
 2.73535e+21	4.04e-07	6.92e-03	9.93e-01
 2.88291e+21	4.52e-07	7.31e-03	9.93e-01
 3.04487e+21	5.08e-07	7.74e-03	9.92e-01
 3.19510e+21	5.64e-07	8.14e-03	9.92e-01
 3.33076e+21	6.20e-07	8.53e-03	9.91e-01
 3.47792e+21	6.85e-07	8.96e-03	9.91e-01
 3.66924e+21	7.79e-07	9.55e-03	9.90e-01
 3.86014e+21	8.78e-07	1.01e-02	9.90e-01
 4.00913e+21	9.62e-07	1.06e-02	9.89e-01
 4.16146e+21	1.06e-06	1.11e-02	9.89e-01
 4.35950e+21	1.19e-06	1.18e-02	9.88e-01
 4.56094e+21	1.34e-06	1.25e-02	9.87e-01
 4.72711e+21	1.47e-06	1.31e-02	9.87e-01
 4.90345e+21	1.62e-06	1.38e-02	9.86e-01
 5.13269e+21	1.85e-06	1.48e-02	9.85e-01
 5.36293e+21	2.08e-06	1.57e-02	9.84e-01
 5.55197e+21	2.29e-06	1.66e-02	9.83e-01
 5.75521e+21	2.55e-06	1.75e-02	9.82e-01
 6.01942e+21	2.93e-06	1.89e-02	9.81e-01
 6.28521e+21	3.34e-06	2.03e-02	9.80e-01
 6.50259e+21	3.71e-06	2.15e-02	9.78e-01
 6.73470e+21	4.16e-06	2.30e-02	9.77e-01
 6.99458e+21	4.72e-06	2.47e-02	9.75e-01
 7.23519e+21	5.29e-06	2.64e-02	9.74e-01
 7.45581e+21	5.88e-06	2.81e-02	9.72e-01
 7.70583e+21	6.65e-06	3.03e-02	9.70e-01
 7.98270e+21	7.59e-06	3.28e-02	9.67e-01
 8.23754e+21	8.56e-06	3.55e-02	9.65e-01
 8.47397e+21	9.59e-06	3.82e-02	9.62e-01
 8.74340e+21	1.10e-05	4.17e-02	9.58e-01
 9.03762e+21	1.27e-05	4.59e-02	9.54e-01
 9.30147e+21	1.45e-05	5.03e-02	9.50e-01
 9.54130e+21	1.64e-05	5.49e-02	9.45e-01
 9.81254e+21	1.90e-05	6.08e-02	9.39e-01
 1.01063e+22	2.22e-05	6.82e-02	9.32e-01
 1.03654e+22	2.56e-05	7.59e-02	9.24e-01
 1.05974e+22	2.92e-05	8.41e-02	9.16e-01
 1.08581e+22	3.42e-05	9.48e-02	9.05e-01
 1.11385e+22	4.06e-05	1.09e-01	8.91e-01
 1.13814e+22	4.75e-05	1.23e-01	8.77e-01
 1.15940e+22	5.49e-05	1.39e-01	8.61e-01
 1.18304e+22	6.50e-05	1.59e-01	8.41e-01
 1.20842e+22	7.83e-05	1.86e-01	8.14e-01
 1.22930e+22	9.20e-05	2.13e-01	7.87e-01
 1.24603e+22	1.05e-04	2.38e-01	7.61e-01
 1.26124e+22	1.19e-04	2.65e-01	7.35e-01
 1.27809e+22	1.37e-04	2.97e-01	7.03e-01
 1.29550e+22	1.59e-04	3.36e-01	6.64e-01
 1.30997e+22	1.78e-04	3.71e-01	6.29e-01
 1.32510e+22	2.03e-04	4.11e-01	5.89e-01
 1.34152e+22	2.31e-04	4.56e-01	5.44e-01
 1.35631e+22	2.59e-04	4.99e-01	5.01e-01
 1.37225e+22	2.91e-04	5.46e-01	4.54e-01
 1.38951e+22	3.28e-04	5.95e-01	4.05e-01
 1.40478e+22	3.61e-04	6.37e-01	3.62e-01
 1.41865e+22	3.92e-04	6.73e-01	3.27e-01
 1.43441e+22	4.29e-04	7.11e-01	2.89e-01
 1.45174e+22	4.68e-04	7.48e-01	2.52e-01
 1.46779e+22	5.03e-04	7.78e-01	2.21e-01
 1.48531e+22	5.42e-04	8.07e-01	1.92e-01
 1.50430e+22	5.83e-04	8.34e-01	1.65e-01
 1.52235e+22	6.21e-04	8.56e-01	1.44e-01
 1.54197e+22	6.61e-04	8.75e-01	1.24e-01
 1.56447e+22	7.07e-04	8.94e-01	1.05e-01
 1.58865e+22	7.54e-04	9.10e-01	8.90e-02
 1.61376e+22	8.02e-04	9.24e-01	7.55e-02
 1.64039e+22	8.52e-04	9.35e-01	6.40e-02
 1.66962e+22	9.06e-04	9.45e-01	5.39e-02
 1.70237e+22	9.67e-04	9.54e-01	4.50e-02
 1.73931e+22	1.03e-03	9.62e-01	3.72e-02
 1.77816e+22	1.11e-03	9.68e-01	3.10e-02
 1.82252e+22	1.19e-03	9.73e-01	2.55e-02
 1.87135e+22	1.28e-03	9.78e-01	2.10e-02
 1.91723e+22	1.37e-03	9.81e-01	1.77e-02
 1.96810e+22	1.47e-03	9.84e-01	1.48e-02
 2.03423e+22	1.62e-03	9.86e-01	1.20e-02
 2.10221e+22	1.78e-03	9.88e-01	9.92e-03
 2.15865e+22	1.93e-03	9.89e-01	8.60e-03
 2.20882e+22	2.07e-03	9.90e-01	7.64e-03
 2.26478e+22	2.25e-03	9.91e-01	6.73e-03
 2.31248e+22	2.42e-03	9.91e-01	6.12e-03
 2.33668e+22	2.52e-03	9.92e-01	5.88e-03
 2.35538e+22	2.61e-03	9.92e-01	5.68e-03
 2.37969e+22	2.72e-03	9.92e-01	5.42e-03
 2.40686e+22	2.86e-03	9.92e-01	5.16e-03
 2.43050e+22	2.98e-03	9.92e-01	4.95e-03
 2.44900e+22	3.10e-03	9.92e-01	4.80e-03
 2.46560e+22	3.21e-03	9.92e-01	4.68e-03
 2.48466e+22	3.34e-03	9.92e-01	4.53e-03
 2.50516e+22	3.50e-03	9.92e-01	4.38e-03
 2.52231e+22	3.66e-03	9.92e-01	4.26e-03
 2.53609e+22	3.79e-03	9.92e-01	4.18e-03
 2.55071e+22	3.94e-03	9.92e-01	4.09e-03
 2.56697e+22	4.11e-03	9.92e-01	3.98e-03
 2.58138e+22	4.29e-03	9.92e-01	3.90e-03
 2.59324e+22	4.45e-03	9.92e-01	3.83e-03
 2.60576e+22	4.63e-03	9.92e-01	3.76e-03
 2.61950e+22	4.85e-03	9.91e-01	3.69e-03
 2.63144e+22	5.07e-03	9.91e-01	3.62e-03
 2.64123e+22	5.26e-03	9.91e-01	3.57e-03
 2.65165e+22	5.48e-03	9.91e-01	3.52e-03
 2.66324e+22	5.75e-03	9.91e-01	3.46e-03
 2.67352e+22	6.02e-03	9.91e-01	3.41e-03
 2.68207e+22	6.27e-03	9.90e-01	3.36e-03
 2.69117e+22	6.54e-03	9.90e-01	3.32e-03
 2.70128e+22	6.89e-03	9.90e-01	3.27e-03
 2.71028e+22	7.25e-03	9.90e-01	3.23e-03
 2.71781e+22	7.57e-03	9.89e-01	3.20e-03
 2.72589e+22	7.94e-03	9.89e-01	3.16e-03
 2.73498e+22	8.42e-03	9.88e-01	3.12e-03
 2.74324e+22	8.94e-03	9.88e-01	3.08e-03
 2.75029e+22	9.42e-03	9.88e-01	3.05e-03
 2.75789e+22	9.98e-03	9.87e-01	3.01e-03
 2.76644e+22	1.07e-02	9.86e-01	2.98e-03
 2.77413e+22	1.15e-02	9.86e-01	2.94e-03
 2.78038e+22	1.22e-02	9.85e-01	2.92e-03
 2.78686e+22	1.31e-02	9.84e-01	2.90e-03
 2.79528e+22	1.43e-02	9.83e-01	2.86e-03
 2.80350e+22	1.59e-02	9.81e-01	2.82e-03
 2.80915e+22	1.72e-02	9.80e-01	2.80e-03
 2.81337e+22	1.82e-02	9.79e-01	2.80e-03
 2.81804e+22	1.96e-02	9.78e-01	2.78e-03
 2.82411e+22	2.16e-02	9.76e-01	2.75e-03
 2.82996e+22	2.39e-02	9.73e-01	2.75e-03
 2.83399e+22	2.60e-02	9.71e-01	2.74e-03
 2.83704e+22	2.77e-02	9.70e-01	2.73e-03
 2.84039e+22	2.96e-02	9.68e-01	2.73e-03
 2.84474e+22	3.26e-02	9.65e-01	2.72e-03
 2.84918e+22	3.63e-02	9.61e-01	2.73e-03
 2.85253e+22	3.97e-02	9.58e-01	2.73e-03
 2.85513e+22	4.26e-02	9.55e-01	2.74e-03
 2.85795e+22	4.60e-02	9.51e-01	2.74e-03
 2.86162e+22	5.10e-02	9.46e-01	2.76e-03
 2.86541e+22	5.73e-02	9.40e-01	2.80e-03
 2.86837e+22	6.36e-02	9.34e-01	2.82e-03
 2.87074e+22	6.89e-02	9.28e-01	2.86e-03
 2.87331e+22	7.53e-02	9.22e-01	2.88e-03
 2.87575e+22	8.28e-02	9.14e-01	2.92e-03
 2.87734e+22	8.81e-02	9.09e-01	2.96e-03
 2.87857e+22	9.26e-02	9.04e-01	2.97e-03
 2.88002e+22	9.83e-02	8.99e-01	2.99e-03
 2.88175e+22	1.05e-01	8.92e-01	3.03e-03
 2.88358e+22	1.13e-01	8.84e-01	3.08e-03
 2.88529e+22	1.22e-01	8.75e-01	3.13e-03
 2.88686e+22	1.30e-01	8.67e-01	3.19e-03
 2.88848e+22	1.39e-01	8.58e-01	3.24e-03
 2.89024e+22	1.50e-01	8.46e-01	3.30e-03
 2.89209e+22	1.63e-01	8.34e-01	3.39e-03
 2.89378e+22	1.76e-01	8.21e-01	3.47e-03
 2.89495e+22	1.86e-01	8.11e-01	3.53e-03
 2.89569e+22	1.93e-01	8.04e-01	3.55e-03
 2.89645e+22	2.00e-01	7.96e-01	3.57e-03
 2.89743e+22	2.09e-01	7.87e-01	3.60e-03
 2.89856e+22	2.20e-01	7.76e-01	3.66e-03
 2.89956e+22	2.31e-01	7.65e-01	3.71e-03
 2.90038e+22	2.40e-01	7.57e-01	3.76e-03
 2.90120e+22	2.49e-01	7.47e-01	3.78e-03
 2.90216e+22	2.61e-01	7.36e-01	3.83e-03
 2.90317e+22	2.73e-01	7.23e-01	3.88e-03
 2.90405e+22	2.84e-01	7.12e-01	3.95e-03
 2.90483e+22	2.95e-01	7.01e-01	3.97e-03
 2.90567e+22	3.07e-01	6.89e-01	4.00e-03
 2.90660e+22	3.19e-01	6.76e-01	4.05e-03
 2.90753e+22	3.33e-01	6.63e-01	4.10e-03
 2.90836e+22	3.45e-01	6.50e-01	4.15e-03
 2.90915e+22	3.58e-01	6.38e-01	4.17e-03
 2.91001e+22	3.72e-01	6.24e-01	4.20e-03
 2.91093e+22	3.87e-01	6.09e-01	4.24e-03
 2.91179e+22	4.02e-01	5.94e-01	4.28e-03
 2.91258e+22	4.16e-01	5.80e-01	4.30e-03
 2.91338e+22	4.30e-01	5.65e-01	4.31e-03
 2.91429e+22	4.46e-01	5.49e-01	4.33e-03
 2.91521e+22	4.63e-01	5.32e-01	4.35e-03
 2.91604e+22	4.79e-01	5.17e-01	4.36e-03
 2.91680e+22	4.94e-01	5.02e-01	4.34e-03
 2.91764e+22	5.11e-01	4.85e-01	4.32e-03
 2.91857e+22	5.28e-01	4.67e-01	4.32e-03
 2.91945e+22	5.45e-01	4.51e-01	4.32e-03
 2.92022e+22	5.61e-01	4.35e-01	4.28e-03
 2.92100e+22	5.77e-01	4.19e-01	4.22e-03
 2.92187e+22	5.94e-01	4.02e-01	4.17e-03
 2.92276e+22	6.11e-01	3.85e-01	4.14e-03
 2.92357e+22	6.26e-01	3.69e-01	4.08e-03
 2.92434e+22	6.42e-01	3.54e-01	4.01e-03
 2.92516e+22	6.57e-01	3.39e-01	3.93e-03
 2.92604e+22	6.73e-01	3.23e-01	3.85e-03
 2.92691e+22	6.89e-01	3.07e-01	3.77e-03
 2.92773e+22	7.04e-01	2.93e-01	3.67e-03
 2.92856e+22	7.18e-01	2.78e-01	3.56e-03
 2.92946e+22	7.34e-01	2.63e-01	3.44e-03
 2.93041e+22	7.48e-01	2.48e-01	3.33e-03
 2.93133e+22	7.62e-01	2.35e-01	3.22e-03
 2.93224e+22	7.76e-01	2.21e-01	3.09e-03
 2.93318e+22	7.88e-01	2.09e-01	2.96e-03
 2.93410e+22	8.00e-01	1.97e-01	2.84e-03
 2.93500e+22	8.11e-01	1.86e-01	2.72e-03
 2.93589e+22	8.21e-01	1.76e-01	2.60e-03
 2.93674e+22	8.30e-01	1.68e-01	2.49e-03
 2.93762e+22	8.39e-01	1.59e-01	2.38e-03
 2.93854e+22	8.46e-01	1.51e-01	2.29e-03
 2.93950e+22	8.54e-01	1.44e-01	2.18e-03
 2.94050e+22	8.61e-01	1.36e-01	2.09e-03
 2.94153e+22	8.68e-01	1.30e-01	2.00e-03
 2.94255e+22	8.74e-01	1.24e-01	1.92e-03
 2.94363e+22	8.80e-01	1.18e-01	1.84e-03
 2.94482e+22	8.85e-01	1.13e-01	1.76e-03
 2.94606e+22	8.90e-01	1.08e-01	1.69e-03
 2.94743e+22	8.94e-01	1.04e-01	1.62e-03
 2.94896e+22	8.99e-01	9.98e-02	1.56e-03
 2.95060e+22	9.02e-01	9.62e-02	1.51e-03
 2.95249e+22	9.06e-01	9.27e-02	1.45e-03
 2.95467e+22	9.09e-01	8.97e-02	1.40e-03
 2.95685e+22	9.11e-01	8.74e-02	1.36e-03
 2.95884e+22	9.13e-01	8.57e-02	1.33e-03
 2.96102e+22	9.15e-01	8.40e-02	1.30e-03
 2.96337e+22	9.16e-01	8.30e-02	1.28e-03
 2.96595e+22	9.17e-01	8.17e-02	1.25e-03
 2.96930e+22	9.18e-01	8.05e-02	1.23e-03
 2.97291e+22	9.19e-01	7.99e-02	1.21e-03
 2.97688e+22	9.20e-01	7.90e-02	1.19e-03
 2.98203e+22	9.21e-01	7.79e-02	1.16e-03
 2.98759e+22	9.22e-01	7.72e-02	1.14e-03
 2.99369e+22	9.23e-01	7.63e-02	1.11e-03
 3.00027e+22	9.23e-01	7.55e-02	1.09e-03
 3.00748e+22	9.25e-01	7.44e-02	1.06e-03
 3.01526e+22	9.25e-01	7.35e-02	1.03e-03
 3.02235e+22	9.26e-01	7.27e-02	1.01e-03
 3.03011e+22	9.27e-01	7.16e-02	9.77e-04
 3.03849e+22	9.28e-01	7.06e-02	9.50e-04
 3.04612e+22	9.29e-01	6.99e-02	9.29e-04
 3.05447e+22	9.30e-01	6.88e-02	9.00e-04
 3.06350e+22	9.31e-01	6.79e-02	8.75e-04
 3.07171e+22	9.32e-01	6.71e-02	8.56e-04
 3.08070e+22	9.33e-01	6.61e-02	8.30e-04
 3.09041e+22	9.34e-01	6.52e-02	8.06e-04
 3.09925e+22	9.35e-01	6.44e-02	7.87e-04
 3.10894e+22	9.36e-01	6.34e-02	7.61e-04
 3.11939e+22	9.37e-01	6.25e-02	7.38e-04
 3.12891e+22	9.38e-01	6.17e-02	7.20e-04
 3.13933e+22	9.39e-01	6.06e-02	6.95e-04
 3.15059e+22	9.40e-01	5.97e-02	6.73e-04
 3.16083e+22	9.40e-01	5.89e-02	6.54e-04
 3.17015e+22	9.41e-01	5.82e-02	6.39e-04
 3.18037e+22	9.42e-01	5.72e-02	6.16e-04
 3.19139e+22	9.43e-01	5.62e-02	5.96e-04
 3.20143e+22	9.44e-01	5.55e-02	5.81e-04
 3.21056e+22	9.45e-01	5.49e-02	5.67e-04
 3.22056e+22	9.46e-01	5.39e-02	5.47e-04
 3.23137e+22	9.46e-01	5.31e-02	5.30e-04
 3.24120e+22	9.47e-01	5.24e-02	5.17e-04
 3.25197e+22	9.48e-01	5.15e-02	4.98e-04
 3.26360e+22	9.49e-01	5.07e-02	4.83e-04
 3.27418e+22	9.50e-01	5.00e-02	4.70e-04
 3.28381e+22	9.50e-01	4.94e-02	4.59e-04
 3.29436e+22	9.51e-01	4.85e-02	4.42e-04
 3.30575e+22	9.52e-01	4.78e-02	4.29e-04
 3.31612e+22	9.52e-01	4.72e-02	4.18e-04
 3.32555e+22	9.53e-01	4.67e-02	4.09e-04
 3.33589e+22	9.54e-01	4.59e-02	3.95e-04
 3.34705e+22	9.54e-01	4.53e-02	3.85e-04
 3.35721e+22	9.55e-01	4.48e-02	3.76e-04
 3.36834e+22	9.56e-01	4.41e-02	3.64e-04
 3.38035e+22	9.56e-01	4.34e-02	3.54e-04
 3.39128e+22	9.57e-01	4.29e-02	3.45e-04
 3.40326e+22	9.57e-01	4.22e-02	3.34e-04
 3.41620e+22	9.58e-01	4.16e-02	3.24e-04
 3.42797e+22	9.59e-01	4.10e-02	3.16e-04
 3.44086e+22	9.59e-01	4.03e-02	3.05e-04
 3.45479e+22	9.60e-01	3.97e-02	2.95e-04
 3.46746e+22	9.61e-01	3.92e-02	2.87e-04
 3.48134e+22	9.61e-01	3.85e-02	2.77e-04
 3.49633e+22	9.62e-01	3.78e-02	2.68e-04
 3.50997e+22	9.62e-01	3.73e-02	2.60e-04
 3.52492e+22	9.63e-01	3.66e-02	2.51e-04
 3.54105e+22	9.64e-01	3.59e-02	2.42e-04
 3.55574e+22	9.64e-01	3.54e-02	2.35e-04
 3.57183e+22	9.65e-01	3.47e-02	2.26e-04
 3.58920e+22	9.66e-01	3.41e-02	2.18e-04
 3.60501e+22	9.66e-01	3.36e-02	2.11e-04
 3.61939e+22	9.67e-01	3.31e-02	2.05e-04
 3.63516e+22	9.67e-01	3.25e-02	1.98e-04
 3.65217e+22	9.68e-01	3.20e-02	1.92e-04
 3.66766e+22	9.68e-01	3.15e-02	1.86e-04
 3.68463e+22	9.69e-01	3.09e-02	1.79e-04
 3.70295e+22	9.69e-01	3.04e-02	1.73e-04
 3.71962e+22	9.70e-01	2.99e-02	1.68e-04
 3.73789e+22	9.71e-01	2.93e-02	1.61e-04
 3.75761e+22	9.71e-01	2.88e-02	1.55e-04
 3.77556e+22	9.72e-01	2.83e-02	1.50e-04
 3.79189e+22	9.72e-01	2.79e-02	1.47e-04
 3.80978e+22	9.72e-01	2.74e-02	1.41e-04
 3.82910e+22	9.73e-01	2.70e-02	1.36e-04
 3.84668e+22	9.73e-01	2.66e-02	1.33e-04
 3.86595e+22	9.74e-01	2.61e-02	1.28e-04
 3.88675e+22	9.74e-01	2.56e-02	1.23e-04
 3.90568e+22	9.75e-01	2.52e-02	1.20e-04
 3.92642e+22	9.75e-01	2.47e-02	1.15e-04
 3.94881e+22	9.76e-01	2.43e-02	1.11e-04
 3.96918e+22	9.76e-01	2.40e-02	1.08e-04
 3.98772e+22	9.76e-01	2.36e-02	1.04e-04
 4.00804e+22	9.77e-01	2.31e-02	1.00e-04
 4.02998e+22	9.77e-01	2.27e-02	9.70e-05
 4.05401e+22	9.78e-01	2.23e-02	9.31e-05
 4.07996e+22	9.78e-01	2.18e-02	8.93e-05
 4.10358e+22	9.78e-01	2.15e-02	8.69e-05
 4.12945e+22	9.79e-01	2.10e-02	8.28e-05
 4.15739e+22	9.79e-01	2.06e-02	7.96e-05
 4.18281e+22	9.80e-01	2.02e-02	7.68e-05
 4.20594e+22	9.80e-01	1.99e-02	7.42e-05
 4.23129e+22	9.80e-01	1.95e-02	7.15e-05
 4.25865e+22	9.81e-01	1.91e-02	6.86e-05
 4.28356e+22	9.81e-01	1.88e-02	6.68e-05
 4.31085e+22	9.82e-01	1.84e-02	6.38e-05
 4.34031e+22	9.82e-01	1.81e-02	6.14e-05
 4.36711e+22	9.82e-01	1.77e-02	5.92e-05
 4.39649e+22	9.83e-01	1.74e-02	5.68e-05
 4.42821e+22	9.83e-01	1.70e-02	5.46e-05
 4.45707e+22	9.83e-01	1.67e-02	5.26e-05
 4.48869e+22	9.84e-01	1.64e-02	5.04e-05
 4.52283e+22	9.84e-01	1.60e-02	4.84e-05
 4.55390e+22	9.84e-01	1.57e-02	4.66e-05
 4.58795e+22	9.85e-01	1.54e-02	4.46e-05
 4.62470e+22	9.85e-01	1.51e-02	4.27e-05
 4.65815e+22	9.85e-01	1.48e-02	4.11e-05
 4.69480e+22	9.86e-01	1.44e-02	3.93e-05
 4.73437e+22	9.86e-01	1.41e-02	3.76e-05
 4.77038e+22	9.86e-01	1.38e-02	3.61e-05
 4.80983e+22	9.86e-01	1.35e-02	3.46e-05
 4.85243e+22	9.87e-01	1.32e-02	3.30e-05
 4.89119e+22	9.87e-01	1.29e-02	3.16e-05
 4.92647e+22	9.87e-01	1.27e-02	3.05e-05
 4.96512e+22	9.88e-01	1.25e-02	2.92e-05
 5.01473e+22	9.88e-01	1.21e-02	2.77e-05
 5.06966e+22	9.88e-01	1.18e-02	2.62e-05
 5.12743e+22	9.89e-01	1.14e-02	2.47e-05
 5.18894e+22	9.89e-01	1.11e-02	2.32e-05
 5.25159e+22	9.89e-01	1.08e-02	2.19e-05
 5.31592e+22	9.90e-01	1.04e-02	2.06e-05
 5.38188e+22	9.90e-01	1.01e-02	1.94e-05
 5.44953e+22	9.90e-01	9.82e-03	1.82e-05
 5.51885e+22	9.90e-01	9.51e-03	1.71e-05
 5.58977e+22	9.91e-01	9.22e-03	1.61e-05
 5.66249e+22	9.91e-01	8.94e-03	1.51e-05
 5.73706e+22	9.91e-01	8.66e-03	1.42e-05
 5.81337e+22	9.92e-01	8.39e-03	1.33e-05
 5.89145e+22	9.92e-01	8.13e-03	1.25e-05
 5.97144e+22	9.92e-01	7.87e-03	1.17e-05
 6.05335e+22	9.92e-01	7.62e-03	1.10e-05
 6.13652e+22	9.93e-01	7.38e-03	1.03e-05
 6.22174e+22	9.93e-01	7.15e-03	9.67e-06
 6.30971e+22	9.93e-01	6.92e-03	9.07e-06
 6.39976e+22	9.93e-01	6.70e-03	8.50e-06
 6.49190e+22	9.94e-01	6.49e-03	7.97e-06
 6.58647e+22	9.94e-01	6.28e-03	7.46e-06
 6.68350e+22	9.94e-01	6.07e-03	6.99e-06
 6.78297e+22	9.94e-01	5.88e-03	6.55e-06
 6.88681e+22	9.94e-01	5.68e-03	6.12e-06
 6.99490e+22	9.95e-01	5.49e-03	5.72e-06
 7.10578e+22	9.95e-01	5.31e-03	5.35e-06
 7.22012e+22	9.95e-01	5.13e-03	4.99e-06
 7.33807e+22	9.95e-01	4.96e-03	4.66e-06
 7.45952e+22	9.95e-01	4.79e-03	4.35e-06
 7.58488e+22	9.95e-01	4.62e-03	4.05e-06
 7.71472e+22	9.96e-01	4.46e-03	3.78e-06
 7.84934e+22	9.96e-01	4.30e-03	3.52e-06
 7.98921e+22	9.96e-01	4.15e-03	3.28e-06
 8.13636e+22	9.96e-01	4.00e-03	3.04e-06
 8.29067e+22	9.96e-01	3.86e-03	2.82e-06
 8.45114e+22	9.96e-01	3.71e-03	2.62e-06
 8.61838e+22	9.96e-01	3.57e-03	2.43e-06
 8.79281e+22	9.97e-01	3.44e-03	2.25e-06
 8.97526e+22	9.97e-01	3.30e-03	2.08e-06
 9.16608e+22	9.97e-01	3.18e-03	1.92e-06
 9.36576e+22	9.97e-01	3.05e-03	1.77e-06
 9.57636e+22	9.97e-01	2.93e-03	1.63e-06
 9.79968e+22	9.97e-01	2.81e-03	1.50e-06
 1.00351e+23	9.97e-01	2.69e-03	1.38e-06
 1.02836e+23	9.97e-01	2.58e-03	1.27e-06
 1.05469e+23	9.98e-01	2.47e-03	1.16e-06
 1.08260e+23	9.98e-01	2.36e-03	1.06e-06
 1.11245e+23	9.98e-01	2.25e-03	9.69e-07
 1.14434e+23	9.98e-01	2.15e-03	8.83e-07
 1.17805e+23	9.98e-01	2.05e-03	8.04e-07
 1.21336e+23	9.98e-01	1.96e-03	7.32e-07
 1.25049e+23	9.98e-01	1.87e-03	6.67e-07
 1.28982e+23	9.98e-01	1.78e-03	6.07e-07
 1.33153e+23	9.98e-01	1.70e-03	5.52e-07
 1.37590e+23	9.98e-01	1.62e-03	5.02e-07
 1.42322e+23	9.98e-01	1.55e-03	4.56e-07
 1.47290e+23	9.99e-01	1.47e-03	4.15e-07
 1.52397e+23	9.99e-01	1.41e-03	3.79e-07
 1.57657e+23	9.99e-01	1.35e-03	3.47e-07
 1.63119e+23	9.99e-01	1.29e-03	3.19e-07
 1.68779e+23	9.99e-01	1.24e-03	2.93e-07
 1.74623e+23	9.99e-01	1.19e-03	2.71e-07
 1.80662e+23	9.99e-01	1.15e-03	2.51e-07
 1.86915e+23	9.99e-01	1.10e-03	2.33e-07
 1.93379e+23	9.99e-01	1.07e-03	2.18e-07
 2.00039e+23	9.99e-01	1.03e-03	2.04e-07
 2.06923e+23	9.99e-01	1.00e-03	1.92e-07
 2.14064e+23	9.99e-01	9.72e-04	1.81e-07
 2.21432e+23	9.99e-01	9.45e-04	1.71e-07
 2.29029e+23	9.99e-01	9.22e-04	1.63e-07
 2.36522e+23	9.99e-01	9.01e-04	1.55e-07
 2.43418e+23	9.99e-01	8.84e-04	1.50e-07
 2.49624e+23	9.99e-01	8.70e-04	1.45e-07
 2.55210e+23	9.99e-01	8.60e-04	1.42e-07
 2.60237e+23	9.99e-01	8.51e-04	1.39e-07
 2.64761e+23	9.99e-01	8.44e-04	1.36e-07
 2.68833e+23	9.99e-01	8.40e-04	1.35e-07
 2.72498e+23	9.99e-01	8.36e-04	1.34e-07
 2.75797e+23	9.99e-01	8.32e-04	1.33e-07
 2.78886e+23	9.99e-01	8.29e-04	1.32e-07
 2.81941e+23	9.99e-01	8.27e-04	1.31e-07
 2.84996e+23	9.99e-01	8.25e-04	1.30e-07
 2.88051e+23	9.99e-01	8.23e-04	1.30e-07
 2.91106e+23	9.99e-01	8.21e-04	1.29e-07
 2.94160e+23	9.99e-01	8.20e-04	1.29e-07
 2.97215e+23	9.99e-01	8.19e-04	1.28e-07
 3.00270e+23	9.99e-01	8.18e-04	1.28e-07
 3.03325e+23	9.99e-01	8.17e-04	1.28e-07
 3.05167e+23	9.99e-01	8.15e-04	1.27e-07
