#depth	O	O+	O+2	O+3	O+4	O+5	O+6	O+7	O+8	O[1]	O[2]	O[3]
 1.54284e+19	9.97e-16	1.13e-10	7.44e-07	3.23e-04	1.17e-02	7.00e-02	7.58e-01	1.54e-01	6.25e-03	9.97e-16	8.02e-21	9.44e-21
 9.25702e+19	1.17e-15	1.33e-10	8.72e-07	3.72e-04	1.30e-02	7.51e-02	7.61e-01	1.45e-01	5.53e-03	1.17e-15	9.20e-21	1.08e-20
 2.19083e+20	1.51e-15	1.71e-10	1.12e-06	4.65e-04	1.51e-02	8.37e-02	7.64e-01	1.32e-01	4.54e-03	1.51e-15	1.09e-20	1.28e-20
 3.38274e+20	1.91e-15	2.17e-10	1.41e-06	5.69e-04	1.74e-02	9.22e-02	7.65e-01	1.21e-01	3.79e-03	1.91e-15	1.30e-20	1.52e-20
 4.22820e+20	2.24e-15	2.57e-10	1.66e-06	6.54e-04	1.91e-02	9.86e-02	7.65e-01	1.13e-01	3.35e-03	2.24e-15	1.46e-20	1.72e-20
 4.78666e+20	2.50e-15	2.86e-10	1.84e-06	7.15e-04	2.03e-02	1.03e-01	7.64e-01	1.09e-01	3.09e-03	2.50e-15	1.60e-20	1.88e-20
 5.37757e+20	2.79e-15	3.21e-10	2.05e-06	7.86e-04	2.17e-02	1.07e-01	7.63e-01	1.04e-01	2.84e-03	2.79e-15	1.76e-20	2.06e-20
 6.14575e+20	3.22e-15	3.71e-10	2.36e-06	8.86e-04	2.35e-02	1.13e-01	7.61e-01	9.84e-02	2.54e-03	3.22e-15	1.96e-20	2.30e-20
 6.98311e+20	3.75e-15	4.34e-10	2.74e-06	1.01e-03	2.55e-02	1.20e-01	7.58e-01	9.26e-02	2.26e-03	3.75e-15	2.20e-20	2.58e-20
 7.69230e+20	4.26e-15	4.96e-10	3.11e-06	1.12e-03	2.74e-02	1.26e-01	7.55e-01	8.80e-02	2.05e-03	4.26e-15	2.42e-20	2.84e-20
 8.29232e+20	4.75e-15	5.54e-10	3.45e-06	1.22e-03	2.90e-02	1.31e-01	7.53e-01	8.43e-02	1.89e-03	4.75e-15	2.65e-20	3.11e-20
 8.96850e+20	5.35e-15	6.27e-10	3.88e-06	1.34e-03	3.08e-02	1.37e-01	7.49e-01	8.03e-02	1.72e-03	5.35e-15	2.93e-20	3.43e-20
 9.84754e+20	6.25e-15	7.36e-10	4.50e-06	1.52e-03	3.34e-02	1.44e-01	7.44e-01	7.55e-02	1.53e-03	6.25e-15	3.31e-20	3.88e-20
 1.07677e+21	7.35e-15	8.69e-10	5.25e-06	1.72e-03	3.62e-02	1.52e-01	7.38e-01	7.08e-02	1.36e-03	7.35e-15	3.75e-20	4.38e-20
 1.15344e+21	8.40e-15	9.97e-10	5.95e-06	1.90e-03	3.85e-02	1.58e-01	7.33e-01	6.72e-02	1.23e-03	8.40e-15	4.18e-20	4.89e-20
 1.23242e+21	9.64e-15	1.15e-09	6.76e-06	2.11e-03	4.11e-02	1.65e-01	7.27e-01	6.36e-02	1.11e-03	9.64e-15	4.70e-20	5.50e-20
 1.33510e+21	1.15e-14	1.38e-09	7.95e-06	2.40e-03	4.45e-02	1.74e-01	7.19e-01	5.94e-02	9.81e-04	1.15e-14	5.44e-20	6.36e-20
 1.44257e+21	1.38e-14	1.66e-09	9.40e-06	2.73e-03	4.83e-02	1.83e-01	7.10e-01	5.52e-02	8.60e-04	1.38e-14	6.29e-20	7.35e-20
 1.53265e+21	1.62e-14	1.94e-09	1.08e-05	3.03e-03	5.15e-02	1.90e-01	7.03e-01	5.21e-02	7.72e-04	1.62e-14	7.14e-20	8.35e-20
 1.62616e+21	1.89e-14	2.27e-09	1.24e-05	3.38e-03	5.50e-02	1.98e-01	6.94e-01	4.90e-02	6.92e-04	1.89e-14	8.21e-20	9.59e-20
 1.74772e+21	2.33e-14	2.79e-09	1.48e-05	3.87e-03	5.98e-02	2.08e-01	6.83e-01	4.53e-02	6.01e-04	2.33e-14	9.76e-20	1.14e-19
 1.87563e+21	2.88e-14	3.45e-09	1.78e-05	4.44e-03	6.49e-02	2.18e-01	6.71e-01	4.17e-02	5.20e-04	2.88e-14	1.16e-19	1.36e-19
 1.98269e+21	3.43e-14	4.10e-09	2.07e-05	4.96e-03	6.94e-02	2.26e-01	6.60e-01	3.89e-02	4.61e-04	3.43e-14	1.34e-19	1.57e-19
 2.09281e+21	4.13e-14	4.91e-09	2.41e-05	5.55e-03	7.41e-02	2.34e-01	6.49e-01	3.64e-02	4.09e-04	4.13e-14	1.59e-19	1.85e-19
 2.23595e+21	5.21e-14	6.16e-09	2.92e-05	6.39e-03	8.06e-02	2.45e-01	6.34e-01	3.33e-02	3.50e-04	5.21e-14	1.94e-19	2.26e-19
 2.38523e+21	6.62e-14	7.77e-09	3.55e-05	7.37e-03	8.75e-02	2.56e-01	6.18e-01	3.04e-02	2.99e-04	6.62e-14	2.37e-19	2.76e-19
 2.50887e+21	8.05e-14	9.37e-09	4.15e-05	8.24e-03	9.34e-02	2.65e-01	6.05e-01	2.82e-02	2.63e-04	8.05e-14	2.81e-19	3.27e-19
 2.63599e+21	9.83e-14	1.13e-08	4.85e-05	9.23e-03	9.97e-02	2.73e-01	5.92e-01	2.61e-02	2.31e-04	9.83e-14	3.36e-19	3.92e-19
 2.80124e+21	1.27e-13	1.44e-08	5.93e-05	1.06e-02	1.08e-01	2.84e-01	5.74e-01	2.36e-02	1.96e-04	1.27e-13	4.21e-19	4.90e-19
 2.96947e+21	1.64e-13	1.83e-08	7.21e-05	1.22e-02	1.17e-01	2.94e-01	5.55e-01	2.14e-02	1.66e-04	1.64e-13	5.23e-19	6.09e-19
 3.09345e+21	1.97e-13	2.17e-08	8.29e-05	1.35e-02	1.23e-01	3.01e-01	5.42e-01	1.99e-02	1.47e-04	1.96e-13	6.14e-19	7.16e-19
 3.20650e+21	2.32e-13	2.53e-08	9.40e-05	1.47e-02	1.29e-01	3.07e-01	5.30e-01	1.87e-02	1.32e-04	2.32e-13	7.16e-19	8.34e-19
 3.35346e+21	2.88e-13	3.09e-08	1.10e-04	1.64e-02	1.38e-01	3.15e-01	5.14e-01	1.71e-02	1.15e-04	2.88e-13	8.68e-19	1.01e-18
 3.51148e+21	3.60e-13	3.79e-08	1.30e-04	1.84e-02	1.46e-01	3.23e-01	4.97e-01	1.56e-02	9.91e-05	3.60e-13	1.06e-18	1.23e-18
 3.65045e+21	4.36e-13	4.52e-08	1.50e-04	2.03e-02	1.54e-01	3.29e-01	4.82e-01	1.45e-02	8.72e-05	4.36e-13	1.26e-18	1.46e-18
 3.79765e+21	5.34e-13	5.42e-08	1.74e-04	2.24e-02	1.63e-01	3.35e-01	4.66e-01	1.33e-02	7.62e-05	5.34e-13	1.51e-18	1.76e-18
 3.98902e+21	6.91e-13	6.84e-08	2.09e-04	2.54e-02	1.74e-01	3.42e-01	4.46e-01	1.19e-02	6.42e-05	6.91e-13	1.91e-18	2.22e-18
 4.18380e+21	8.90e-13	8.56e-08	2.51e-04	2.87e-02	1.85e-01	3.48e-01	4.27e-01	1.07e-02	5.40e-05	8.90e-13	2.40e-18	2.78e-18
 4.33768e+21	1.08e-12	1.02e-07	2.88e-04	3.14e-02	1.94e-01	3.53e-01	4.11e-01	9.82e-03	4.72e-05	1.08e-12	2.86e-18	3.32e-18
 4.49238e+21	1.31e-12	1.21e-07	3.30e-04	3.44e-02	2.03e-01	3.57e-01	3.96e-01	9.02e-03	4.13e-05	1.31e-12	3.43e-18	3.98e-18
 4.69348e+21	1.69e-12	1.50e-07	3.93e-04	3.86e-02	2.15e-01	3.61e-01	3.77e-01	8.07e-03	3.48e-05	1.69e-12	4.33e-18	5.02e-18
 4.90773e+21	2.20e-12	1.88e-07	4.69e-04	4.33e-02	2.28e-01	3.64e-01	3.57e-01	7.17e-03	2.90e-05	2.20e-12	5.49e-18	6.36e-18
 5.09150e+21	2.73e-12	2.27e-07	5.43e-04	4.76e-02	2.38e-01	3.67e-01	3.41e-01	6.48e-03	2.49e-05	2.73e-12	6.72e-18	7.78e-18
 5.28283e+21	3.42e-12	2.75e-07	6.30e-04	5.24e-02	2.49e-01	3.68e-01	3.24e-01	5.84e-03	2.13e-05	3.42e-12	8.31e-18	9.61e-18
 5.53155e+21	4.56e-12	3.51e-07	7.59e-04	5.90e-02	2.63e-01	3.69e-01	3.03e-01	5.10e-03	1.73e-05	4.56e-12	1.08e-17	1.25e-17
 5.78934e+21	6.07e-12	4.45e-07	9.13e-04	6.63e-02	2.77e-01	3.68e-01	2.83e-01	4.44e-03	1.41e-05	6.07e-12	1.41e-17	1.63e-17
 6.00118e+21	7.62e-12	5.38e-07	1.06e-03	7.26e-02	2.88e-01	3.67e-01	2.67e-01	3.96e-03	1.19e-05	7.62e-12	1.74e-17	2.01e-17
 6.21887e+21	9.60e-12	6.51e-07	1.22e-03	7.95e-02	2.99e-01	3.65e-01	2.51e-01	3.53e-03	1.00e-05	9.60e-12	2.17e-17	2.51e-17
 6.50187e+21	1.29e-11	8.27e-07	1.46e-03	8.89e-02	3.13e-01	3.62e-01	2.32e-01	3.04e-03	8.06e-06	1.29e-11	2.86e-17	3.30e-17
 6.80335e+21	1.74e-11	1.05e-06	1.76e-03	9.94e-02	3.27e-01	3.57e-01	2.13e-01	2.59e-03	6.39e-06	1.74e-11	3.78e-17	4.35e-17
 7.06476e+21	2.24e-11	1.29e-06	2.05e-03	1.09e-01	3.38e-01	3.51e-01	1.97e-01	2.26e-03	5.24e-06	2.24e-11	4.78e-17	5.51e-17
 7.28385e+21	2.74e-11	1.52e-06	2.32e-03	1.17e-01	3.47e-01	3.46e-01	1.85e-01	2.01e-03	4.45e-06	2.74e-11	5.80e-17	6.69e-17
 7.51205e+21	3.39e-11	1.79e-06	2.64e-03	1.26e-01	3.56e-01	3.41e-01	1.73e-01	1.79e-03	3.76e-06	3.39e-11	7.10e-17	8.18e-17
 7.80870e+21	4.44e-11	2.22e-06	3.09e-03	1.38e-01	3.66e-01	3.33e-01	1.58e-01	1.53e-03	3.02e-06	4.44e-11	9.14e-17	1.05e-16
 8.11454e+21	5.78e-11	2.72e-06	3.61e-03	1.51e-01	3.76e-01	3.24e-01	1.44e-01	1.31e-03	2.42e-06	5.78e-11	1.17e-16	1.35e-16
 8.36428e+21	7.12e-11	3.20e-06	4.08e-03	1.62e-01	3.83e-01	3.16e-01	1.34e-01	1.15e-03	2.02e-06	7.12e-11	1.43e-16	1.65e-16
 8.62088e+21	8.81e-11	3.77e-06	4.61e-03	1.73e-01	3.89e-01	3.08e-01	1.24e-01	1.01e-03	1.68e-06	8.81e-11	1.75e-16	2.02e-16
 8.95445e+21	1.16e-10	4.64e-06	5.37e-03	1.88e-01	3.97e-01	2.97e-01	1.12e-01	8.54e-04	1.33e-06	1.16e-10	2.26e-16	2.61e-16
 9.29503e+21	1.50e-10	5.65e-06	6.24e-03	2.04e-01	4.03e-01	2.86e-01	1.01e-01	7.18e-04	1.05e-06	1.50e-10	2.89e-16	3.34e-16
 9.57557e+21	1.85e-10	6.61e-06	7.03e-03	2.17e-01	4.07e-01	2.76e-01	9.23e-02	6.24e-04	8.62e-07	1.85e-10	3.53e-16	4.07e-16
 9.87114e+21	2.30e-10	7.79e-06	7.93e-03	2.31e-01	4.11e-01	2.66e-01	8.42e-02	5.39e-04	0.00e+00	2.30e-10	4.35e-16	5.03e-16
 1.02554e+22	3.03e-10	9.57e-06	9.24e-03	2.50e-01	4.14e-01	2.52e-01	7.47e-02	4.45e-04	0.00e+00	3.03e-10	5.67e-16	6.54e-16
 1.06476e+22	3.95e-10	1.16e-05	1.07e-02	2.69e-01	4.15e-01	2.39e-01	6.60e-02	3.67e-04	0.00e+00	3.95e-10	7.27e-16	8.40e-16
 1.09751e+22	4.89e-10	1.36e-05	1.21e-02	2.84e-01	4.16e-01	2.28e-01	5.96e-02	3.13e-04	0.00e+00	4.89e-10	8.93e-16	1.03e-15
 1.13259e+22	6.16e-10	1.61e-05	1.37e-02	3.02e-01	4.15e-01	2.16e-01	5.33e-02	2.63e-04	0.00e+00	6.16e-10	1.11e-15	1.29e-15
 1.17819e+22	8.19e-10	1.99e-05	1.60e-02	3.24e-01	4.12e-01	2.01e-01	4.62e-02	2.12e-04	0.00e+00	8.19e-10	1.46e-15	1.69e-15
 1.22472e+22	1.08e-09	2.42e-05	1.86e-02	3.46e-01	4.08e-01	1.87e-01	3.99e-02	1.69e-04	0.00e+00	1.08e-09	1.90e-15	2.20e-15
 1.26353e+22	1.34e-09	2.83e-05	2.09e-02	3.64e-01	4.04e-01	1.75e-01	3.53e-02	1.41e-04	0.00e+00	1.34e-09	2.34e-15	2.71e-15
 1.29928e+22	1.63e-09	3.27e-05	2.33e-02	3.81e-01	3.99e-01	1.65e-01	3.15e-02	1.19e-04	0.00e+00	1.63e-09	2.83e-15	3.28e-15
 1.33997e+22	2.04e-09	3.84e-05	2.63e-02	4.00e-01	3.92e-01	1.54e-01	2.78e-02	9.88e-05	0.00e+00	2.04e-09	3.51e-15	4.07e-15
 1.38449e+22	2.58e-09	4.54e-05	2.99e-02	4.20e-01	3.84e-01	1.42e-01	2.41e-02	8.03e-05	0.00e+00	2.58e-09	4.39e-15	5.09e-15
 1.42621e+22	3.17e-09	5.25e-05	3.35e-02	4.38e-01	3.75e-01	1.32e-01	2.12e-02	6.66e-05	0.00e+00	3.17e-09	5.35e-15	6.21e-15
 1.46638e+22	3.86e-09	6.05e-05	3.73e-02	4.55e-01	3.67e-01	1.23e-01	1.87e-02	5.56e-05	0.00e+00	3.86e-09	6.46e-15	7.50e-15
 1.51229e+22	4.84e-09	7.11e-05	4.21e-02	4.73e-01	3.56e-01	1.13e-01	1.62e-02	4.52e-05	0.00e+00	4.84e-09	8.04e-15	9.34e-15
 1.56368e+22	6.10e-09	8.40e-05	4.79e-02	4.92e-01	3.43e-01	1.02e-01	1.38e-02	3.62e-05	0.00e+00	6.10e-09	1.00e-14	1.17e-14
 1.61185e+22	7.53e-09	9.77e-05	5.40e-02	5.10e-01	3.31e-01	9.33e-02	1.19e-02	2.94e-05	0.00e+00	7.53e-09	1.23e-14	1.43e-14
 1.65691e+22	9.14e-09	1.12e-04	6.02e-02	5.25e-01	3.19e-01	8.54e-02	1.04e-02	2.43e-05	0.00e+00	9.14e-09	1.48e-14	1.73e-14
 1.70824e+22	1.15e-08	1.32e-04	6.81e-02	5.41e-01	3.05e-01	7.70e-02	8.86e-03	1.95e-05	0.00e+00	1.15e-08	1.84e-14	2.15e-14
 1.76450e+22	1.44e-08	1.56e-04	7.76e-02	5.56e-01	2.90e-01	6.87e-02	7.47e-03	1.54e-05	0.00e+00	1.44e-08	2.30e-14	2.68e-14
 1.81544e+22	1.76e-08	1.81e-04	8.73e-02	5.69e-01	2.76e-01	6.18e-02	6.41e-03	1.25e-05	0.00e+00	1.76e-08	2.80e-14	3.26e-14
 1.86240e+22	2.12e-08	2.08e-04	9.72e-02	5.79e-01	2.62e-01	5.60e-02	5.55e-03	1.04e-05	0.00e+00	2.12e-08	3.35e-14	3.90e-14
 1.91591e+22	2.65e-08	2.45e-04	1.10e-01	5.89e-01	2.47e-01	4.98e-02	4.71e-03	8.34e-06	0.00e+00	2.65e-08	4.15e-14	4.84e-14
 1.97440e+22	3.32e-08	2.90e-04	1.25e-01	5.97e-01	2.30e-01	4.37e-02	3.94e-03	6.60e-06	0.00e+00	3.32e-08	5.17e-14	6.03e-14
 2.02681e+22	4.06e-08	3.38e-04	1.41e-01	6.01e-01	2.15e-01	3.87e-02	3.36e-03	5.36e-06	0.00e+00	4.06e-08	6.28e-14	7.32e-14
 2.07429e+22	4.88e-08	3.89e-04	1.58e-01	6.03e-01	2.01e-01	3.45e-02	2.89e-03	4.44e-06	0.00e+00	4.88e-08	7.53e-14	8.77e-14
 2.12788e+22	6.08e-08	4.61e-04	1.79e-01	6.03e-01	1.86e-01	3.02e-02	2.44e-03	3.57e-06	0.00e+00	6.08e-08	9.33e-14	1.09e-13
 2.18605e+22	7.65e-08	5.52e-04	2.04e-01	5.98e-01	1.69e-01	2.59e-02	2.01e-03	2.82e-06	0.00e+00	7.65e-08	1.17e-13	1.36e-13
 2.23735e+22	9.38e-08	6.48e-04	2.31e-01	5.91e-01	1.54e-01	2.25e-02	1.69e-03	2.29e-06	0.00e+00	9.38e-08	1.43e-13	1.66e-13
 2.28289e+22	1.13e-07	7.53e-04	2.57e-01	5.81e-01	1.40e-01	1.96e-02	1.44e-03	1.89e-06	0.00e+00	1.13e-07	1.71e-13	1.99e-13
 2.32575e+22	1.31e-07	8.45e-04	2.86e-01	5.68e-01	1.27e-01	1.71e-02	1.23e-03	1.56e-06	0.00e+00	1.31e-07	1.97e-13	2.29e-13
 2.37343e+22	1.62e-07	1.00e-03	3.21e-01	5.50e-01	1.13e-01	1.46e-02	1.02e-03	1.25e-06	0.00e+00	1.62e-07	2.43e-13	2.83e-13
 2.41971e+22	2.02e-07	1.20e-03	3.58e-01	5.27e-01	9.99e-02	1.23e-02	8.41e-04	1.01e-06	0.00e+00	2.02e-07	3.03e-13	3.52e-13
 2.45184e+22	2.26e-07	1.31e-03	3.87e-01	5.09e-01	9.06e-02	1.09e-02	7.29e-04	8.58e-07	0.00e+00	2.26e-07	3.38e-13	3.92e-13
 2.48129e+22	2.67e-07	1.50e-03	4.16e-01	4.90e-01	8.21e-02	9.58e-03	6.33e-04	0.00e+00	0.00e+00	2.67e-07	3.97e-13	4.62e-13
 2.51379e+22	3.08e-07	1.68e-03	4.48e-01	4.68e-01	7.31e-02	8.30e-03	5.39e-04	0.00e+00	0.00e+00	3.08e-07	4.57e-13	5.31e-13
 2.55028e+22	3.65e-07	1.92e-03	4.87e-01	4.41e-01	6.34e-02	6.98e-03	4.43e-04	0.00e+00	0.00e+00	3.65e-07	5.40e-13	6.27e-13
 2.58835e+22	4.32e-07	2.19e-03	5.28e-01	4.10e-01	5.38e-02	5.75e-03	3.56e-04	0.00e+00	0.00e+00	4.32e-07	6.37e-13	7.41e-13
 2.62012e+22	4.94e-07	2.43e-03	5.63e-01	3.83e-01	4.66e-02	4.86e-03	2.95e-04	0.00e+00	0.00e+00	4.94e-07	7.26e-13	8.44e-13
 2.65303e+22	5.73e-07	2.73e-03	6.00e-01	3.54e-01	3.95e-02	4.02e-03	2.39e-04	0.00e+00	0.00e+00	5.73e-07	8.41e-13	9.77e-13
 2.68927e+22	6.70e-07	3.06e-03	6.39e-01	3.22e-01	3.26e-02	3.25e-03	1.87e-04	0.00e+00	0.00e+00	6.70e-07	9.78e-13	1.14e-12
 2.72276e+22	7.70e-07	3.39e-03	6.74e-01	2.93e-01	2.71e-02	2.65e-03	1.48e-04	0.00e+00	0.00e+00	7.70e-07	1.12e-12	1.30e-12
 2.75922e+22	8.98e-07	3.78e-03	7.09e-01	2.63e-01	2.19e-02	2.10e-03	1.13e-04	0.00e+00	0.00e+00	8.98e-07	1.30e-12	1.51e-12
 2.79836e+22	1.05e-06	4.20e-03	7.44e-01	2.33e-01	1.74e-02	1.64e-03	8.46e-05	0.00e+00	0.00e+00	1.05e-06	1.51e-12	1.76e-12
 2.83276e+22	1.19e-06	4.57e-03	7.71e-01	2.09e-01	1.42e-02	1.33e-03	6.56e-05	0.00e+00	0.00e+00	1.19e-06	1.71e-12	1.99e-12
 2.86925e+22	1.36e-06	5.00e-03	7.97e-01	1.86e-01	1.14e-02	1.06e-03	4.99e-05	0.00e+00	0.00e+00	1.36e-06	1.96e-12	2.28e-12
 2.90617e+22	1.55e-06	5.41e-03	8.19e-01	1.65e-01	9.30e-03	8.53e-04	3.83e-05	0.00e+00	0.00e+00	1.55e-06	2.21e-12	2.58e-12
 2.93861e+22	1.73e-06	5.79e-03	8.37e-01	1.49e-01	7.78e-03	7.09e-04	3.04e-05	0.00e+00	0.00e+00	1.73e-06	2.46e-12	2.87e-12
 2.97575e+22	1.96e-06	6.23e-03	8.54e-01	1.33e-01	6.39e-03	5.77e-04	2.36e-05	0.00e+00	0.00e+00	1.96e-06	2.77e-12	3.24e-12
 3.02254e+22	2.27e-06	6.78e-03	8.73e-01	1.15e-01	5.08e-03	4.53e-04	1.74e-05	0.00e+00	0.00e+00	2.27e-06	3.20e-12	3.73e-12
 3.07184e+22	2.62e-06	7.35e-03	8.88e-01	9.97e-02	4.09e-03	3.59e-04	1.29e-05	0.00e+00	0.00e+00	2.62e-06	3.68e-12	4.30e-12
 3.11807e+22	2.99e-06	7.90e-03	9.01e-01	8.77e-02	3.41e-03	2.93e-04	1.00e-05	0.00e+00	0.00e+00	2.99e-06	4.14e-12	4.85e-12
 3.16542e+22	3.40e-06	8.45e-03	9.11e-01	7.73e-02	2.89e-03	2.41e-04	7.83e-06	0.00e+00	0.00e+00	3.40e-06	4.65e-12	5.44e-12
 3.21782e+22	3.90e-06	9.08e-03	9.21e-01	6.77e-02	2.45e-03	1.96e-04	6.10e-06	0.00e+00	0.00e+00	3.90e-06	5.25e-12	6.16e-12
 3.27598e+22	4.51e-06	9.77e-03	9.29e-01	5.89e-02	2.09e-03	1.59e-04	4.74e-06	0.00e+00	0.00e+00	4.51e-06	5.98e-12	7.02e-12
 3.33901e+22	5.24e-06	1.05e-02	9.36e-01	5.10e-02	1.81e-03	1.29e-04	3.70e-06	0.00e+00	0.00e+00	5.24e-06	6.85e-12	8.05e-12
 3.40757e+22	6.15e-06	1.14e-02	9.43e-01	4.41e-02	1.58e-03	1.04e-04	2.91e-06	0.00e+00	0.00e+00	6.15e-06	7.91e-12	9.32e-12
 3.48424e+22	7.29e-06	1.23e-02	9.48e-01	3.78e-02	1.39e-03	8.31e-05	2.28e-06	0.00e+00	0.00e+00	7.29e-06	9.23e-12	1.09e-11
 3.57280e+22	8.82e-06	1.34e-02	9.53e-01	3.20e-02	1.22e-03	6.51e-05	1.78e-06	0.00e+00	0.00e+00	8.82e-06	1.10e-11	1.30e-11
 3.66545e+22	1.07e-05	1.47e-02	9.57e-01	2.73e-02	1.10e-03	5.14e-05	1.42e-06	0.00e+00	0.00e+00	1.07e-05	1.32e-11	1.56e-11
 3.75417e+22	1.29e-05	1.59e-02	9.59e-01	2.36e-02	1.01e-03	4.14e-05	1.16e-06	0.00e+00	0.00e+00	1.29e-05	1.57e-11	1.86e-11
 3.85502e+22	1.59e-05	1.74e-02	9.62e-01	2.01e-02	9.20e-04	3.26e-05	9.47e-07	0.00e+00	0.00e+00	1.59e-05	1.90e-11	2.25e-11
 3.98612e+22	2.07e-05	1.94e-02	9.63e-01	1.64e-02	8.34e-04	2.42e-05	0.00e+00	0.00e+00	0.00e+00	2.07e-05	2.45e-11	2.90e-11
 4.12349e+22	2.79e-05	2.18e-02	9.64e-01	1.36e-02	7.64e-04	1.80e-05	0.00e+00	0.00e+00	0.00e+00	2.79e-05	3.26e-11	3.85e-11
 4.22666e+22	3.53e-05	2.40e-02	9.63e-01	1.19e-02	7.21e-04	1.45e-05	0.00e+00	0.00e+00	0.00e+00	3.53e-05	4.12e-11	4.86e-11
 4.29156e+22	4.12e-05	2.56e-02	9.63e-01	1.10e-02	6.97e-04	1.26e-05	0.00e+00	0.00e+00	0.00e+00	4.12e-05	4.81e-11	5.65e-11
 4.34151e+22	4.64e-05	2.68e-02	9.62e-01	1.03e-02	6.79e-04	1.13e-05	0.00e+00	0.00e+00	0.00e+00	4.64e-05	5.41e-11	6.35e-11
 4.39891e+22	5.32e-05	2.82e-02	9.62e-01	9.49e-03	6.61e-04	9.96e-06	0.00e+00	0.00e+00	0.00e+00	5.32e-05	6.19e-11	7.25e-11
 4.47352e+22	6.39e-05	3.03e-02	9.60e-01	8.52e-03	6.38e-04	8.40e-06	0.00e+00	0.00e+00	0.00e+00	6.39e-05	7.43e-11	8.67e-11
 4.55018e+22	7.85e-05	3.29e-02	9.59e-01	7.67e-03	6.17e-04	7.04e-06	0.00e+00	0.00e+00	0.00e+00	7.85e-05	9.15e-11	1.06e-10
 4.60866e+22	9.29e-05	3.53e-02	9.57e-01	7.09e-03	6.01e-04	6.15e-06	0.00e+00	0.00e+00	0.00e+00	9.29e-05	1.09e-10	1.26e-10
 4.65341e+22	1.06e-04	3.72e-02	9.55e-01	6.65e-03	5.90e-04	5.52e-06	0.00e+00	0.00e+00	0.00e+00	1.06e-04	1.24e-10	1.43e-10
 4.70111e+22	1.22e-04	3.94e-02	9.54e-01	6.16e-03	5.79e-04	4.88e-06	0.00e+00	0.00e+00	0.00e+00	1.22e-04	1.44e-10	1.65e-10
 4.76312e+22	1.48e-04	4.26e-02	9.51e-01	5.57e-03	5.65e-04	4.15e-06	0.00e+00	0.00e+00	0.00e+00	1.48e-04	1.75e-10	1.99e-10
 4.82370e+22	1.83e-04	4.66e-02	9.48e-01	5.06e-03	5.50e-04	3.51e-06	0.00e+00	0.00e+00	0.00e+00	1.83e-04	2.18e-10	2.45e-10
 4.86609e+22	2.14e-04	4.98e-02	9.45e-01	4.72e-03	5.41e-04	3.12e-06	0.00e+00	0.00e+00	0.00e+00	2.14e-04	2.57e-10	2.87e-10
 4.89828e+22	2.41e-04	5.25e-02	9.42e-01	4.46e-03	5.34e-04	2.83e-06	0.00e+00	0.00e+00	0.00e+00	2.41e-04	2.92e-10	3.24e-10
 4.93359e+22	2.75e-04	5.56e-02	9.39e-01	4.17e-03	5.26e-04	2.54e-06	0.00e+00	0.00e+00	0.00e+00	2.75e-04	3.37e-10	3.70e-10
 4.97948e+22	3.31e-04	6.02e-02	9.35e-01	3.81e-03	5.16e-04	2.19e-06	0.00e+00	0.00e+00	0.00e+00	3.31e-04	4.09e-10	4.43e-10
 5.02534e+22	4.04e-04	6.59e-02	9.30e-01	3.48e-03	5.05e-04	1.88e-06	0.00e+00	0.00e+00	0.00e+00	4.04e-04	5.08e-10	5.41e-10
 5.05901e+22	4.73e-04	7.08e-02	9.25e-01	3.24e-03	4.97e-04	1.67e-06	0.00e+00	0.00e+00	0.00e+00	4.73e-04	6.04e-10	6.34e-10
 5.08519e+22	5.36e-04	7.50e-02	9.21e-01	3.06e-03	4.91e-04	1.52e-06	0.00e+00	0.00e+00	0.00e+00	5.36e-04	6.93e-10	7.18e-10
 5.11378e+22	6.14e-04	7.98e-02	9.16e-01	2.86e-03	4.84e-04	1.36e-06	0.00e+00	0.00e+00	0.00e+00	6.14e-04	8.04e-10	8.22e-10
 5.15095e+22	7.39e-04	8.70e-02	9.09e-01	2.60e-03	4.74e-04	1.18e-06	0.00e+00	0.00e+00	0.00e+00	7.39e-04	9.87e-10	9.89e-10
 5.18800e+22	9.07e-04	9.58e-02	9.00e-01	2.37e-03	4.64e-04	1.01e-06	0.00e+00	0.00e+00	0.00e+00	9.07e-04	1.24e-09	1.21e-09
 5.21506e+22	1.06e-03	1.03e-01	8.93e-01	2.20e-03	4.56e-04	8.93e-07	0.00e+00	0.00e+00	0.00e+00	1.06e-03	1.49e-09	1.42e-09
 5.23617e+22	1.20e-03	1.10e-01	8.87e-01	2.07e-03	4.49e-04	0.00e+00	0.00e+00	0.00e+00	0.00e+00	1.20e-03	1.72e-09	1.61e-09
 5.25937e+22	1.38e-03	1.17e-01	8.79e-01	1.93e-03	4.42e-04	0.00e+00	0.00e+00	0.00e+00	0.00e+00	1.38e-03	2.01e-09	1.85e-09
 5.28953e+22	1.67e-03	1.28e-01	8.68e-01	1.75e-03	4.32e-04	0.00e+00	0.00e+00	0.00e+00	0.00e+00	1.67e-03	2.48e-09	2.22e-09
 5.31995e+22	2.05e-03	1.42e-01	8.54e-01	1.58e-03	4.20e-04	0.00e+00	0.00e+00	0.00e+00	0.00e+00	2.05e-03	3.15e-09	2.73e-09
 5.34280e+22	2.42e-03	1.54e-01	8.42e-01	1.45e-03	4.10e-04	0.00e+00	0.00e+00	0.00e+00	0.00e+00	2.42e-03	3.82e-09	3.22e-09
 5.36098e+22	2.77e-03	1.64e-01	8.32e-01	1.36e-03	4.02e-04	0.00e+00	0.00e+00	0.00e+00	0.00e+00	2.77e-03	4.44e-09	3.67e-09
 5.38104e+22	3.21e-03	1.76e-01	8.19e-01	1.25e-03	3.92e-04	0.00e+00	0.00e+00	0.00e+00	0.00e+00	3.21e-03	5.26e-09	4.25e-09
 5.40712e+22	3.91e-03	1.94e-01	8.01e-01	1.12e-03	3.79e-04	0.00e+00	0.00e+00	0.00e+00	0.00e+00	3.91e-03	6.57e-09	5.17e-09
 5.43360e+22	4.90e-03	2.16e-01	7.78e-01	9.92e-04	3.63e-04	0.00e+00	0.00e+00	0.00e+00	0.00e+00	4.90e-03	8.45e-09	6.45e-09
 5.45383e+22	5.88e-03	2.36e-01	7.57e-01	8.96e-04	3.49e-04	0.00e+00	0.00e+00	0.00e+00	0.00e+00	5.88e-03	1.04e-08	7.73e-09
 5.47026e+22	6.82e-03	2.53e-01	7.39e-01	8.21e-04	3.38e-04	0.00e+00	0.00e+00	0.00e+00	0.00e+00	6.82e-03	1.22e-08	8.95e-09
 5.48854e+22	8.05e-03	2.73e-01	7.17e-01	7.42e-04	3.24e-04	0.00e+00	0.00e+00	0.00e+00	0.00e+00	8.05e-03	1.46e-08	1.05e-08
 5.51229e+22	1.01e-02	3.03e-01	6.86e-01	6.45e-04	3.05e-04	0.00e+00	0.00e+00	0.00e+00	0.00e+00	1.01e-02	1.86e-08	1.31e-08
 5.53554e+22	1.28e-02	3.39e-01	6.47e-01	5.51e-04	2.83e-04	0.00e+00	0.00e+00	0.00e+00	0.00e+00	1.28e-02	2.41e-08	1.66e-08
 5.55235e+22	1.55e-02	3.69e-01	6.15e-01	4.86e-04	2.65e-04	0.00e+00	0.00e+00	0.00e+00	0.00e+00	1.55e-02	2.94e-08	2.00e-08
 5.56611e+22	1.81e-02	3.94e-01	5.87e-01	4.36e-04	2.49e-04	0.00e+00	0.00e+00	0.00e+00	0.00e+00	1.81e-02	3.44e-08	2.32e-08
 5.58167e+22	2.14e-02	4.24e-01	5.54e-01	3.85e-04	2.32e-04	0.00e+00	0.00e+00	0.00e+00	0.00e+00	2.14e-02	4.10e-08	2.73e-08
 5.60189e+22	2.69e-02	4.64e-01	5.08e-01	3.23e-04	2.07e-04	0.00e+00	0.00e+00	0.00e+00	0.00e+00	2.69e-02	5.17e-08	3.41e-08
 5.62220e+22	3.47e-02	5.12e-01	4.53e-01	2.62e-04	1.79e-04	0.00e+00	0.00e+00	0.00e+00	0.00e+00	3.47e-02	6.68e-08	4.36e-08
 5.63722e+22	4.24e-02	5.49e-01	4.08e-01	2.21e-04	1.57e-04	0.00e+00	0.00e+00	0.00e+00	0.00e+00	4.24e-02	8.14e-08	5.28e-08
 5.64891e+22	4.93e-02	5.78e-01	3.73e-01	1.93e-04	1.41e-04	0.00e+00	0.00e+00	0.00e+00	0.00e+00	4.93e-02	9.44e-08	6.10e-08
 5.66172e+22	5.78e-02	6.06e-01	3.36e-01	1.65e-04	1.24e-04	0.00e+00	0.00e+00	0.00e+00	0.00e+00	5.78e-02	1.10e-07	7.10e-08
 5.67578e+22	6.99e-02	6.38e-01	2.92e-01	1.37e-04	1.04e-04	0.00e+00	0.00e+00	0.00e+00	0.00e+00	6.99e-02	1.32e-07	8.49e-08
 5.68775e+22	8.25e-02	6.64e-01	2.54e-01	1.15e-04	8.71e-05	0.00e+00	0.00e+00	0.00e+00	0.00e+00	8.25e-02	1.55e-07	9.92e-08
 5.69718e+22	9.37e-02	6.81e-01	2.25e-01	9.99e-05	7.52e-05	0.00e+00	0.00e+00	0.00e+00	0.00e+00	9.37e-02	1.75e-07	1.12e-07
 5.70702e+22	1.06e-01	6.95e-01	1.98e-01	8.70e-05	6.45e-05	0.00e+00	0.00e+00	0.00e+00	0.00e+00	1.06e-01	1.96e-07	1.25e-07
 5.71981e+22	1.24e-01	7.10e-01	1.65e-01	7.19e-05	5.15e-05	0.00e+00	0.00e+00	0.00e+00	0.00e+00	1.24e-01	2.27e-07	1.44e-07
 5.73217e+22	1.48e-01	7.19e-01	1.32e-01	5.80e-05	3.92e-05	0.00e+00	0.00e+00	0.00e+00	0.00e+00	1.48e-01	2.66e-07	1.69e-07
 5.74061e+22	1.67e-01	7.21e-01	1.12e-01	4.98e-05	3.18e-05	0.00e+00	0.00e+00	0.00e+00	0.00e+00	1.67e-01	2.95e-07	1.87e-07
 5.74688e+22	1.80e-01	7.21e-01	9.89e-02	4.50e-05	2.75e-05	0.00e+00	0.00e+00	0.00e+00	0.00e+00	1.80e-01	3.15e-07	1.99e-07
 5.75371e+22	1.95e-01	7.18e-01	8.64e-02	4.03e-05	2.33e-05	0.00e+00	0.00e+00	0.00e+00	0.00e+00	1.95e-01	3.37e-07	2.13e-07
 5.76259e+22	2.17e-01	7.11e-01	7.15e-02	3.48e-05	1.85e-05	0.00e+00	0.00e+00	0.00e+00	0.00e+00	2.17e-01	3.68e-07	2.33e-07
 5.77210e+22	2.45e-01	6.98e-01	5.66e-02	2.93e-05	1.39e-05	0.00e+00	0.00e+00	0.00e+00	0.00e+00	2.45e-01	4.05e-07	2.56e-07
 5.77882e+22	2.69e-01	6.84e-01	4.67e-02	2.55e-05	1.10e-05	0.00e+00	0.00e+00	0.00e+00	0.00e+00	2.69e-01	4.35e-07	2.74e-07
 5.78242e+22	2.81e-01	6.77e-01	4.23e-02	2.39e-05	9.76e-06	0.00e+00	0.00e+00	0.00e+00	0.00e+00	2.81e-01	4.48e-07	2.83e-07
 5.78549e+22	2.90e-01	6.71e-01	3.91e-02	2.28e-05	8.88e-06	0.00e+00	0.00e+00	0.00e+00	0.00e+00	2.90e-01	4.58e-07	2.89e-07
 5.78939e+22	3.02e-01	6.62e-01	3.53e-02	2.13e-05	7.84e-06	0.00e+00	0.00e+00	0.00e+00	0.00e+00	3.02e-01	4.71e-07	2.97e-07
 5.79436e+22	3.20e-01	6.50e-01	3.07e-02	1.95e-05	6.64e-06	0.00e+00	0.00e+00	0.00e+00	0.00e+00	3.20e-01	4.88e-07	3.08e-07
 5.79972e+22	3.40e-01	6.34e-01	2.60e-02	1.76e-05	5.44e-06	0.00e+00	0.00e+00	0.00e+00	0.00e+00	3.40e-01	5.08e-07	3.20e-07
 5.80448e+22	3.60e-01	6.18e-01	2.22e-02	1.60e-05	4.51e-06	0.00e+00	0.00e+00	0.00e+00	0.00e+00	3.60e-01	5.25e-07	3.31e-07
 5.80859e+22	3.76e-01	6.04e-01	1.95e-02	1.49e-05	3.85e-06	0.00e+00	0.00e+00	0.00e+00	0.00e+00	3.76e-01	5.38e-07	3.39e-07
 5.81280e+22	3.93e-01	5.90e-01	1.69e-02	1.37e-05	3.27e-06	0.00e+00	0.00e+00	0.00e+00	0.00e+00	3.93e-01	5.50e-07	3.47e-07
 5.81754e+22	4.14e-01	5.71e-01	1.44e-02	1.25e-05	2.69e-06	0.00e+00	0.00e+00	0.00e+00	0.00e+00	4.14e-01	5.63e-07	3.55e-07
 5.82241e+22	4.37e-01	5.51e-01	1.20e-02	1.13e-05	2.17e-06	0.00e+00	0.00e+00	0.00e+00	0.00e+00	4.37e-01	5.76e-07	3.63e-07
 5.82706e+22	4.58e-01	5.32e-01	1.01e-02	1.03e-05	1.77e-06	0.00e+00	0.00e+00	0.00e+00	0.00e+00	4.58e-01	5.87e-07	3.70e-07
 5.83163e+22	4.80e-01	5.12e-01	8.43e-03	9.38e-06	1.44e-06	0.00e+00	0.00e+00	0.00e+00	0.00e+00	4.80e-01	5.95e-07	3.75e-07
 5.83645e+22	5.03e-01	4.91e-01	6.97e-03	8.50e-06	1.15e-06	0.00e+00	0.00e+00	0.00e+00	0.00e+00	5.03e-01	6.02e-07	3.79e-07
 5.84160e+22	5.28e-01	4.67e-01	5.63e-03	7.63e-06	9.03e-07	0.00e+00	0.00e+00	0.00e+00	0.00e+00	5.28e-01	6.08e-07	3.82e-07
 5.84669e+22	5.54e-01	4.42e-01	4.51e-03	6.82e-06	0.00e+00	0.00e+00	0.00e+00	0.00e+00	0.00e+00	5.54e-01	6.11e-07	3.84e-07
 5.85130e+22	5.77e-01	4.19e-01	3.67e-03	6.16e-06	0.00e+00	0.00e+00	0.00e+00	0.00e+00	0.00e+00	5.77e-01	6.11e-07	3.84e-07
 5.85541e+22	5.97e-01	4.00e-01	3.05e-03	5.64e-06	0.00e+00	0.00e+00	0.00e+00	0.00e+00	0.00e+00	5.97e-01	6.09e-07	3.83e-07
 5.85864e+22	6.13e-01	3.84e-01	2.62e-03	5.25e-06	0.00e+00	0.00e+00	0.00e+00	0.00e+00	0.00e+00	6.13e-01	6.06e-07	3.81e-07
 5.86089e+22	6.23e-01	3.75e-01	2.37e-03	5.03e-06	0.00e+00	0.00e+00	0.00e+00	0.00e+00	0.00e+00	6.23e-01	6.04e-07	3.79e-07
 5.86315e+22	6.32e-01	3.66e-01	2.16e-03	4.82e-06	0.00e+00	0.00e+00	0.00e+00	0.00e+00	0.00e+00	6.32e-01	6.01e-07	3.78e-07
 5.86607e+22	6.45e-01	3.53e-01	1.89e-03	4.54e-06	0.00e+00	0.00e+00	0.00e+00	0.00e+00	0.00e+00	6.45e-01	5.97e-07	3.75e-07
 5.86923e+22	6.61e-01	3.37e-01	1.62e-03	4.21e-06	0.00e+00	0.00e+00	0.00e+00	0.00e+00	0.00e+00	6.61e-01	5.91e-07	3.71e-07
 5.87186e+22	6.74e-01	3.25e-01	1.42e-03	3.97e-06	0.00e+00	0.00e+00	0.00e+00	0.00e+00	0.00e+00	6.74e-01	5.85e-07	3.67e-07
 5.87400e+22	6.84e-01	3.15e-01	1.28e-03	3.78e-06	0.00e+00	0.00e+00	0.00e+00	0.00e+00	0.00e+00	6.84e-01	5.80e-07	3.64e-07
 5.87618e+22	6.93e-01	3.06e-01	1.16e-03	3.62e-06	0.00e+00	0.00e+00	0.00e+00	0.00e+00	0.00e+00	6.93e-01	5.75e-07	3.61e-07
 5.87884e+22	7.04e-01	2.95e-01	1.02e-03	3.42e-06	0.00e+00	0.00e+00	0.00e+00	0.00e+00	0.00e+00	7.04e-01	5.69e-07	3.57e-07
 5.88175e+22	7.18e-01	2.81e-01	8.84e-04	3.19e-06	0.00e+00	0.00e+00	0.00e+00	0.00e+00	0.00e+00	7.18e-01	5.60e-07	3.51e-07
 5.88426e+22	7.30e-01	2.69e-01	7.78e-04	3.00e-06	0.00e+00	0.00e+00	0.00e+00	0.00e+00	0.00e+00	7.30e-01	5.52e-07	3.46e-07
 5.88632e+22	7.38e-01	2.61e-01	7.06e-04	2.87e-06	0.00e+00	0.00e+00	0.00e+00	0.00e+00	0.00e+00	7.38e-01	5.46e-07	3.42e-07
 5.88850e+22	7.46e-01	2.53e-01	6.37e-04	2.74e-06	0.00e+00	0.00e+00	0.00e+00	0.00e+00	0.00e+00	7.46e-01	5.39e-07	3.38e-07
 5.89112e+22	7.57e-01	2.42e-01	5.61e-04	2.58e-06	0.00e+00	0.00e+00	0.00e+00	0.00e+00	0.00e+00	7.57e-01	5.30e-07	3.32e-07
 5.89379e+22	7.69e-01	2.31e-01	4.90e-04	2.41e-06	0.00e+00	0.00e+00	0.00e+00	0.00e+00	0.00e+00	7.69e-01	5.20e-07	3.26e-07
 5.89608e+22	7.78e-01	2.22e-01	4.39e-04	2.29e-06	0.00e+00	0.00e+00	0.00e+00	0.00e+00	0.00e+00	7.78e-01	5.12e-07	3.20e-07
 5.89811e+22	7.85e-01	2.14e-01	4.00e-04	2.19e-06	0.00e+00	0.00e+00	0.00e+00	0.00e+00	0.00e+00	7.85e-01	5.05e-07	3.16e-07
 5.90038e+22	7.93e-01	2.06e-01	3.61e-04	2.08e-06	0.00e+00	0.00e+00	0.00e+00	0.00e+00	0.00e+00	7.93e-01	4.97e-07	3.10e-07
 5.90298e+22	8.03e-01	1.96e-01	3.19e-04	1.95e-06	0.00e+00	0.00e+00	0.00e+00	0.00e+00	0.00e+00	8.03e-01	4.87e-07	3.04e-07
 5.90546e+22	8.13e-01	1.87e-01	2.85e-04	1.84e-06	0.00e+00	0.00e+00	0.00e+00	0.00e+00	0.00e+00	8.13e-01	4.76e-07	2.96e-07
 5.90756e+22	8.20e-01	1.80e-01	2.60e-04	1.75e-06	0.00e+00	0.00e+00	0.00e+00	0.00e+00	0.00e+00	8.20e-01	4.67e-07	2.89e-07
 5.90962e+22	8.26e-01	1.74e-01	2.39e-04	1.68e-06	0.00e+00	0.00e+00	0.00e+00	0.00e+00	0.00e+00	8.26e-01	4.59e-07	2.83e-07
 5.91202e+22	8.33e-01	1.66e-01	2.17e-04	1.59e-06	0.00e+00	0.00e+00	0.00e+00	0.00e+00	0.00e+00	8.33e-01	4.49e-07	2.75e-07
 5.91462e+22	8.42e-01	1.58e-01	1.95e-04	1.49e-06	0.00e+00	0.00e+00	0.00e+00	0.00e+00	0.00e+00	8.42e-01	4.38e-07	2.67e-07
 5.91696e+22	8.49e-01	1.51e-01	1.78e-04	1.41e-06	0.00e+00	0.00e+00	0.00e+00	0.00e+00	0.00e+00	8.49e-01	4.28e-07	2.59e-07
 5.91902e+22	8.55e-01	1.45e-01	1.66e-04	1.35e-06	0.00e+00	0.00e+00	0.00e+00	0.00e+00	0.00e+00	8.55e-01	4.20e-07	2.53e-07
 5.92116e+22	8.60e-01	1.40e-01	1.55e-04	1.29e-06	0.00e+00	0.00e+00	0.00e+00	0.00e+00	0.00e+00	8.60e-01	4.12e-07	2.47e-07
 5.92358e+22	8.67e-01	1.33e-01	1.43e-04	1.22e-06	0.00e+00	0.00e+00	0.00e+00	0.00e+00	0.00e+00	8.67e-01	4.03e-07	2.40e-07
 5.92603e+22	8.73e-01	1.27e-01	1.33e-04	1.15e-06	0.00e+00	0.00e+00	0.00e+00	0.00e+00	0.00e+00	8.73e-01	3.93e-07	2.33e-07
 5.92821e+22	8.78e-01	1.22e-01	1.25e-04	1.10e-06	0.00e+00	0.00e+00	0.00e+00	0.00e+00	0.00e+00	8.78e-01	3.85e-07	2.27e-07
 5.93022e+22	8.82e-01	1.18e-01	1.19e-04	1.05e-06	0.00e+00	0.00e+00	0.00e+00	0.00e+00	0.00e+00	8.82e-01	3.79e-07	2.22e-07
 5.93242e+22	8.87e-01	1.13e-01	1.13e-04	1.01e-06	0.00e+00	0.00e+00	0.00e+00	0.00e+00	0.00e+00	8.87e-01	3.71e-07	2.17e-07
 5.93485e+22	8.92e-01	1.08e-01	1.07e-04	9.56e-07	0.00e+00	0.00e+00	0.00e+00	0.00e+00	0.00e+00	8.92e-01	3.63e-07	2.11e-07
 5.93718e+22	8.97e-01	1.03e-01	1.03e-04	0.00e+00	0.00e+00	0.00e+00	0.00e+00	0.00e+00	0.00e+00	8.97e-01	3.56e-07	2.06e-07
 5.93927e+22	9.01e-01	9.93e-02	9.92e-05	0.00e+00	0.00e+00	0.00e+00	0.00e+00	0.00e+00	0.00e+00	9.01e-01	3.50e-07	2.01e-07
 5.94135e+22	9.04e-01	9.59e-02	9.63e-05	0.00e+00	0.00e+00	0.00e+00	0.00e+00	0.00e+00	0.00e+00	9.04e-01	3.44e-07	1.97e-07
 5.94367e+22	9.08e-01	9.21e-02	9.34e-05	0.00e+00	0.00e+00	0.00e+00	0.00e+00	0.00e+00	0.00e+00	9.08e-01	3.38e-07	1.92e-07
 5.94612e+22	9.12e-01	8.81e-02	9.07e-05	0.00e+00	0.00e+00	0.00e+00	0.00e+00	0.00e+00	0.00e+00	9.12e-01	3.32e-07	1.88e-07
 5.94843e+22	9.15e-01	8.48e-02	8.86e-05	0.00e+00	0.00e+00	0.00e+00	0.00e+00	0.00e+00	0.00e+00	9.15e-01	3.26e-07	1.84e-07
 5.95063e+22	9.18e-01	8.20e-02	8.71e-05	0.00e+00	0.00e+00	0.00e+00	0.00e+00	0.00e+00	0.00e+00	9.18e-01	3.21e-07	1.80e-07
 5.95289e+22	9.21e-01	7.93e-02	8.58e-05	0.00e+00	0.00e+00	0.00e+00	0.00e+00	0.00e+00	0.00e+00	9.21e-01	3.16e-07	1.77e-07
 5.95522e+22	9.23e-01	7.66e-02	8.47e-05	0.00e+00	0.00e+00	0.00e+00	0.00e+00	0.00e+00	0.00e+00	9.23e-01	3.11e-07	1.73e-07
 5.95757e+22	9.26e-01	7.40e-02	8.38e-05	0.00e+00	0.00e+00	0.00e+00	0.00e+00	0.00e+00	0.00e+00	9.26e-01	3.06e-07	1.70e-07
 5.95992e+22	9.28e-01	7.17e-02	8.31e-05	0.00e+00	0.00e+00	0.00e+00	0.00e+00	0.00e+00	0.00e+00	9.28e-01	3.02e-07	1.67e-07
 5.96224e+22	9.30e-01	6.96e-02	8.26e-05	0.00e+00	0.00e+00	0.00e+00	0.00e+00	0.00e+00	0.00e+00	9.30e-01	2.98e-07	1.64e-07
 5.96456e+22	9.32e-01	6.77e-02	8.22e-05	0.00e+00	0.00e+00	0.00e+00	0.00e+00	0.00e+00	0.00e+00	9.32e-01	2.94e-07	1.62e-07
 5.96689e+22	9.34e-01	6.59e-02	8.20e-05	0.00e+00	0.00e+00	0.00e+00	0.00e+00	0.00e+00	0.00e+00	9.34e-01	2.90e-07	1.59e-07
 5.96924e+22	9.36e-01	6.42e-02	8.18e-05	0.00e+00	0.00e+00	0.00e+00	0.00e+00	0.00e+00	0.00e+00	9.36e-01	2.87e-07	1.57e-07
 5.97163e+22	9.37e-01	6.26e-02	8.18e-05	0.00e+00	0.00e+00	0.00e+00	0.00e+00	0.00e+00	0.00e+00	9.37e-01	2.84e-07	1.55e-07
 5.97408e+22	9.39e-01	6.11e-02	8.17e-05	0.00e+00	0.00e+00	0.00e+00	0.00e+00	0.00e+00	0.00e+00	9.39e-01	2.81e-07	1.53e-07
 5.97658e+22	9.40e-01	5.96e-02	8.18e-05	0.00e+00	0.00e+00	0.00e+00	0.00e+00	0.00e+00	0.00e+00	9.40e-01	2.78e-07	1.51e-07
 5.97915e+22	9.42e-01	5.83e-02	8.19e-05	0.00e+00	0.00e+00	0.00e+00	0.00e+00	0.00e+00	0.00e+00	9.42e-01	2.76e-07	1.49e-07
 5.98180e+22	9.43e-01	5.70e-02	8.20e-05	0.00e+00	0.00e+00	0.00e+00	0.00e+00	0.00e+00	0.00e+00	9.43e-01	2.73e-07	1.47e-07
 5.98446e+22	9.44e-01	5.58e-02	8.21e-05	0.00e+00	0.00e+00	0.00e+00	0.00e+00	0.00e+00	0.00e+00	9.44e-01	2.71e-07	1.46e-07
 5.98724e+22	9.45e-01	5.48e-02	8.23e-05	0.00e+00	0.00e+00	0.00e+00	0.00e+00	0.00e+00	0.00e+00	9.45e-01	2.68e-07	1.44e-07
 5.99026e+22	9.46e-01	5.37e-02	8.25e-05	0.00e+00	0.00e+00	0.00e+00	0.00e+00	0.00e+00	0.00e+00	9.46e-01	2.66e-07	1.43e-07
 5.99347e+22	9.47e-01	5.25e-02	8.27e-05	0.00e+00	0.00e+00	0.00e+00	0.00e+00	0.00e+00	0.00e+00	9.47e-01	2.64e-07	1.41e-07
 5.99669e+22	9.48e-01	5.16e-02	8.28e-05	0.00e+00	0.00e+00	0.00e+00	0.00e+00	0.00e+00	0.00e+00	9.48e-01	2.62e-07	1.40e-07
 5.99961e+22	9.49e-01	5.09e-02	8.30e-05	0.00e+00	0.00e+00	0.00e+00	0.00e+00	0.00e+00	0.00e+00	9.49e-01	2.61e-07	1.39e-07
 6.00227e+22	9.49e-01	5.05e-02	8.32e-05	0.00e+00	0.00e+00	0.00e+00	0.00e+00	0.00e+00	0.00e+00	9.49e-01	2.59e-07	1.38e-07
 6.00519e+22	9.50e-01	4.99e-02	8.34e-05	0.00e+00	0.00e+00	0.00e+00	0.00e+00	0.00e+00	0.00e+00	9.50e-01	2.58e-07	1.37e-07
 6.00833e+22	9.51e-01	4.91e-02	8.35e-05	0.00e+00	0.00e+00	0.00e+00	0.00e+00	0.00e+00	0.00e+00	9.51e-01	2.57e-07	1.36e-07
 6.01120e+22	9.51e-01	4.87e-02	8.35e-05	0.00e+00	0.00e+00	0.00e+00	0.00e+00	0.00e+00	0.00e+00	9.51e-01	2.56e-07	1.35e-07
 6.01434e+22	9.52e-01	4.82e-02	8.37e-05	0.00e+00	0.00e+00	0.00e+00	0.00e+00	0.00e+00	0.00e+00	9.52e-01	2.55e-07	1.35e-07
 6.01842e+22	9.52e-01	4.75e-02	8.37e-05	0.00e+00	0.00e+00	0.00e+00	0.00e+00	0.00e+00	0.00e+00	9.52e-01	2.53e-07	1.34e-07
 6.02282e+22	9.53e-01	4.67e-02	8.38e-05	0.00e+00	0.00e+00	0.00e+00	0.00e+00	0.00e+00	0.00e+00	9.53e-01	2.51e-07	1.33e-07
 6.02683e+22	9.54e-01	4.63e-02	8.37e-05	0.00e+00	0.00e+00	0.00e+00	0.00e+00	0.00e+00	0.00e+00	9.54e-01	2.50e-07	1.32e-07
 6.03122e+22	9.54e-01	4.60e-02	8.38e-05	0.00e+00	0.00e+00	0.00e+00	0.00e+00	0.00e+00	0.00e+00	9.54e-01	2.48e-07	1.31e-07
 6.03693e+22	9.55e-01	4.53e-02	8.38e-05	0.00e+00	0.00e+00	0.00e+00	0.00e+00	0.00e+00	0.00e+00	9.55e-01	2.47e-07	1.30e-07
 6.04369e+22	9.55e-01	4.46e-02	8.38e-05	0.00e+00	0.00e+00	0.00e+00	0.00e+00	0.00e+00	0.00e+00	9.55e-01	2.45e-07	1.29e-07
 6.05043e+22	9.56e-01	4.42e-02	8.37e-05	0.00e+00	0.00e+00	0.00e+00	0.00e+00	0.00e+00	0.00e+00	9.56e-01	2.44e-07	1.29e-07
 6.05781e+22	9.56e-01	4.38e-02	8.37e-05	0.00e+00	0.00e+00	0.00e+00	0.00e+00	0.00e+00	0.00e+00	9.56e-01	2.42e-07	1.28e-07
 6.06741e+22	9.57e-01	4.30e-02	8.36e-05	0.00e+00	0.00e+00	0.00e+00	0.00e+00	0.00e+00	0.00e+00	9.57e-01	2.41e-07	1.27e-07
 6.07778e+22	9.57e-01	4.26e-02	8.34e-05	0.00e+00	0.00e+00	0.00e+00	0.00e+00	0.00e+00	0.00e+00	9.57e-01	2.40e-07	1.26e-07
 6.08913e+22	9.58e-01	4.20e-02	8.33e-05	0.00e+00	0.00e+00	0.00e+00	0.00e+00	0.00e+00	0.00e+00	9.58e-01	2.38e-07	1.25e-07
 6.10139e+22	9.58e-01	4.15e-02	8.30e-05	0.00e+00	0.00e+00	0.00e+00	0.00e+00	0.00e+00	0.00e+00	9.58e-01	2.37e-07	1.25e-07
 6.11483e+22	9.59e-01	4.10e-02	8.28e-05	0.00e+00	0.00e+00	0.00e+00	0.00e+00	0.00e+00	0.00e+00	9.59e-01	2.36e-07	1.24e-07
 6.12933e+22	9.59e-01	4.05e-02	8.25e-05	0.00e+00	0.00e+00	0.00e+00	0.00e+00	0.00e+00	0.00e+00	9.59e-01	2.35e-07	1.23e-07
 6.14523e+22	9.60e-01	3.99e-02	8.22e-05	0.00e+00	0.00e+00	0.00e+00	0.00e+00	0.00e+00	0.00e+00	9.60e-01	2.33e-07	1.22e-07
 6.16239e+22	9.61e-01	3.94e-02	8.18e-05	0.00e+00	0.00e+00	0.00e+00	0.00e+00	0.00e+00	0.00e+00	9.61e-01	2.32e-07	1.21e-07
 6.18119e+22	9.61e-01	3.87e-02	8.14e-05	0.00e+00	0.00e+00	0.00e+00	0.00e+00	0.00e+00	0.00e+00	9.61e-01	2.31e-07	1.20e-07
 6.20149e+22	9.62e-01	3.81e-02	8.09e-05	0.00e+00	0.00e+00	0.00e+00	0.00e+00	0.00e+00	0.00e+00	9.62e-01	2.30e-07	1.19e-07
 6.21996e+22	9.62e-01	3.77e-02	8.05e-05	0.00e+00	0.00e+00	0.00e+00	0.00e+00	0.00e+00	0.00e+00	9.62e-01	2.29e-07	1.18e-07
 6.24020e+22	9.63e-01	3.69e-02	8.00e-05	0.00e+00	0.00e+00	0.00e+00	0.00e+00	0.00e+00	0.00e+00	9.63e-01	2.27e-07	1.17e-07
 6.26205e+22	9.64e-01	3.63e-02	7.94e-05	0.00e+00	0.00e+00	0.00e+00	0.00e+00	0.00e+00	0.00e+00	9.64e-01	2.27e-07	1.16e-07
 6.28194e+22	9.64e-01	3.58e-02	7.89e-05	0.00e+00	0.00e+00	0.00e+00	0.00e+00	0.00e+00	0.00e+00	9.64e-01	2.26e-07	1.15e-07
 6.30003e+22	9.65e-01	3.54e-02	7.84e-05	0.00e+00	0.00e+00	0.00e+00	0.00e+00	0.00e+00	0.00e+00	9.65e-01	2.25e-07	1.14e-07
 6.31986e+22	9.65e-01	3.47e-02	7.78e-05	0.00e+00	0.00e+00	0.00e+00	0.00e+00	0.00e+00	0.00e+00	9.65e-01	2.24e-07	1.13e-07
 6.34127e+22	9.66e-01	3.42e-02	7.72e-05	0.00e+00	0.00e+00	0.00e+00	0.00e+00	0.00e+00	0.00e+00	9.66e-01	2.23e-07	1.12e-07
 6.36075e+22	9.66e-01	3.37e-02	7.66e-05	0.00e+00	0.00e+00	0.00e+00	0.00e+00	0.00e+00	0.00e+00	9.66e-01	2.22e-07	1.11e-07
 6.37848e+22	9.67e-01	3.33e-02	7.60e-05	0.00e+00	0.00e+00	0.00e+00	0.00e+00	0.00e+00	0.00e+00	9.67e-01	2.22e-07	1.11e-07
 6.39790e+22	9.67e-01	3.26e-02	7.53e-05	0.00e+00	0.00e+00	0.00e+00	0.00e+00	0.00e+00	0.00e+00	9.67e-01	2.20e-07	1.09e-07
 6.41887e+22	9.68e-01	3.21e-02	7.46e-05	0.00e+00	0.00e+00	0.00e+00	0.00e+00	0.00e+00	0.00e+00	9.68e-01	2.19e-07	1.09e-07
 6.43796e+22	9.68e-01	3.16e-02	7.39e-05	0.00e+00	0.00e+00	0.00e+00	0.00e+00	0.00e+00	0.00e+00	9.68e-01	2.19e-07	1.08e-07
 6.45887e+22	9.69e-01	3.10e-02	7.32e-05	0.00e+00	0.00e+00	0.00e+00	0.00e+00	0.00e+00	0.00e+00	9.69e-01	2.17e-07	1.06e-07
 6.48144e+22	9.69e-01	3.04e-02	7.25e-05	0.00e+00	0.00e+00	0.00e+00	0.00e+00	0.00e+00	0.00e+00	9.69e-01	2.16e-07	1.05e-07
 6.50199e+22	9.70e-01	3.00e-02	7.18e-05	0.00e+00	0.00e+00	0.00e+00	0.00e+00	0.00e+00	0.00e+00	9.70e-01	2.16e-07	1.05e-07
 6.52450e+22	9.71e-01	2.94e-02	7.11e-05	0.00e+00	0.00e+00	0.00e+00	0.00e+00	0.00e+00	0.00e+00	9.71e-01	2.14e-07	1.03e-07
 6.54880e+22	9.71e-01	2.89e-02	7.03e-05	0.00e+00	0.00e+00	0.00e+00	0.00e+00	0.00e+00	0.00e+00	9.71e-01	2.13e-07	1.02e-07
 6.57092e+22	9.72e-01	2.84e-02	6.97e-05	0.00e+00	0.00e+00	0.00e+00	0.00e+00	0.00e+00	0.00e+00	9.72e-01	2.13e-07	1.01e-07
 6.59105e+22	9.72e-01	2.80e-02	6.91e-05	0.00e+00	0.00e+00	0.00e+00	0.00e+00	0.00e+00	0.00e+00	9.72e-01	2.13e-07	1.01e-07
 6.61310e+22	9.72e-01	2.74e-02	6.84e-05	0.00e+00	0.00e+00	0.00e+00	0.00e+00	0.00e+00	0.00e+00	9.72e-01	2.11e-07	9.94e-08
 6.63691e+22	9.73e-01	2.70e-02	6.77e-05	0.00e+00	0.00e+00	0.00e+00	0.00e+00	0.00e+00	0.00e+00	9.73e-01	2.10e-07	9.85e-08
 6.65858e+22	9.73e-01	2.66e-02	6.71e-05	0.00e+00	0.00e+00	0.00e+00	0.00e+00	0.00e+00	0.00e+00	9.73e-01	2.10e-07	9.76e-08
 6.68232e+22	9.74e-01	2.60e-02	6.64e-05	0.00e+00	0.00e+00	0.00e+00	0.00e+00	0.00e+00	0.00e+00	9.74e-01	2.09e-07	9.63e-08
 6.70795e+22	9.74e-01	2.56e-02	6.57e-05	0.00e+00	0.00e+00	0.00e+00	0.00e+00	0.00e+00	0.00e+00	9.74e-01	2.08e-07	9.53e-08
 6.73127e+22	9.75e-01	2.52e-02	6.52e-05	0.00e+00	0.00e+00	0.00e+00	0.00e+00	0.00e+00	0.00e+00	9.75e-01	2.06e-07	9.41e-08
 6.75683e+22	9.75e-01	2.47e-02	6.45e-05	0.00e+00	0.00e+00	0.00e+00	0.00e+00	0.00e+00	0.00e+00	9.75e-01	2.03e-07	9.23e-08
 6.78443e+22	9.76e-01	2.43e-02	6.38e-05	0.00e+00	0.00e+00	0.00e+00	0.00e+00	0.00e+00	0.00e+00	9.76e-01	2.01e-07	9.09e-08
 6.80953e+22	9.76e-01	2.40e-02	6.32e-05	0.00e+00	0.00e+00	0.00e+00	0.00e+00	0.00e+00	0.00e+00	9.76e-01	2.00e-07	8.98e-08
 6.83705e+22	9.76e-01	2.35e-02	6.25e-05	0.00e+00	0.00e+00	0.00e+00	0.00e+00	0.00e+00	0.00e+00	9.76e-01	1.97e-07	8.78e-08
 6.86675e+22	9.77e-01	2.30e-02	6.18e-05	0.00e+00	0.00e+00	0.00e+00	0.00e+00	0.00e+00	0.00e+00	9.77e-01	1.95e-07	8.62e-08
 6.89379e+22	9.77e-01	2.27e-02	6.12e-05	0.00e+00	0.00e+00	0.00e+00	0.00e+00	0.00e+00	0.00e+00	9.77e-01	1.94e-07	8.49e-08
 6.92341e+22	9.78e-01	2.22e-02	6.05e-05	0.00e+00	0.00e+00	0.00e+00	0.00e+00	0.00e+00	0.00e+00	9.78e-01	1.91e-07	8.29e-08
 6.95538e+22	9.78e-01	2.18e-02	5.98e-05	0.00e+00	0.00e+00	0.00e+00	0.00e+00	0.00e+00	0.00e+00	9.78e-01	1.89e-07	8.12e-08
 6.98448e+22	9.78e-01	2.15e-02	5.92e-05	0.00e+00	0.00e+00	0.00e+00	0.00e+00	0.00e+00	0.00e+00	9.78e-01	1.88e-07	8.00e-08
 7.01637e+22	9.79e-01	2.09e-02	5.85e-05	0.00e+00	0.00e+00	0.00e+00	0.00e+00	0.00e+00	0.00e+00	9.79e-01	1.85e-07	7.80e-08
 7.05080e+22	9.79e-01	2.05e-02	5.78e-05	0.00e+00	0.00e+00	0.00e+00	0.00e+00	0.00e+00	0.00e+00	9.79e-01	1.83e-07	7.64e-08
 7.08212e+22	9.80e-01	2.02e-02	5.72e-05	0.00e+00	0.00e+00	0.00e+00	0.00e+00	0.00e+00	0.00e+00	9.80e-01	1.81e-07	7.50e-08
 7.11063e+22	9.80e-01	1.99e-02	5.66e-05	0.00e+00	0.00e+00	0.00e+00	0.00e+00	0.00e+00	0.00e+00	9.80e-01	1.81e-07	7.40e-08
 7.14187e+22	9.80e-01	1.95e-02	5.60e-05	0.00e+00	0.00e+00	0.00e+00	0.00e+00	0.00e+00	0.00e+00	9.80e-01	1.78e-07	7.22e-08
 7.17559e+22	9.81e-01	1.91e-02	5.54e-05	0.00e+00	0.00e+00	0.00e+00	0.00e+00	0.00e+00	0.00e+00	9.81e-01	1.76e-07	7.07e-08
 7.20628e+22	9.81e-01	1.88e-02	5.48e-05	0.00e+00	0.00e+00	0.00e+00	0.00e+00	0.00e+00	0.00e+00	9.81e-01	1.75e-07	6.96e-08
 7.23991e+22	9.82e-01	1.84e-02	5.42e-05	0.00e+00	0.00e+00	0.00e+00	0.00e+00	0.00e+00	0.00e+00	9.82e-01	1.72e-07	6.76e-08
 7.27622e+22	9.82e-01	1.80e-02	5.35e-05	0.00e+00	0.00e+00	0.00e+00	0.00e+00	0.00e+00	0.00e+00	9.82e-01	1.70e-07	6.62e-08
 7.30925e+22	9.82e-01	1.78e-02	5.30e-05	0.00e+00	0.00e+00	0.00e+00	0.00e+00	0.00e+00	0.00e+00	9.82e-01	1.69e-07	6.50e-08
 7.34546e+22	9.83e-01	1.73e-02	5.23e-05	0.00e+00	0.00e+00	0.00e+00	0.00e+00	0.00e+00	0.00e+00	9.83e-01	1.66e-07	6.32e-08
 7.38454e+22	9.83e-01	1.70e-02	5.16e-05	0.00e+00	0.00e+00	0.00e+00	0.00e+00	0.00e+00	0.00e+00	9.83e-01	1.64e-07	6.17e-08
 7.42011e+22	9.83e-01	1.67e-02	5.11e-05	0.00e+00	0.00e+00	0.00e+00	0.00e+00	0.00e+00	0.00e+00	9.83e-01	1.62e-07	6.04e-08
 7.45908e+22	9.84e-01	1.63e-02	5.04e-05	0.00e+00	0.00e+00	0.00e+00	0.00e+00	0.00e+00	0.00e+00	9.84e-01	1.59e-07	5.86e-08
 7.50115e+22	9.84e-01	1.60e-02	4.98e-05	0.00e+00	0.00e+00	0.00e+00	0.00e+00	0.00e+00	0.00e+00	9.84e-01	1.57e-07	5.71e-08
 7.53944e+22	9.84e-01	1.56e-02	4.92e-05	0.00e+00	0.00e+00	0.00e+00	0.00e+00	0.00e+00	0.00e+00	9.84e-01	1.55e-07	5.56e-08
 7.57428e+22	9.85e-01	1.54e-02	4.87e-05	0.00e+00	0.00e+00	0.00e+00	0.00e+00	0.00e+00	0.00e+00	9.85e-01	1.55e-07	5.48e-08
 7.61246e+22	9.85e-01	1.51e-02	4.81e-05	0.00e+00	0.00e+00	0.00e+00	0.00e+00	0.00e+00	0.00e+00	9.85e-01	1.52e-07	5.31e-08
