#depth	Ne	Ne+	Ne+2	Ne+3	Ne+4	Ne+5	Ne+6	Ne+7	Ne+8	Ne+9	Ne+10
 1.54284e+19	4.00e-18	2.66e-12	5.51e-08	4.93e-05	6.74e-03	1.10e-01	2.64e-01	2.64e-01	3.43e-01	1.10e-02	8.40e-05
 9.25702e+19	5.13e-18	3.44e-12	7.04e-08	6.07e-05	7.86e-03	1.22e-01	2.75e-01	2.64e-01	3.22e-01	9.66e-03	6.94e-05
 2.19083e+20	7.69e-18	5.19e-12	1.04e-07	8.38e-05	9.97e-03	1.41e-01	2.91e-01	2.61e-01	2.88e-01	7.83e-03	5.09e-05
 3.38274e+20	1.13e-17	7.62e-12	1.47e-07	1.12e-04	1.23e-02	1.61e-01	3.04e-01	2.57e-01	2.60e-01	6.44e-03	3.83e-05
 4.22820e+20	1.50e-17	9.96e-12	1.88e-07	1.36e-04	1.42e-02	1.75e-01	3.12e-01	2.53e-01	2.40e-01	5.60e-03	3.13e-05
 4.78666e+20	1.80e-17	1.19e-11	2.20e-07	1.55e-04	1.55e-02	1.84e-01	3.17e-01	2.49e-01	2.29e-01	5.12e-03	2.75e-05
 5.37757e+20	2.18e-17	1.43e-11	2.59e-07	1.76e-04	1.70e-02	1.94e-01	3.22e-01	2.46e-01	2.16e-01	4.64e-03	2.39e-05
 6.14575e+20	2.81e-17	1.81e-11	3.19e-07	2.08e-04	1.91e-02	2.08e-01	3.27e-01	2.41e-01	2.01e-01	4.09e-03	2.00e-05
 6.98311e+20	3.70e-17	2.33e-11	3.99e-07	2.49e-04	2.16e-02	2.23e-01	3.32e-01	2.35e-01	1.85e-01	3.56e-03	1.64e-05
 7.69230e+20	4.66e-17	2.88e-11	4.80e-07	2.87e-04	2.39e-02	2.35e-01	3.35e-01	2.29e-01	1.73e-01	3.17e-03	1.39e-05
 8.29232e+20	5.66e-17	3.43e-11	5.58e-07	3.23e-04	2.59e-02	2.46e-01	3.38e-01	2.24e-01	1.63e-01	2.87e-03	1.22e-05
 8.96850e+20	7.04e-17	4.18e-11	6.60e-07	3.68e-04	2.83e-02	2.58e-01	3.40e-01	2.19e-01	1.52e-01	2.57e-03	1.04e-05
 9.84754e+20	9.34e-17	5.37e-11	8.17e-07	4.34e-04	3.16e-02	2.74e-01	3.42e-01	2.11e-01	1.39e-01	2.23e-03	8.57e-06
 1.07677e+21	1.25e-16	6.94e-11	1.01e-06	5.12e-04	3.53e-02	2.90e-01	3.43e-01	2.03e-01	1.27e-01	1.92e-03	6.98e-06
 1.15344e+21	1.59e-16	8.55e-11	1.21e-06	5.85e-04	3.85e-02	3.03e-01	3.43e-01	1.96e-01	1.18e-01	1.70e-03	5.90e-06
 1.23242e+21	2.02e-16	1.06e-10	1.44e-06	6.67e-04	4.20e-02	3.16e-01	3.42e-01	1.89e-01	1.08e-01	1.50e-03	4.97e-06
 1.33510e+21	2.76e-16	1.38e-10	1.79e-06	7.88e-04	4.69e-02	3.33e-01	3.40e-01	1.80e-01	9.77e-02	1.27e-03	3.98e-06
 1.44257e+21	3.79e-16	1.81e-10	2.24e-06	9.30e-04	5.22e-02	3.50e-01	3.38e-01	1.71e-01	8.75e-02	1.07e-03	3.17e-06
 1.53265e+21	4.92e-16	2.26e-10	2.68e-06	1.06e-03	5.68e-02	3.64e-01	3.35e-01	1.63e-01	7.98e-02	9.33e-04	2.62e-06
 1.62616e+21	6.41e-16	2.82e-10	3.21e-06	1.21e-03	6.19e-02	3.78e-01	3.31e-01	1.55e-01	7.26e-02	8.08e-04	2.17e-06
 1.74772e+21	8.98e-16	3.75e-10	4.04e-06	1.44e-03	6.87e-02	3.95e-01	3.25e-01	1.45e-01	6.41e-02	6.71e-04	1.69e-06
 1.87563e+21	1.27e-15	5.00e-10	5.08e-06	1.70e-03	7.62e-02	4.11e-01	3.19e-01	1.35e-01	5.63e-02	5.52e-04	1.31e-06
 1.98269e+21	1.68e-15	6.32e-10	6.12e-06	1.94e-03	8.28e-02	4.25e-01	3.12e-01	1.27e-01	5.05e-02	4.70e-04	1.06e-06
 2.09281e+21	2.22e-15	7.95e-10	7.34e-06	2.21e-03	8.97e-02	4.37e-01	3.06e-01	1.19e-01	4.53e-02	4.01e-04	8.55e-07
 2.23595e+21	3.16e-15	1.07e-09	9.25e-06	2.61e-03	9.90e-02	4.53e-01	2.96e-01	1.10e-01	3.92e-02	3.25e-04	0.00e+00
 2.38523e+21	4.51e-15	1.43e-09	1.16e-05	3.07e-03	1.09e-01	4.67e-01	2.86e-01	1.01e-01	3.38e-02	2.62e-04	0.00e+00
 2.50887e+21	5.99e-15	1.80e-09	1.40e-05	3.49e-03	1.18e-01	4.78e-01	2.78e-01	9.35e-02	2.99e-02	2.20e-04	0.00e+00
 2.63599e+21	7.97e-15	2.28e-09	1.67e-05	3.97e-03	1.26e-01	4.87e-01	2.69e-01	8.66e-02	2.65e-02	1.85e-04	0.00e+00
 2.80124e+21	1.14e-14	3.05e-09	2.10e-05	4.64e-03	1.38e-01	4.99e-01	2.57e-01	7.84e-02	2.26e-02	1.47e-04	0.00e+00
 2.96947e+21	1.62e-14	4.06e-09	2.62e-05	5.41e-03	1.51e-01	5.08e-01	2.45e-01	7.08e-02	1.92e-02	1.17e-04	0.00e+00
 3.09345e+21	2.08e-14	4.97e-09	3.06e-05	6.02e-03	1.60e-01	5.14e-01	2.37e-01	6.57e-02	1.71e-02	9.96e-05	0.00e+00
 3.20650e+21	2.59e-14	5.95e-09	3.51e-05	6.61e-03	1.68e-01	5.19e-01	2.29e-01	6.14e-02	1.54e-02	8.60e-05	0.00e+00
 3.35346e+21	3.44e-14	7.48e-09	4.18e-05	7.45e-03	1.80e-01	5.24e-01	2.19e-01	5.62e-02	1.35e-02	7.12e-05	0.00e+00
 3.51148e+21	4.61e-14	9.48e-09	5.01e-05	8.42e-03	1.92e-01	5.29e-01	2.08e-01	5.11e-02	1.17e-02	5.82e-05	0.00e+00
 3.65045e+21	5.91e-14	1.16e-08	5.84e-05	9.34e-03	2.02e-01	5.32e-01	1.99e-01	4.70e-02	1.03e-02	4.90e-05	0.00e+00
 3.79765e+21	7.64e-14	1.43e-08	6.84e-05	1.04e-02	2.14e-01	5.34e-01	1.90e-01	4.30e-02	9.04e-03	4.09e-05	0.00e+00
 3.98902e+21	1.06e-13	1.85e-08	8.33e-05	1.18e-02	2.28e-01	5.35e-01	1.79e-01	3.84e-02	7.65e-03	3.24e-05	0.00e+00
 4.18380e+21	1.45e-13	2.39e-08	1.01e-04	1.34e-02	2.43e-01	5.35e-01	1.68e-01	3.42e-02	6.46e-03	2.57e-05	0.00e+00
 4.33768e+21	1.85e-13	2.91e-08	1.17e-04	1.48e-02	2.55e-01	5.34e-01	1.59e-01	3.13e-02	5.67e-03	2.15e-05	0.00e+00
 4.49238e+21	2.35e-13	3.52e-08	1.35e-04	1.62e-02	2.67e-01	5.32e-01	1.51e-01	2.86e-02	4.99e-03	1.80e-05	0.00e+00
 4.69348e+21	3.17e-13	4.48e-08	1.62e-04	1.83e-02	2.82e-01	5.29e-01	1.41e-01	2.54e-02	4.23e-03	1.44e-05	0.00e+00
 4.90773e+21	4.33e-13	5.74e-08	1.95e-04	2.06e-02	2.98e-01	5.24e-01	1.31e-01	2.25e-02	3.55e-03	1.13e-05	0.00e+00
 5.09150e+21	5.60e-13	7.05e-08	2.27e-04	2.27e-02	3.11e-01	5.19e-01	1.23e-01	2.02e-02	3.06e-03	9.28e-06	0.00e+00
 5.28283e+21	7.27e-13	8.68e-08	2.65e-04	2.50e-02	3.25e-01	5.13e-01	1.16e-01	1.82e-02	2.64e-03	7.57e-06	0.00e+00
 5.53155e+21	1.01e-12	1.13e-07	3.21e-04	2.83e-02	3.43e-01	5.05e-01	1.06e-01	1.58e-02	2.17e-03	5.83e-06	0.00e+00
 5.78934e+21	1.40e-12	1.46e-07	3.89e-04	3.19e-02	3.60e-01	4.95e-01	9.69e-02	1.37e-02	1.79e-03	4.47e-06	0.00e+00
 6.00118e+21	1.82e-12	1.80e-07	4.52e-04	3.50e-02	3.74e-01	4.86e-01	9.00e-02	1.22e-02	1.53e-03	3.62e-06	0.00e+00
 6.21887e+21	2.36e-12	2.21e-07	5.26e-04	3.84e-02	3.89e-01	4.77e-01	8.34e-02	1.09e-02	1.30e-03	2.92e-06	0.00e+00
 6.50187e+21	3.28e-12	2.86e-07	6.36e-04	4.31e-02	4.06e-01	4.64e-01	7.56e-02	9.34e-03	1.06e-03	2.22e-06	0.00e+00
 6.80335e+21	4.58e-12	3.73e-07	7.71e-04	4.85e-02	4.24e-01	4.50e-01	6.80e-02	7.97e-03	8.56e-04	1.67e-06	0.00e+00
 7.06476e+21	6.07e-12	4.65e-07	9.06e-04	5.34e-02	4.39e-01	4.37e-01	6.21e-02	6.96e-03	7.14e-04	1.31e-06	0.00e+00
 7.28385e+21	7.62e-12	5.56e-07	1.03e-03	5.77e-02	4.51e-01	4.26e-01	5.75e-02	6.22e-03	6.15e-04	1.07e-06	0.00e+00
 7.51205e+21	9.61e-12	6.68e-07	1.18e-03	6.24e-02	4.62e-01	4.15e-01	5.31e-02	5.54e-03	5.28e-04	8.76e-07	0.00e+00
 7.80870e+21	1.29e-11	8.42e-07	1.39e-03	6.88e-02	4.77e-01	4.00e-01	4.79e-02	4.78e-03	4.34e-04	0.00e+00	0.00e+00
 8.11454e+21	1.73e-11	1.06e-06	1.64e-03	7.57e-02	4.91e-01	3.85e-01	4.30e-02	4.10e-03	3.55e-04	0.00e+00	0.00e+00
 8.36428e+21	2.18e-11	1.27e-06	1.87e-03	8.16e-02	5.01e-01	3.72e-01	3.94e-02	3.63e-03	3.02e-04	0.00e+00	0.00e+00
 8.62088e+21	2.75e-11	1.53e-06	2.14e-03	8.78e-02	5.11e-01	3.59e-01	3.60e-02	3.21e-03	2.57e-04	0.00e+00	0.00e+00
 8.95445e+21	3.69e-11	1.92e-06	2.52e-03	9.64e-02	5.23e-01	3.43e-01	3.21e-02	2.74e-03	2.09e-04	0.00e+00	0.00e+00
 9.29503e+21	4.94e-11	2.42e-06	2.97e-03	1.05e-01	5.34e-01	3.26e-01	2.85e-02	2.33e-03	1.69e-04	0.00e+00	0.00e+00
 9.57557e+21	6.22e-11	2.90e-06	3.37e-03	1.13e-01	5.42e-01	3.13e-01	2.58e-02	2.05e-03	1.43e-04	0.00e+00	0.00e+00
 9.87114e+21	7.90e-11	3.49e-06	3.85e-03	1.22e-01	5.50e-01	3.00e-01	2.33e-02	1.79e-03	1.20e-04	0.00e+00	0.00e+00
 1.02554e+22	1.07e-10	4.43e-06	4.55e-03	1.33e-01	5.58e-01	2.82e-01	2.04e-02	1.51e-03	9.56e-05	0.00e+00	0.00e+00
 1.06476e+22	1.44e-10	5.59e-06	5.37e-03	1.45e-01	5.65e-01	2.65e-01	1.78e-02	1.26e-03	7.61e-05	0.00e+00	0.00e+00
 1.09751e+22	1.83e-10	6.75e-06	6.13e-03	1.55e-01	5.70e-01	2.52e-01	1.59e-02	1.10e-03	6.32e-05	0.00e+00	0.00e+00
 1.13259e+22	2.36e-10	8.25e-06	7.05e-03	1.67e-01	5.74e-01	2.38e-01	1.41e-02	9.41e-04	5.19e-05	0.00e+00	0.00e+00
 1.17819e+22	3.23e-10	1.06e-05	8.37e-03	1.81e-01	5.77e-01	2.21e-01	1.21e-02	7.77e-04	4.05e-05	0.00e+00	0.00e+00
 1.22472e+22	4.42e-10	1.35e-05	9.93e-03	1.97e-01	5.78e-01	2.04e-01	1.03e-02	6.39e-04	3.14e-05	0.00e+00	0.00e+00
 1.26353e+22	5.67e-10	1.65e-05	1.14e-02	2.11e-01	5.78e-01	1.91e-01	9.03e-03	5.46e-04	2.56e-05	0.00e+00	0.00e+00
 1.29928e+22	7.11e-10	1.97e-05	1.29e-02	2.23e-01	5.76e-01	1.79e-01	8.01e-03	4.72e-04	2.12e-05	0.00e+00	0.00e+00
 1.33997e+22	9.15e-10	2.40e-05	1.48e-02	2.37e-01	5.74e-01	1.67e-01	6.99e-03	4.02e-04	1.72e-05	0.00e+00	0.00e+00
 1.38449e+22	1.20e-09	2.98e-05	1.71e-02	2.53e-01	5.69e-01	1.54e-01	6.01e-03	3.37e-04	1.37e-05	0.00e+00	0.00e+00
 1.42621e+22	1.52e-09	3.60e-05	1.94e-02	2.68e-01	5.64e-01	1.43e-01	5.25e-03	2.88e-04	1.12e-05	0.00e+00	0.00e+00
 1.46638e+22	1.91e-09	4.31e-05	2.20e-02	2.82e-01	5.58e-01	1.33e-01	4.60e-03	2.47e-04	9.16e-06	0.00e+00	0.00e+00
 1.51229e+22	2.47e-09	5.29e-05	2.52e-02	2.99e-01	5.49e-01	1.22e-01	3.96e-03	2.08e-04	7.34e-06	0.00e+00	0.00e+00
 1.56368e+22	3.23e-09	6.56e-05	2.92e-02	3.16e-01	5.39e-01	1.12e-01	3.37e-03	1.73e-04	5.78e-06	0.00e+00	0.00e+00
 1.61185e+22	4.14e-09	8.01e-05	3.33e-02	3.33e-01	5.28e-01	1.02e-01	2.89e-03	1.46e-04	4.64e-06	0.00e+00	0.00e+00
 1.65691e+22	5.19e-09	9.61e-05	3.76e-02	3.48e-01	5.18e-01	9.42e-02	2.52e-03	1.25e-04	3.79e-06	0.00e+00	0.00e+00
 1.70824e+22	6.70e-09	1.18e-04	4.30e-02	3.65e-01	5.04e-01	8.57e-02	2.15e-03	1.05e-04	3.03e-06	0.00e+00	0.00e+00
 1.76450e+22	8.74e-09	1.47e-04	4.96e-02	3.82e-01	4.89e-01	7.73e-02	1.81e-03	8.65e-05	2.38e-06	0.00e+00	0.00e+00
 1.81544e+22	1.10e-08	1.77e-04	5.62e-02	3.98e-01	4.74e-01	7.04e-02	1.56e-03	7.31e-05	1.92e-06	0.00e+00	0.00e+00
 1.86240e+22	1.37e-08	2.11e-04	6.30e-02	4.11e-01	4.60e-01	6.45e-02	1.36e-03	6.28e-05	1.58e-06	0.00e+00	0.00e+00
 1.91591e+22	1.74e-08	2.57e-04	7.16e-02	4.26e-01	4.43e-01	5.83e-02	1.16e-03	5.28e-05	1.28e-06	0.00e+00	0.00e+00
 1.97440e+22	2.25e-08	3.17e-04	8.20e-02	4.40e-01	4.24e-01	5.22e-02	9.85e-04	4.39e-05	1.01e-06	0.00e+00	0.00e+00
 2.02681e+22	2.81e-08	3.82e-04	9.24e-02	4.52e-01	4.07e-01	4.73e-02	8.50e-04	3.73e-05	8.30e-07	0.00e+00	0.00e+00
 2.07429e+22	3.43e-08	4.51e-04	1.03e-01	4.62e-01	3.91e-01	4.32e-02	7.45e-04	3.22e-05	0.00e+00	0.00e+00	0.00e+00
 2.12788e+22	4.33e-08	5.45e-04	1.16e-01	4.71e-01	3.72e-01	3.88e-02	6.40e-04	2.72e-05	0.00e+00	0.00e+00	0.00e+00
 2.18605e+22	5.52e-08	6.67e-04	1.32e-01	4.80e-01	3.52e-01	3.46e-02	5.45e-04	2.28e-05	0.00e+00	0.00e+00	0.00e+00
 2.23735e+22	6.85e-08	7.98e-04	1.49e-01	4.86e-01	3.33e-01	3.11e-02	4.72e-04	1.94e-05	0.00e+00	0.00e+00	0.00e+00
 2.28289e+22	8.28e-08	9.35e-04	1.65e-01	4.89e-01	3.16e-01	2.82e-02	4.15e-04	1.68e-05	0.00e+00	0.00e+00	0.00e+00
 2.32575e+22	9.83e-08	1.09e-03	1.82e-01	4.92e-01	2.99e-01	2.55e-02	3.65e-04	1.46e-05	0.00e+00	0.00e+00	0.00e+00
 2.37343e+22	1.22e-07	1.29e-03	2.05e-01	4.92e-01	2.79e-01	2.27e-02	3.14e-04	1.24e-05	0.00e+00	0.00e+00	0.00e+00
 2.41971e+22	1.50e-07	1.52e-03	2.28e-01	4.89e-01	2.60e-01	2.02e-02	2.72e-04	1.06e-05	0.00e+00	0.00e+00	0.00e+00
 2.45184e+22	1.70e-07	1.71e-03	2.47e-01	4.86e-01	2.46e-01	1.85e-02	2.44e-04	9.41e-06	0.00e+00	0.00e+00	0.00e+00
 2.48129e+22	1.98e-07	1.91e-03	2.66e-01	4.82e-01	2.33e-01	1.69e-02	2.19e-04	8.38e-06	0.00e+00	0.00e+00	0.00e+00
 2.51379e+22	2.29e-07	2.15e-03	2.89e-01	4.76e-01	2.17e-01	1.53e-02	1.93e-04	7.35e-06	0.00e+00	0.00e+00	0.00e+00
 2.55028e+22	2.72e-07	2.46e-03	3.18e-01	4.66e-01	2.00e-01	1.34e-02	1.66e-04	6.26e-06	0.00e+00	0.00e+00	0.00e+00
 2.58835e+22	3.25e-07	2.84e-03	3.51e-01	4.54e-01	1.81e-01	1.16e-02	1.39e-04	5.22e-06	0.00e+00	0.00e+00	0.00e+00
 2.62012e+22	3.75e-07	3.18e-03	3.81e-01	4.41e-01	1.65e-01	1.01e-02	1.19e-04	4.47e-06	0.00e+00	0.00e+00	0.00e+00
 2.65303e+22	4.39e-07	3.60e-03	4.15e-01	4.25e-01	1.48e-01	8.68e-03	9.94e-05	3.72e-06	0.00e+00	0.00e+00	0.00e+00
 2.68927e+22	5.21e-07	4.11e-03	4.54e-01	4.05e-01	1.30e-01	7.21e-03	8.01e-05	3.00e-06	0.00e+00	0.00e+00	0.00e+00
 2.72276e+22	6.08e-07	4.62e-03	4.92e-01	3.84e-01	1.13e-01	5.98e-03	6.44e-05	2.41e-06	0.00e+00	0.00e+00	0.00e+00
 2.75922e+22	7.21e-07	5.24e-03	5.35e-01	3.58e-01	9.62e-02	4.76e-03	4.96e-05	1.87e-06	0.00e+00	0.00e+00	0.00e+00
 2.79836e+22	8.58e-07	5.94e-03	5.80e-01	3.30e-01	7.98e-02	3.69e-03	3.69e-05	1.40e-06	0.00e+00	0.00e+00	0.00e+00
 2.83276e+22	9.93e-07	6.59e-03	6.19e-01	3.05e-01	6.69e-02	2.90e-03	2.80e-05	1.07e-06	0.00e+00	0.00e+00	0.00e+00
 2.86925e+22	1.16e-06	7.32e-03	6.58e-01	2.78e-01	5.47e-02	2.21e-03	2.05e-05	7.89e-07	0.00e+00	0.00e+00	0.00e+00
 2.90617e+22	1.33e-06	8.05e-03	6.94e-01	2.52e-01	4.46e-02	1.68e-03	1.50e-05	0.00e+00	0.00e+00	0.00e+00	0.00e+00
 2.93861e+22	1.50e-06	8.70e-03	7.23e-01	2.30e-01	3.71e-02	1.31e-03	1.13e-05	0.00e+00	0.00e+00	0.00e+00	0.00e+00
 2.97575e+22	1.71e-06	9.45e-03	7.53e-01	2.06e-01	2.98e-02	9.74e-04	8.09e-06	0.00e+00	0.00e+00	0.00e+00	0.00e+00
 3.02254e+22	2.00e-06	1.04e-02	7.86e-01	1.80e-01	2.27e-02	6.75e-04	5.36e-06	0.00e+00	0.00e+00	0.00e+00	0.00e+00
 3.07184e+22	2.32e-06	1.14e-02	8.15e-01	1.56e-01	1.71e-02	4.66e-04	3.53e-06	0.00e+00	0.00e+00	0.00e+00	0.00e+00
 3.11807e+22	2.64e-06	1.23e-02	8.37e-01	1.37e-01	1.33e-02	3.31e-04	2.41e-06	0.00e+00	0.00e+00	0.00e+00	0.00e+00
 3.16542e+22	3.00e-06	1.32e-02	8.57e-01	1.20e-01	1.03e-02	2.36e-04	1.66e-06	0.00e+00	0.00e+00	0.00e+00	0.00e+00
 3.21782e+22	3.41e-06	1.41e-02	8.74e-01	1.04e-01	7.83e-03	1.65e-04	1.12e-06	0.00e+00	0.00e+00	0.00e+00	0.00e+00
 3.27598e+22	3.91e-06	1.52e-02	8.90e-01	8.90e-02	5.89e-03	1.13e-04	7.41e-07	0.00e+00	0.00e+00	0.00e+00	0.00e+00
 3.33901e+22	4.48e-06	1.63e-02	9.03e-01	7.60e-02	4.42e-03	7.77e-05	0.00e+00	0.00e+00	0.00e+00	0.00e+00	0.00e+00
 3.40757e+22	5.14e-06	1.75e-02	9.15e-01	6.45e-02	3.31e-03	5.31e-05	0.00e+00	0.00e+00	0.00e+00	0.00e+00	0.00e+00
 3.48424e+22	5.94e-06	1.89e-02	9.24e-01	5.42e-02	2.46e-03	3.60e-05	0.00e+00	0.00e+00	0.00e+00	0.00e+00	0.00e+00
 3.57280e+22	6.94e-06	2.04e-02	9.33e-01	4.49e-02	1.81e-03	2.40e-05	0.00e+00	0.00e+00	0.00e+00	0.00e+00	0.00e+00
 3.66545e+22	8.08e-06	2.20e-02	9.39e-01	3.74e-02	1.37e-03	1.65e-05	0.00e+00	0.00e+00	0.00e+00	0.00e+00	0.00e+00
 3.75417e+22	9.28e-06	2.35e-02	9.44e-01	3.18e-02	1.08e-03	1.20e-05	0.00e+00	0.00e+00	0.00e+00	0.00e+00	0.00e+00
 3.85502e+22	1.07e-05	2.53e-02	9.47e-01	2.66e-02	8.51e-04	8.61e-06	0.00e+00	0.00e+00	0.00e+00	0.00e+00	0.00e+00
 3.98612e+22	1.29e-05	2.76e-02	9.50e-01	2.15e-02	6.55e-04	5.89e-06	0.00e+00	0.00e+00	0.00e+00	0.00e+00	0.00e+00
 4.12349e+22	1.54e-05	3.00e-02	9.52e-01	1.75e-02	5.21e-04	4.15e-06	0.00e+00	0.00e+00	0.00e+00	0.00e+00	0.00e+00
 4.22666e+22	1.76e-05	3.19e-02	9.53e-01	1.51e-02	4.50e-04	3.28e-06	0.00e+00	0.00e+00	0.00e+00	0.00e+00	0.00e+00
 4.29156e+22	1.91e-05	3.31e-02	9.53e-01	1.38e-02	4.13e-04	2.85e-06	0.00e+00	0.00e+00	0.00e+00	0.00e+00	0.00e+00
 4.34151e+22	2.03e-05	3.40e-02	9.53e-01	1.29e-02	3.87e-04	2.55e-06	0.00e+00	0.00e+00	0.00e+00	0.00e+00	0.00e+00
 4.39891e+22	2.17e-05	3.51e-02	9.53e-01	1.19e-02	3.61e-04	2.25e-06	0.00e+00	0.00e+00	0.00e+00	0.00e+00	0.00e+00
 4.47352e+22	2.37e-05	3.65e-02	9.52e-01	1.07e-02	3.30e-04	1.92e-06	0.00e+00	0.00e+00	0.00e+00	0.00e+00	0.00e+00
 4.55018e+22	2.61e-05	3.80e-02	9.52e-01	9.63e-03	3.02e-04	1.63e-06	0.00e+00	0.00e+00	0.00e+00	0.00e+00	0.00e+00
 4.60866e+22	2.80e-05	3.92e-02	9.52e-01	8.87e-03	2.82e-04	1.44e-06	0.00e+00	0.00e+00	0.00e+00	0.00e+00	0.00e+00
 4.65341e+22	2.96e-05	4.01e-02	9.51e-01	8.31e-03	2.68e-04	1.31e-06	0.00e+00	0.00e+00	0.00e+00	0.00e+00	0.00e+00
 4.70111e+22	3.14e-05	4.11e-02	9.51e-01	7.73e-03	2.53e-04	1.18e-06	0.00e+00	0.00e+00	0.00e+00	0.00e+00	0.00e+00
 4.76312e+22	3.39e-05	4.24e-02	9.50e-01	7.03e-03	2.35e-04	1.03e-06	0.00e+00	0.00e+00	0.00e+00	0.00e+00	0.00e+00
 4.82370e+22	3.67e-05	4.38e-02	9.50e-01	6.37e-03	2.18e-04	8.89e-07	0.00e+00	0.00e+00	0.00e+00	0.00e+00	0.00e+00
 4.86609e+22	3.89e-05	4.48e-02	9.49e-01	5.93e-03	2.06e-04	0.00e+00	0.00e+00	0.00e+00	0.00e+00	0.00e+00	0.00e+00
 4.89828e+22	4.06e-05	4.55e-02	9.49e-01	5.60e-03	1.97e-04	0.00e+00	0.00e+00	0.00e+00	0.00e+00	0.00e+00	0.00e+00
 4.93359e+22	4.27e-05	4.64e-02	9.48e-01	5.25e-03	1.88e-04	0.00e+00	0.00e+00	0.00e+00	0.00e+00	0.00e+00	0.00e+00
 4.97948e+22	4.58e-05	4.77e-02	9.47e-01	4.81e-03	1.75e-04	0.00e+00	0.00e+00	0.00e+00	0.00e+00	0.00e+00	0.00e+00
 5.02534e+22	4.90e-05	4.89e-02	9.46e-01	4.38e-03	1.63e-04	0.00e+00	0.00e+00	0.00e+00	0.00e+00	0.00e+00	0.00e+00
 5.05901e+22	5.19e-05	4.99e-02	9.46e-01	4.08e-03	1.54e-04	0.00e+00	0.00e+00	0.00e+00	0.00e+00	0.00e+00	0.00e+00
 5.08519e+22	5.42e-05	5.07e-02	9.45e-01	3.85e-03	1.47e-04	0.00e+00	0.00e+00	0.00e+00	0.00e+00	0.00e+00	0.00e+00
 5.11378e+22	5.68e-05	5.16e-02	9.45e-01	3.60e-03	1.40e-04	0.00e+00	0.00e+00	0.00e+00	0.00e+00	0.00e+00	0.00e+00
 5.15095e+22	6.09e-05	5.29e-02	9.44e-01	3.29e-03	1.30e-04	0.00e+00	0.00e+00	0.00e+00	0.00e+00	0.00e+00	0.00e+00
 5.18800e+22	6.53e-05	5.42e-02	9.43e-01	2.99e-03	1.21e-04	0.00e+00	0.00e+00	0.00e+00	0.00e+00	0.00e+00	0.00e+00
 5.21506e+22	6.90e-05	5.53e-02	9.42e-01	2.78e-03	1.14e-04	0.00e+00	0.00e+00	0.00e+00	0.00e+00	0.00e+00	0.00e+00
 5.23617e+22	7.20e-05	5.61e-02	9.41e-01	2.62e-03	1.08e-04	0.00e+00	0.00e+00	0.00e+00	0.00e+00	0.00e+00	0.00e+00
 5.25937e+22	7.59e-05	5.72e-02	9.40e-01	2.44e-03	1.02e-04	0.00e+00	0.00e+00	0.00e+00	0.00e+00	0.00e+00	0.00e+00
 5.28953e+22	8.12e-05	5.85e-02	9.39e-01	2.23e-03	9.51e-05	0.00e+00	0.00e+00	0.00e+00	0.00e+00	0.00e+00	0.00e+00
 5.31995e+22	8.76e-05	6.00e-02	9.38e-01	2.02e-03	8.74e-05	0.00e+00	0.00e+00	0.00e+00	0.00e+00	0.00e+00	0.00e+00
 5.34280e+22	9.31e-05	6.13e-02	9.37e-01	1.86e-03	8.16e-05	0.00e+00	0.00e+00	0.00e+00	0.00e+00	0.00e+00	0.00e+00
 5.36098e+22	9.78e-05	6.23e-02	9.36e-01	1.74e-03	7.72e-05	0.00e+00	0.00e+00	0.00e+00	0.00e+00	0.00e+00	0.00e+00
 5.38104e+22	1.04e-04	6.36e-02	9.35e-01	1.62e-03	7.26e-05	0.00e+00	0.00e+00	0.00e+00	0.00e+00	0.00e+00	0.00e+00
 5.40712e+22	1.12e-04	6.53e-02	9.33e-01	1.47e-03	6.67e-05	0.00e+00	0.00e+00	0.00e+00	0.00e+00	0.00e+00	0.00e+00
 5.43360e+22	1.22e-04	6.72e-02	9.31e-01	1.31e-03	6.04e-05	0.00e+00	0.00e+00	0.00e+00	0.00e+00	0.00e+00	0.00e+00
 5.45383e+22	1.31e-04	6.88e-02	9.30e-01	1.19e-03	5.57e-05	0.00e+00	0.00e+00	0.00e+00	0.00e+00	0.00e+00	0.00e+00
 5.47026e+22	1.39e-04	7.02e-02	9.29e-01	1.11e-03	5.21e-05	0.00e+00	0.00e+00	0.00e+00	0.00e+00	0.00e+00	0.00e+00
 5.48854e+22	1.49e-04	7.19e-02	9.27e-01	1.01e-03	4.82e-05	0.00e+00	0.00e+00	0.00e+00	0.00e+00	0.00e+00	0.00e+00
 5.51229e+22	1.65e-04	7.44e-02	9.24e-01	8.99e-04	4.34e-05	0.00e+00	0.00e+00	0.00e+00	0.00e+00	0.00e+00	0.00e+00
 5.53554e+22	1.82e-04	7.69e-02	9.22e-01	7.88e-04	3.85e-05	0.00e+00	0.00e+00	0.00e+00	0.00e+00	0.00e+00	0.00e+00
 5.55235e+22	1.98e-04	7.89e-02	9.20e-01	7.11e-04	3.51e-05	0.00e+00	0.00e+00	0.00e+00	0.00e+00	0.00e+00	0.00e+00
 5.56611e+22	2.13e-04	8.09e-02	9.18e-01	6.52e-04	3.24e-05	0.00e+00	0.00e+00	0.00e+00	0.00e+00	0.00e+00	0.00e+00
 5.58167e+22	2.31e-04	8.33e-02	9.16e-01	5.91e-04	2.97e-05	0.00e+00	0.00e+00	0.00e+00	0.00e+00	0.00e+00	0.00e+00
 5.60189e+22	2.61e-04	8.69e-02	9.12e-01	5.16e-04	2.62e-05	0.00e+00	0.00e+00	0.00e+00	0.00e+00	0.00e+00	0.00e+00
 5.62220e+22	2.96e-04	9.06e-02	9.09e-01	4.41e-04	2.26e-05	0.00e+00	0.00e+00	0.00e+00	0.00e+00	0.00e+00	0.00e+00
 5.63722e+22	3.29e-04	9.38e-02	9.05e-01	3.89e-04	2.01e-05	0.00e+00	0.00e+00	0.00e+00	0.00e+00	0.00e+00	0.00e+00
 5.64891e+22	3.60e-04	9.67e-02	9.03e-01	3.53e-04	1.83e-05	0.00e+00	0.00e+00	0.00e+00	0.00e+00	0.00e+00	0.00e+00
 5.66172e+22	4.00e-04	1.00e-01	8.99e-01	3.16e-04	1.65e-05	0.00e+00	0.00e+00	0.00e+00	0.00e+00	0.00e+00	0.00e+00
 5.67578e+22	4.55e-04	1.05e-01	8.94e-01	2.77e-04	1.46e-05	0.00e+00	0.00e+00	0.00e+00	0.00e+00	0.00e+00	0.00e+00
 5.68775e+22	5.10e-04	1.09e-01	8.90e-01	2.45e-04	1.30e-05	0.00e+00	0.00e+00	0.00e+00	0.00e+00	0.00e+00	0.00e+00
 5.69718e+22	5.61e-04	1.13e-01	8.87e-01	2.22e-04	1.18e-05	0.00e+00	0.00e+00	0.00e+00	0.00e+00	0.00e+00	0.00e+00
 5.70702e+22	6.20e-04	1.17e-01	8.83e-01	2.02e-04	1.08e-05	0.00e+00	0.00e+00	0.00e+00	0.00e+00	0.00e+00	0.00e+00
 5.71981e+22	7.15e-04	1.23e-01	8.76e-01	1.77e-04	9.51e-06	0.00e+00	0.00e+00	0.00e+00	0.00e+00	0.00e+00	0.00e+00
 5.73217e+22	8.31e-04	1.29e-01	8.70e-01	1.53e-04	8.24e-06	0.00e+00	0.00e+00	0.00e+00	0.00e+00	0.00e+00	0.00e+00
 5.74061e+22	9.37e-04	1.34e-01	8.65e-01	1.37e-04	7.44e-06	0.00e+00	0.00e+00	0.00e+00	0.00e+00	0.00e+00	0.00e+00
 5.74688e+22	1.02e-03	1.38e-01	8.61e-01	1.28e-04	6.96e-06	0.00e+00	0.00e+00	0.00e+00	0.00e+00	0.00e+00	0.00e+00
 5.75371e+22	1.13e-03	1.43e-01	8.56e-01	1.19e-04	6.46e-06	0.00e+00	0.00e+00	0.00e+00	0.00e+00	0.00e+00	0.00e+00
 5.76259e+22	1.29e-03	1.50e-01	8.48e-01	1.07e-04	5.85e-06	0.00e+00	0.00e+00	0.00e+00	0.00e+00	0.00e+00	0.00e+00
 5.77210e+22	1.49e-03	1.58e-01	8.40e-01	9.51e-05	5.20e-06	0.00e+00	0.00e+00	0.00e+00	0.00e+00	0.00e+00	0.00e+00
 5.77882e+22	1.68e-03	1.64e-01	8.34e-01	8.67e-05	4.75e-06	0.00e+00	0.00e+00	0.00e+00	0.00e+00	0.00e+00	0.00e+00
 5.78242e+22	1.80e-03	1.68e-01	8.30e-01	8.31e-05	4.56e-06	0.00e+00	0.00e+00	0.00e+00	0.00e+00	0.00e+00	0.00e+00
 5.78549e+22	1.91e-03	1.71e-01	8.27e-01	8.03e-05	4.40e-06	0.00e+00	0.00e+00	0.00e+00	0.00e+00	0.00e+00	0.00e+00
 5.78939e+22	2.05e-03	1.76e-01	8.22e-01	7.67e-05	4.21e-06	0.00e+00	0.00e+00	0.00e+00	0.00e+00	0.00e+00	0.00e+00
 5.79436e+22	2.26e-03	1.82e-01	8.15e-01	7.22e-05	3.97e-06	0.00e+00	0.00e+00	0.00e+00	0.00e+00	0.00e+00	0.00e+00
 5.79972e+22	2.51e-03	1.89e-01	8.09e-01	6.74e-05	3.71e-06	0.00e+00	0.00e+00	0.00e+00	0.00e+00	0.00e+00	0.00e+00
 5.80448e+22	2.77e-03	1.95e-01	8.02e-01	6.33e-05	3.48e-06	0.00e+00	0.00e+00	0.00e+00	0.00e+00	0.00e+00	0.00e+00
 5.80859e+22	3.01e-03	2.01e-01	7.96e-01	6.02e-05	3.31e-06	0.00e+00	0.00e+00	0.00e+00	0.00e+00	0.00e+00	0.00e+00
 5.81280e+22	3.30e-03	2.07e-01	7.89e-01	5.71e-05	3.15e-06	0.00e+00	0.00e+00	0.00e+00	0.00e+00	0.00e+00	0.00e+00
 5.81754e+22	3.67e-03	2.15e-01	7.81e-01	5.37e-05	2.96e-06	0.00e+00	0.00e+00	0.00e+00	0.00e+00	0.00e+00	0.00e+00
 5.82241e+22	4.09e-03	2.23e-01	7.72e-01	5.04e-05	2.78e-06	0.00e+00	0.00e+00	0.00e+00	0.00e+00	0.00e+00	0.00e+00
 5.82706e+22	4.55e-03	2.32e-01	7.64e-01	4.75e-05	2.62e-06	0.00e+00	0.00e+00	0.00e+00	0.00e+00	0.00e+00	0.00e+00
 5.83163e+22	5.07e-03	2.40e-01	7.55e-01	4.48e-05	2.47e-06	0.00e+00	0.00e+00	0.00e+00	0.00e+00	0.00e+00	0.00e+00
 5.83645e+22	5.69e-03	2.50e-01	7.44e-01	4.22e-05	2.32e-06	0.00e+00	0.00e+00	0.00e+00	0.00e+00	0.00e+00	0.00e+00
 5.84160e+22	6.44e-03	2.61e-01	7.33e-01	3.96e-05	2.18e-06	0.00e+00	0.00e+00	0.00e+00	0.00e+00	0.00e+00	0.00e+00
 5.84669e+22	7.31e-03	2.72e-01	7.21e-01	3.71e-05	2.04e-06	0.00e+00	0.00e+00	0.00e+00	0.00e+00	0.00e+00	0.00e+00
 5.85130e+22	8.25e-03	2.82e-01	7.09e-01	3.50e-05	1.92e-06	0.00e+00	0.00e+00	0.00e+00	0.00e+00	0.00e+00	0.00e+00
 5.85541e+22	9.23e-03	2.93e-01	6.98e-01	3.33e-05	1.82e-06	0.00e+00	0.00e+00	0.00e+00	0.00e+00	0.00e+00	0.00e+00
 5.85864e+22	1.01e-02	3.01e-01	6.89e-01	3.21e-05	1.75e-06	0.00e+00	0.00e+00	0.00e+00	0.00e+00	0.00e+00	0.00e+00
 5.86089e+22	1.08e-02	3.07e-01	6.82e-01	3.13e-05	1.71e-06	0.00e+00	0.00e+00	0.00e+00	0.00e+00	0.00e+00	0.00e+00
 5.86315e+22	1.15e-02	3.15e-01	6.74e-01	3.05e-05	1.66e-06	0.00e+00	0.00e+00	0.00e+00	0.00e+00	0.00e+00	0.00e+00
 5.86607e+22	1.26e-02	3.24e-01	6.64e-01	2.95e-05	1.61e-06	0.00e+00	0.00e+00	0.00e+00	0.00e+00	0.00e+00	0.00e+00
 5.86923e+22	1.37e-02	3.32e-01	6.54e-01	2.84e-05	1.54e-06	0.00e+00	0.00e+00	0.00e+00	0.00e+00	0.00e+00	0.00e+00
 5.87186e+22	1.47e-02	3.39e-01	6.46e-01	2.75e-05	1.49e-06	0.00e+00	0.00e+00	0.00e+00	0.00e+00	0.00e+00	0.00e+00
 5.87400e+22	1.58e-02	3.47e-01	6.37e-01	2.69e-05	1.45e-06	0.00e+00	0.00e+00	0.00e+00	0.00e+00	0.00e+00	0.00e+00
 5.87618e+22	1.68e-02	3.54e-01	6.29e-01	2.62e-05	1.42e-06	0.00e+00	0.00e+00	0.00e+00	0.00e+00	0.00e+00	0.00e+00
 5.87884e+22	1.82e-02	3.63e-01	6.19e-01	2.54e-05	1.37e-06	0.00e+00	0.00e+00	0.00e+00	0.00e+00	0.00e+00	0.00e+00
 5.88175e+22	1.97e-02	3.72e-01	6.09e-01	2.46e-05	1.32e-06	0.00e+00	0.00e+00	0.00e+00	0.00e+00	0.00e+00	0.00e+00
 5.88426e+22	2.11e-02	3.79e-01	6.00e-01	2.39e-05	1.28e-06	0.00e+00	0.00e+00	0.00e+00	0.00e+00	0.00e+00	0.00e+00
 5.88632e+22	2.25e-02	3.86e-01	5.91e-01	2.34e-05	1.25e-06	0.00e+00	0.00e+00	0.00e+00	0.00e+00	0.00e+00	0.00e+00
 5.88850e+22	2.41e-02	3.95e-01	5.81e-01	2.28e-05	1.22e-06	0.00e+00	0.00e+00	0.00e+00	0.00e+00	0.00e+00	0.00e+00
 5.89112e+22	2.60e-02	4.04e-01	5.70e-01	2.22e-05	1.18e-06	0.00e+00	0.00e+00	0.00e+00	0.00e+00	0.00e+00	0.00e+00
 5.89379e+22	2.80e-02	4.12e-01	5.60e-01	2.15e-05	1.14e-06	0.00e+00	0.00e+00	0.00e+00	0.00e+00	0.00e+00	0.00e+00
 5.89608e+22	2.99e-02	4.19e-01	5.51e-01	2.10e-05	1.11e-06	0.00e+00	0.00e+00	0.00e+00	0.00e+00	0.00e+00	0.00e+00
 5.89811e+22	3.19e-02	4.27e-01	5.41e-01	2.06e-05	1.08e-06	0.00e+00	0.00e+00	0.00e+00	0.00e+00	0.00e+00	0.00e+00
 5.90038e+22	3.42e-02	4.35e-01	5.30e-01	2.01e-05	1.05e-06	0.00e+00	0.00e+00	0.00e+00	0.00e+00	0.00e+00	0.00e+00
 5.90298e+22	3.69e-02	4.44e-01	5.19e-01	1.95e-05	1.01e-06	0.00e+00	0.00e+00	0.00e+00	0.00e+00	0.00e+00	0.00e+00
 5.90546e+22	3.95e-02	4.52e-01	5.09e-01	1.90e-05	9.83e-07	0.00e+00	0.00e+00	0.00e+00	0.00e+00	0.00e+00	0.00e+00
 5.90756e+22	4.20e-02	4.59e-01	4.99e-01	1.86e-05	0.00e+00	0.00e+00	0.00e+00	0.00e+00	0.00e+00	0.00e+00	0.00e+00
 5.90962e+22	4.48e-02	4.66e-01	4.89e-01	1.82e-05	0.00e+00	0.00e+00	0.00e+00	0.00e+00	0.00e+00	0.00e+00	0.00e+00
 5.91202e+22	4.81e-02	4.75e-01	4.77e-01	1.78e-05	0.00e+00	0.00e+00	0.00e+00	0.00e+00	0.00e+00	0.00e+00	0.00e+00
 5.91462e+22	5.15e-02	4.82e-01	4.66e-01	1.73e-05	0.00e+00	0.00e+00	0.00e+00	0.00e+00	0.00e+00	0.00e+00	0.00e+00
 5.91696e+22	5.49e-02	4.89e-01	4.56e-01	1.70e-05	0.00e+00	0.00e+00	0.00e+00	0.00e+00	0.00e+00	0.00e+00	0.00e+00
 5.91902e+22	5.82e-02	4.96e-01	4.46e-01	1.66e-05	0.00e+00	0.00e+00	0.00e+00	0.00e+00	0.00e+00	0.00e+00	0.00e+00
 5.92116e+22	6.20e-02	5.03e-01	4.35e-01	1.63e-05	0.00e+00	0.00e+00	0.00e+00	0.00e+00	0.00e+00	0.00e+00	0.00e+00
 5.92358e+22	6.63e-02	5.10e-01	4.24e-01	1.59e-05	0.00e+00	0.00e+00	0.00e+00	0.00e+00	0.00e+00	0.00e+00	0.00e+00
 5.92603e+22	7.03e-02	5.15e-01	4.14e-01	1.56e-05	0.00e+00	0.00e+00	0.00e+00	0.00e+00	0.00e+00	0.00e+00	0.00e+00
 5.92821e+22	7.44e-02	5.21e-01	4.05e-01	1.53e-05	0.00e+00	0.00e+00	0.00e+00	0.00e+00	0.00e+00	0.00e+00	0.00e+00
 5.93022e+22	7.86e-02	5.26e-01	3.95e-01	1.51e-05	0.00e+00	0.00e+00	0.00e+00	0.00e+00	0.00e+00	0.00e+00	0.00e+00
 5.93242e+22	8.34e-02	5.32e-01	3.85e-01	1.48e-05	0.00e+00	0.00e+00	0.00e+00	0.00e+00	0.00e+00	0.00e+00	0.00e+00
 5.93485e+22	8.82e-02	5.37e-01	3.75e-01	1.45e-05	0.00e+00	0.00e+00	0.00e+00	0.00e+00	0.00e+00	0.00e+00	0.00e+00
 5.93718e+22	9.28e-02	5.41e-01	3.66e-01	1.42e-05	0.00e+00	0.00e+00	0.00e+00	0.00e+00	0.00e+00	0.00e+00	0.00e+00
 5.93927e+22	9.74e-02	5.45e-01	3.58e-01	1.40e-05	0.00e+00	0.00e+00	0.00e+00	0.00e+00	0.00e+00	0.00e+00	0.00e+00
 5.94135e+22	1.02e-01	5.49e-01	3.49e-01	1.38e-05	0.00e+00	0.00e+00	0.00e+00	0.00e+00	0.00e+00	0.00e+00	0.00e+00
 5.94367e+22	1.08e-01	5.52e-01	3.40e-01	1.36e-05	0.00e+00	0.00e+00	0.00e+00	0.00e+00	0.00e+00	0.00e+00	0.00e+00
 5.94612e+22	1.13e-01	5.55e-01	3.32e-01	1.34e-05	0.00e+00	0.00e+00	0.00e+00	0.00e+00	0.00e+00	0.00e+00	0.00e+00
 5.94843e+22	1.18e-01	5.58e-01	3.24e-01	1.31e-05	0.00e+00	0.00e+00	0.00e+00	0.00e+00	0.00e+00	0.00e+00	0.00e+00
 5.95063e+22	1.23e-01	5.61e-01	3.16e-01	1.28e-05	0.00e+00	0.00e+00	0.00e+00	0.00e+00	0.00e+00	0.00e+00	0.00e+00
 5.95289e+22	1.29e-01	5.63e-01	3.08e-01	1.24e-05	0.00e+00	0.00e+00	0.00e+00	0.00e+00	0.00e+00	0.00e+00	0.00e+00
 5.95522e+22	1.34e-01	5.65e-01	3.01e-01	1.21e-05	0.00e+00	0.00e+00	0.00e+00	0.00e+00	0.00e+00	0.00e+00	0.00e+00
 5.95757e+22	1.39e-01	5.66e-01	2.94e-01	1.18e-05	0.00e+00	0.00e+00	0.00e+00	0.00e+00	0.00e+00	0.00e+00	0.00e+00
 5.95992e+22	1.44e-01	5.68e-01	2.88e-01	1.16e-05	0.00e+00	0.00e+00	0.00e+00	0.00e+00	0.00e+00	0.00e+00	0.00e+00
 5.96224e+22	1.50e-01	5.69e-01	2.82e-01	1.13e-05	0.00e+00	0.00e+00	0.00e+00	0.00e+00	0.00e+00	0.00e+00	0.00e+00
 5.96456e+22	1.55e-01	5.70e-01	2.75e-01	1.10e-05	0.00e+00	0.00e+00	0.00e+00	0.00e+00	0.00e+00	0.00e+00	0.00e+00
 5.96689e+22	1.60e-01	5.71e-01	2.70e-01	1.08e-05	0.00e+00	0.00e+00	0.00e+00	0.00e+00	0.00e+00	0.00e+00	0.00e+00
 5.96924e+22	1.64e-01	5.71e-01	2.64e-01	1.06e-05	0.00e+00	0.00e+00	0.00e+00	0.00e+00	0.00e+00	0.00e+00	0.00e+00
 5.97163e+22	1.69e-01	5.72e-01	2.59e-01	1.04e-05	0.00e+00	0.00e+00	0.00e+00	0.00e+00	0.00e+00	0.00e+00	0.00e+00
 5.97408e+22	1.74e-01	5.72e-01	2.54e-01	1.02e-05	0.00e+00	0.00e+00	0.00e+00	0.00e+00	0.00e+00	0.00e+00	0.00e+00
 5.97658e+22	1.79e-01	5.72e-01	2.49e-01	9.97e-06	0.00e+00	0.00e+00	0.00e+00	0.00e+00	0.00e+00	0.00e+00	0.00e+00
 5.97915e+22	1.83e-01	5.72e-01	2.44e-01	9.78e-06	0.00e+00	0.00e+00	0.00e+00	0.00e+00	0.00e+00	0.00e+00	0.00e+00
 5.98180e+22	1.88e-01	5.72e-01	2.40e-01	9.59e-06	0.00e+00	0.00e+00	0.00e+00	0.00e+00	0.00e+00	0.00e+00	0.00e+00
 5.98446e+22	1.92e-01	5.72e-01	2.36e-01	9.42e-06	0.00e+00	0.00e+00	0.00e+00	0.00e+00	0.00e+00	0.00e+00	0.00e+00
 5.98724e+22	1.97e-01	5.72e-01	2.31e-01	9.25e-06	0.00e+00	0.00e+00	0.00e+00	0.00e+00	0.00e+00	0.00e+00	0.00e+00
 5.99026e+22	2.01e-01	5.72e-01	2.28e-01	9.09e-06	0.00e+00	0.00e+00	0.00e+00	0.00e+00	0.00e+00	0.00e+00	0.00e+00
 5.99347e+22	2.06e-01	5.71e-01	2.23e-01	8.91e-06	0.00e+00	0.00e+00	0.00e+00	0.00e+00	0.00e+00	0.00e+00	0.00e+00
 5.99669e+22	2.09e-01	5.71e-01	2.20e-01	8.78e-06	0.00e+00	0.00e+00	0.00e+00	0.00e+00	0.00e+00	0.00e+00	0.00e+00
 5.99961e+22	2.13e-01	5.70e-01	2.16e-01	8.64e-06	0.00e+00	0.00e+00	0.00e+00	0.00e+00	0.00e+00	0.00e+00	0.00e+00
 6.00227e+22	2.16e-01	5.70e-01	2.14e-01	8.53e-06	0.00e+00	0.00e+00	0.00e+00	0.00e+00	0.00e+00	0.00e+00	0.00e+00
 6.00519e+22	2.20e-01	5.69e-01	2.10e-01	8.39e-06	0.00e+00	0.00e+00	0.00e+00	0.00e+00	0.00e+00	0.00e+00	0.00e+00
 6.00833e+22	2.23e-01	5.69e-01	2.08e-01	8.29e-06	0.00e+00	0.00e+00	0.00e+00	0.00e+00	0.00e+00	0.00e+00	0.00e+00
 6.01120e+22	2.25e-01	5.69e-01	2.06e-01	8.21e-06	0.00e+00	0.00e+00	0.00e+00	0.00e+00	0.00e+00	0.00e+00	0.00e+00
 6.01434e+22	2.29e-01	5.68e-01	2.03e-01	8.09e-06	0.00e+00	0.00e+00	0.00e+00	0.00e+00	0.00e+00	0.00e+00	0.00e+00
 6.01842e+22	2.32e-01	5.68e-01	2.01e-01	7.99e-06	0.00e+00	0.00e+00	0.00e+00	0.00e+00	0.00e+00	0.00e+00	0.00e+00
 6.02282e+22	2.34e-01	5.67e-01	1.99e-01	7.90e-06	0.00e+00	0.00e+00	0.00e+00	0.00e+00	0.00e+00	0.00e+00	0.00e+00
 6.02683e+22	2.36e-01	5.67e-01	1.97e-01	7.81e-06	0.00e+00	0.00e+00	0.00e+00	0.00e+00	0.00e+00	0.00e+00	0.00e+00
 6.03122e+22	2.39e-01	5.66e-01	1.95e-01	7.71e-06	0.00e+00	0.00e+00	0.00e+00	0.00e+00	0.00e+00	0.00e+00	0.00e+00
 6.03693e+22	2.42e-01	5.65e-01	1.92e-01	7.60e-06	0.00e+00	0.00e+00	0.00e+00	0.00e+00	0.00e+00	0.00e+00	0.00e+00
 6.04369e+22	2.45e-01	5.65e-01	1.90e-01	7.49e-06	0.00e+00	0.00e+00	0.00e+00	0.00e+00	0.00e+00	0.00e+00	0.00e+00
 6.05043e+22	2.47e-01	5.64e-01	1.89e-01	7.40e-06	0.00e+00	0.00e+00	0.00e+00	0.00e+00	0.00e+00	0.00e+00	0.00e+00
 6.05781e+22	2.50e-01	5.64e-01	1.86e-01	7.29e-06	0.00e+00	0.00e+00	0.00e+00	0.00e+00	0.00e+00	0.00e+00	0.00e+00
 6.06741e+22	2.54e-01	5.63e-01	1.83e-01	7.14e-06	0.00e+00	0.00e+00	0.00e+00	0.00e+00	0.00e+00	0.00e+00	0.00e+00
 6.07778e+22	2.57e-01	5.62e-01	1.81e-01	7.03e-06	0.00e+00	0.00e+00	0.00e+00	0.00e+00	0.00e+00	0.00e+00	0.00e+00
 6.08913e+22	2.61e-01	5.61e-01	1.78e-01	6.87e-06	0.00e+00	0.00e+00	0.00e+00	0.00e+00	0.00e+00	0.00e+00	0.00e+00
 6.10139e+22	2.64e-01	5.60e-01	1.76e-01	6.75e-06	0.00e+00	0.00e+00	0.00e+00	0.00e+00	0.00e+00	0.00e+00	0.00e+00
 6.11483e+22	2.68e-01	5.59e-01	1.73e-01	6.59e-06	0.00e+00	0.00e+00	0.00e+00	0.00e+00	0.00e+00	0.00e+00	0.00e+00
 6.12933e+22	2.72e-01	5.58e-01	1.70e-01	6.45e-06	0.00e+00	0.00e+00	0.00e+00	0.00e+00	0.00e+00	0.00e+00	0.00e+00
 6.14523e+22	2.77e-01	5.56e-01	1.67e-01	6.28e-06	0.00e+00	0.00e+00	0.00e+00	0.00e+00	0.00e+00	0.00e+00	0.00e+00
 6.16239e+22	2.81e-01	5.55e-01	1.64e-01	6.13e-06	0.00e+00	0.00e+00	0.00e+00	0.00e+00	0.00e+00	0.00e+00	0.00e+00
 6.18119e+22	2.87e-01	5.53e-01	1.60e-01	5.94e-06	0.00e+00	0.00e+00	0.00e+00	0.00e+00	0.00e+00	0.00e+00	0.00e+00
 6.20149e+22	2.92e-01	5.51e-01	1.57e-01	5.77e-06	0.00e+00	0.00e+00	0.00e+00	0.00e+00	0.00e+00	0.00e+00	0.00e+00
 6.21996e+22	2.96e-01	5.50e-01	1.54e-01	5.63e-06	0.00e+00	0.00e+00	0.00e+00	0.00e+00	0.00e+00	0.00e+00	0.00e+00
 6.24020e+22	3.02e-01	5.48e-01	1.50e-01	5.44e-06	0.00e+00	0.00e+00	0.00e+00	0.00e+00	0.00e+00	0.00e+00	0.00e+00
 6.26205e+22	3.08e-01	5.45e-01	1.47e-01	5.27e-06	0.00e+00	0.00e+00	0.00e+00	0.00e+00	0.00e+00	0.00e+00	0.00e+00
 6.28194e+22	3.13e-01	5.43e-01	1.44e-01	5.13e-06	0.00e+00	0.00e+00	0.00e+00	0.00e+00	0.00e+00	0.00e+00	0.00e+00
 6.30003e+22	3.17e-01	5.42e-01	1.41e-01	5.01e-06	0.00e+00	0.00e+00	0.00e+00	0.00e+00	0.00e+00	0.00e+00	0.00e+00
 6.31986e+22	3.23e-01	5.39e-01	1.38e-01	4.85e-06	0.00e+00	0.00e+00	0.00e+00	0.00e+00	0.00e+00	0.00e+00	0.00e+00
 6.34127e+22	3.29e-01	5.37e-01	1.35e-01	4.70e-06	0.00e+00	0.00e+00	0.00e+00	0.00e+00	0.00e+00	0.00e+00	0.00e+00
 6.36075e+22	3.34e-01	5.34e-01	1.32e-01	4.58e-06	0.00e+00	0.00e+00	0.00e+00	0.00e+00	0.00e+00	0.00e+00	0.00e+00
 6.37848e+22	3.38e-01	5.32e-01	1.30e-01	4.47e-06	0.00e+00	0.00e+00	0.00e+00	0.00e+00	0.00e+00	0.00e+00	0.00e+00
 6.39790e+22	3.45e-01	5.29e-01	1.26e-01	4.32e-06	0.00e+00	0.00e+00	0.00e+00	0.00e+00	0.00e+00	0.00e+00	0.00e+00
 6.41887e+22	3.50e-01	5.26e-01	1.23e-01	4.20e-06	0.00e+00	0.00e+00	0.00e+00	0.00e+00	0.00e+00	0.00e+00	0.00e+00
 6.43796e+22	3.55e-01	5.24e-01	1.21e-01	4.09e-06	0.00e+00	0.00e+00	0.00e+00	0.00e+00	0.00e+00	0.00e+00	0.00e+00
 6.45887e+22	3.62e-01	5.21e-01	1.17e-01	3.96e-06	0.00e+00	0.00e+00	0.00e+00	0.00e+00	0.00e+00	0.00e+00	0.00e+00
 6.48144e+22	3.68e-01	5.18e-01	1.14e-01	3.84e-06	0.00e+00	0.00e+00	0.00e+00	0.00e+00	0.00e+00	0.00e+00	0.00e+00
 6.50199e+22	3.73e-01	5.15e-01	1.12e-01	3.74e-06	0.00e+00	0.00e+00	0.00e+00	0.00e+00	0.00e+00	0.00e+00	0.00e+00
 6.52450e+22	3.80e-01	5.11e-01	1.09e-01	3.61e-06	0.00e+00	0.00e+00	0.00e+00	0.00e+00	0.00e+00	0.00e+00	0.00e+00
 6.54880e+22	3.86e-01	5.08e-01	1.06e-01	3.49e-06	0.00e+00	0.00e+00	0.00e+00	0.00e+00	0.00e+00	0.00e+00	0.00e+00
 6.57092e+22	3.92e-01	5.05e-01	1.04e-01	3.39e-06	0.00e+00	0.00e+00	0.00e+00	0.00e+00	0.00e+00	0.00e+00	0.00e+00
 6.59105e+22	3.96e-01	5.02e-01	1.02e-01	3.31e-06	0.00e+00	0.00e+00	0.00e+00	0.00e+00	0.00e+00	0.00e+00	0.00e+00
 6.61310e+22	4.04e-01	4.98e-01	9.85e-02	3.20e-06	0.00e+00	0.00e+00	0.00e+00	0.00e+00	0.00e+00	0.00e+00	0.00e+00
 6.63691e+22	4.09e-01	4.94e-01	9.62e-02	3.11e-06	0.00e+00	0.00e+00	0.00e+00	0.00e+00	0.00e+00	0.00e+00	0.00e+00
 6.65858e+22	4.14e-01	4.92e-01	9.42e-02	3.03e-06	0.00e+00	0.00e+00	0.00e+00	0.00e+00	0.00e+00	0.00e+00	0.00e+00
 6.68232e+22	4.21e-01	4.87e-01	9.14e-02	2.92e-06	0.00e+00	0.00e+00	0.00e+00	0.00e+00	0.00e+00	0.00e+00	0.00e+00
 6.70795e+22	4.27e-01	4.84e-01	8.91e-02	2.83e-06	0.00e+00	0.00e+00	0.00e+00	0.00e+00	0.00e+00	0.00e+00	0.00e+00
 6.73127e+22	4.32e-01	4.81e-01	8.73e-02	2.76e-06	0.00e+00	0.00e+00	0.00e+00	0.00e+00	0.00e+00	0.00e+00	0.00e+00
 6.75683e+22	4.39e-01	4.76e-01	8.49e-02	2.67e-06	0.00e+00	0.00e+00	0.00e+00	0.00e+00	0.00e+00	0.00e+00	0.00e+00
 6.78443e+22	4.44e-01	4.73e-01	8.28e-02	2.59e-06	0.00e+00	0.00e+00	0.00e+00	0.00e+00	0.00e+00	0.00e+00	0.00e+00
 6.80953e+22	4.49e-01	4.70e-01	8.12e-02	2.53e-06	0.00e+00	0.00e+00	0.00e+00	0.00e+00	0.00e+00	0.00e+00	0.00e+00
 6.83705e+22	4.56e-01	4.65e-01	7.87e-02	2.44e-06	0.00e+00	0.00e+00	0.00e+00	0.00e+00	0.00e+00	0.00e+00	0.00e+00
 6.86675e+22	4.62e-01	4.61e-01	7.68e-02	2.36e-06	0.00e+00	0.00e+00	0.00e+00	0.00e+00	0.00e+00	0.00e+00	0.00e+00
 6.89379e+22	4.67e-01	4.58e-01	7.52e-02	2.30e-06	0.00e+00	0.00e+00	0.00e+00	0.00e+00	0.00e+00	0.00e+00	0.00e+00
 6.92341e+22	4.74e-01	4.53e-01	7.28e-02	2.22e-06	0.00e+00	0.00e+00	0.00e+00	0.00e+00	0.00e+00	0.00e+00	0.00e+00
 6.95538e+22	4.80e-01	4.49e-01	7.09e-02	2.14e-06	0.00e+00	0.00e+00	0.00e+00	0.00e+00	0.00e+00	0.00e+00	0.00e+00
 6.98448e+22	4.85e-01	4.46e-01	6.94e-02	2.09e-06	0.00e+00	0.00e+00	0.00e+00	0.00e+00	0.00e+00	0.00e+00	0.00e+00
 7.01637e+22	4.93e-01	4.40e-01	6.71e-02	2.01e-06	0.00e+00	0.00e+00	0.00e+00	0.00e+00	0.00e+00	0.00e+00	0.00e+00
 7.05080e+22	4.99e-01	4.36e-01	6.53e-02	1.94e-06	0.00e+00	0.00e+00	0.00e+00	0.00e+00	0.00e+00	0.00e+00	0.00e+00
 7.08212e+22	5.04e-01	4.32e-01	6.37e-02	1.88e-06	0.00e+00	0.00e+00	0.00e+00	0.00e+00	0.00e+00	0.00e+00	0.00e+00
 7.11063e+22	5.09e-01	4.29e-01	6.25e-02	1.84e-06	0.00e+00	0.00e+00	0.00e+00	0.00e+00	0.00e+00	0.00e+00	0.00e+00
 7.14187e+22	5.15e-01	4.24e-01	6.06e-02	1.78e-06	0.00e+00	0.00e+00	0.00e+00	0.00e+00	0.00e+00	0.00e+00	0.00e+00
 7.17559e+22	5.21e-01	4.20e-01	5.91e-02	1.72e-06	0.00e+00	0.00e+00	0.00e+00	0.00e+00	0.00e+00	0.00e+00	0.00e+00
 7.20628e+22	5.26e-01	4.17e-01	5.79e-02	1.68e-06	0.00e+00	0.00e+00	0.00e+00	0.00e+00	0.00e+00	0.00e+00	0.00e+00
 7.23991e+22	5.32e-01	4.11e-01	5.61e-02	1.62e-06	0.00e+00	0.00e+00	0.00e+00	0.00e+00	0.00e+00	0.00e+00	0.00e+00
 7.27622e+22	5.38e-01	4.07e-01	5.47e-02	1.57e-06	0.00e+00	0.00e+00	0.00e+00	0.00e+00	0.00e+00	0.00e+00	0.00e+00
 7.30925e+22	5.43e-01	4.04e-01	5.35e-02	1.53e-06	0.00e+00	0.00e+00	0.00e+00	0.00e+00	0.00e+00	0.00e+00	0.00e+00
 7.34546e+22	5.50e-01	3.98e-01	5.18e-02	1.47e-06	0.00e+00	0.00e+00	0.00e+00	0.00e+00	0.00e+00	0.00e+00	0.00e+00
 7.38454e+22	5.56e-01	3.94e-01	5.05e-02	1.42e-06	0.00e+00	0.00e+00	0.00e+00	0.00e+00	0.00e+00	0.00e+00	0.00e+00
 7.42011e+22	5.61e-01	3.90e-01	4.93e-02	1.38e-06	0.00e+00	0.00e+00	0.00e+00	0.00e+00	0.00e+00	0.00e+00	0.00e+00
 7.45908e+22	5.67e-01	3.85e-01	4.78e-02	1.33e-06	0.00e+00	0.00e+00	0.00e+00	0.00e+00	0.00e+00	0.00e+00	0.00e+00
 7.50115e+22	5.73e-01	3.80e-01	4.65e-02	1.29e-06	0.00e+00	0.00e+00	0.00e+00	0.00e+00	0.00e+00	0.00e+00	0.00e+00
 7.53944e+22	5.79e-01	3.76e-01	4.53e-02	1.25e-06	0.00e+00	0.00e+00	0.00e+00	0.00e+00	0.00e+00	0.00e+00	0.00e+00
 7.57428e+22	5.83e-01	3.73e-01	4.45e-02	1.22e-06	0.00e+00	0.00e+00	0.00e+00	0.00e+00	0.00e+00	0.00e+00	0.00e+00
 7.61246e+22	5.89e-01	3.68e-01	4.32e-02	1.18e-06	0.00e+00	0.00e+00	0.00e+00	0.00e+00	0.00e+00	0.00e+00	0.00e+00
 7.65368e+22	5.94e-01	3.64e-01	4.22e-02	1.14e-06	0.00e+00	0.00e+00	0.00e+00	0.00e+00	0.00e+00	0.00e+00	0.00e+00
 7.69885e+22	6.01e-01	3.58e-01	4.08e-02	1.10e-06	0.00e+00	0.00e+00	0.00e+00	0.00e+00	0.00e+00	0.00e+00	0.00e+00
 7.74761e+22	6.07e-01	3.54e-01	3.97e-02	1.06e-06	0.00e+00	0.00e+00	0.00e+00	0.00e+00	0.00e+00	0.00e+00	0.00e+00
 7.79198e+22	6.12e-01	3.49e-01	3.86e-02	1.03e-06	0.00e+00	0.00e+00	0.00e+00	0.00e+00	0.00e+00	0.00e+00	0.00e+00
 7.83236e+22	6.16e-01	3.46e-01	3.79e-02	1.00e-06	0.00e+00	0.00e+00	0.00e+00	0.00e+00	0.00e+00	0.00e+00	0.00e+00
 7.87661e+22	6.22e-01	3.41e-01	3.68e-02	9.70e-07	0.00e+00	0.00e+00	0.00e+00	0.00e+00	0.00e+00	0.00e+00	0.00e+00
 7.92438e+22	6.28e-01	3.36e-01	3.59e-02	0.00e+00	0.00e+00	0.00e+00	0.00e+00	0.00e+00	0.00e+00	0.00e+00	0.00e+00
 7.96784e+22	6.32e-01	3.33e-01	3.52e-02	0.00e+00	0.00e+00	0.00e+00	0.00e+00	0.00e+00	0.00e+00	0.00e+00	0.00e+00
 8.01548e+22	6.38e-01	3.28e-01	3.41e-02	0.00e+00	0.00e+00	0.00e+00	0.00e+00	0.00e+00	0.00e+00	0.00e+00	0.00e+00
 8.06690e+22	6.43e-01	3.24e-01	3.33e-02	0.00e+00	0.00e+00	0.00e+00	0.00e+00	0.00e+00	0.00e+00	0.00e+00	0.00e+00
 8.11370e+22	6.48e-01	3.20e-01	3.25e-02	0.00e+00	0.00e+00	0.00e+00	0.00e+00	0.00e+00	0.00e+00	0.00e+00	0.00e+00
 8.16498e+22	6.54e-01	3.15e-01	3.15e-02	0.00e+00	0.00e+00	0.00e+00	0.00e+00	0.00e+00	0.00e+00	0.00e+00	0.00e+00
 8.22034e+22	6.59e-01	3.10e-01	3.08e-02	0.00e+00	0.00e+00	0.00e+00	0.00e+00	0.00e+00	0.00e+00	0.00e+00	0.00e+00
 8.27071e+22	6.63e-01	3.07e-01	3.01e-02	0.00e+00	0.00e+00	0.00e+00	0.00e+00	0.00e+00	0.00e+00	0.00e+00	0.00e+00
 8.32592e+22	6.69e-01	3.01e-01	2.92e-02	0.00e+00	0.00e+00	0.00e+00	0.00e+00	0.00e+00	0.00e+00	0.00e+00	0.00e+00
 8.38551e+22	6.74e-01	2.97e-01	2.85e-02	0.00e+00	0.00e+00	0.00e+00	0.00e+00	0.00e+00	0.00e+00	0.00e+00	0.00e+00
 8.43974e+22	6.79e-01	2.93e-01	2.78e-02	0.00e+00	0.00e+00	0.00e+00	0.00e+00	0.00e+00	0.00e+00	0.00e+00	0.00e+00
 8.49917e+22	6.85e-01	2.88e-01	2.70e-02	0.00e+00	0.00e+00	0.00e+00	0.00e+00	0.00e+00	0.00e+00	0.00e+00	0.00e+00
 8.56333e+22	6.90e-01	2.84e-01	2.63e-02	0.00e+00	0.00e+00	0.00e+00	0.00e+00	0.00e+00	0.00e+00	0.00e+00	0.00e+00
 8.62171e+22	6.94e-01	2.80e-01	2.57e-02	0.00e+00	0.00e+00	0.00e+00	0.00e+00	0.00e+00	0.00e+00	0.00e+00	0.00e+00
 8.68569e+22	7.00e-01	2.75e-01	2.50e-02	0.00e+00	0.00e+00	0.00e+00	0.00e+00	0.00e+00	0.00e+00	0.00e+00	0.00e+00
 8.75476e+22	7.05e-01	2.71e-01	2.44e-02	0.00e+00	0.00e+00	0.00e+00	0.00e+00	0.00e+00	0.00e+00	0.00e+00	0.00e+00
 8.81761e+22	7.09e-01	2.67e-01	2.38e-02	0.00e+00	0.00e+00	0.00e+00	0.00e+00	0.00e+00	0.00e+00	0.00e+00	0.00e+00
 8.88648e+22	7.15e-01	2.62e-01	2.31e-02	0.00e+00	0.00e+00	0.00e+00	0.00e+00	0.00e+00	0.00e+00	0.00e+00	0.00e+00
 8.96083e+22	7.20e-01	2.58e-01	2.25e-02	0.00e+00	0.00e+00	0.00e+00	0.00e+00	0.00e+00	0.00e+00	0.00e+00	0.00e+00
 9.02849e+22	7.24e-01	2.54e-01	2.20e-02	0.00e+00	0.00e+00	0.00e+00	0.00e+00	0.00e+00	0.00e+00	0.00e+00	0.00e+00
