#depth	He	He+	He+2
 6.18079e+18	1.34e-07	4.08e-03	9.96e-01
 3.70847e+19	1.40e-07	4.18e-03	9.96e-01
 1.24758e+20	1.61e-07	4.46e-03	9.96e-01
 2.53175e+20	1.94e-07	4.88e-03	9.95e-01
 3.51977e+20	2.22e-07	5.19e-03	9.95e-01
 4.09789e+20	2.39e-07	5.38e-03	9.95e-01
 4.66086e+20	2.57e-07	5.58e-03	9.94e-01
 5.39272e+20	2.83e-07	5.84e-03	9.94e-01
 6.34413e+20	3.19e-07	6.19e-03	9.94e-01
 7.38122e+20	3.61e-07	6.58e-03	9.93e-01
 8.30897e+20	4.02e-07	6.93e-03	9.93e-01
 9.29434e+20	4.50e-07	7.32e-03	9.93e-01
 1.05753e+21	5.19e-07	7.85e-03	9.92e-01
 1.18868e+21	5.96e-07	8.40e-03	9.92e-01
 1.29483e+21	6.65e-07	8.86e-03	9.91e-01
 1.40385e+21	7.44e-07	9.36e-03	9.91e-01
 1.52059e+21	8.35e-07	9.90e-03	9.90e-01
 1.62138e+21	9.19e-07	1.04e-02	9.90e-01
 1.72645e+21	1.02e-06	1.09e-02	9.89e-01
 1.86304e+21	1.15e-06	1.16e-02	9.88e-01
 2.00090e+21	1.30e-06	1.23e-02	9.88e-01
 2.11084e+21	1.43e-06	1.29e-02	9.87e-01
 2.22422e+21	1.58e-06	1.35e-02	9.86e-01
 2.37162e+21	1.79e-06	1.44e-02	9.86e-01
 2.52414e+21	2.02e-06	1.53e-02	9.85e-01
 2.65234e+21	2.23e-06	1.60e-02	9.84e-01
 2.78802e+21	2.48e-06	1.69e-02	9.83e-01
 2.96440e+21	2.83e-06	1.81e-02	9.82e-01
 3.14367e+21	3.22e-06	1.93e-02	9.81e-01
 3.29206e+21	3.57e-06	2.04e-02	9.80e-01
 3.45034e+21	4.00e-06	2.16e-02	9.78e-01
 3.62702e+21	4.51e-06	2.30e-02	9.77e-01
 3.80132e+21	5.06e-06	2.44e-02	9.76e-01
 3.97531e+21	5.65e-06	2.59e-02	9.74e-01
 4.14585e+21	6.30e-06	2.74e-02	9.73e-01
 4.31276e+21	6.97e-06	2.89e-02	9.71e-01
 4.50430e+21	7.87e-06	3.09e-02	9.69e-01
 4.71948e+21	8.95e-06	3.32e-02	9.67e-01
 4.92298e+21	1.00e-05	3.54e-02	9.65e-01
 5.11555e+21	1.12e-05	3.77e-02	9.62e-01
 5.30721e+21	1.25e-05	4.02e-02	9.60e-01
 5.52723e+21	1.41e-05	4.33e-02	9.57e-01
 5.77316e+21	1.62e-05	4.69e-02	9.53e-01
 6.00324e+21	1.83e-05	5.06e-02	9.49e-01
 6.21847e+21	2.05e-05	5.45e-02	9.46e-01
 6.46389e+21	2.34e-05	5.94e-02	9.41e-01
 6.73243e+21	2.71e-05	6.53e-02	9.35e-01
 6.97529e+21	3.07e-05	7.13e-02	9.29e-01
 7.20011e+21	3.47e-05	7.76e-02	9.22e-01
 7.45723e+21	4.01e-05	8.58e-02	9.14e-01
 7.73727e+21	4.69e-05	9.61e-02	9.04e-01
 7.98762e+21	5.42e-05	1.07e-01	8.93e-01
 8.21547e+21	6.20e-05	1.18e-01	8.82e-01
 8.47353e+21	7.30e-05	1.33e-01	8.66e-01
 8.73668e+21	8.62e-05	1.52e-01	8.48e-01
 8.94995e+21	9.93e-05	1.70e-01	8.30e-01
 9.12641e+21	1.12e-04	1.87e-01	8.13e-01
 9.31152e+21	1.28e-04	2.08e-01	7.92e-01
 9.50978e+21	1.47e-04	2.33e-01	7.67e-01
 9.69225e+21	1.71e-04	2.60e-01	7.40e-01
 9.85231e+21	1.92e-04	2.87e-01	7.13e-01
 1.00161e+22	2.21e-04	3.18e-01	6.82e-01
 1.01871e+22	2.52e-04	3.53e-01	6.47e-01
 1.03395e+22	2.84e-04	3.88e-01	6.12e-01
 1.05094e+22	3.25e-04	4.29e-01	5.71e-01
 1.06925e+22	3.73e-04	4.77e-01	5.23e-01
 1.08552e+22	4.21e-04	5.20e-01	4.79e-01
 1.10289e+22	4.77e-04	5.68e-01	4.32e-01
 1.12185e+22	5.40e-04	6.18e-01	3.82e-01
 1.13901e+22	6.00e-04	6.61e-01	3.39e-01
 1.15234e+22	6.47e-04	6.91e-01	3.08e-01
 1.16453e+22	6.92e-04	7.18e-01	2.81e-01
 1.18039e+22	7.50e-04	7.51e-01	2.49e-01
 1.20100e+22	8.27e-04	7.87e-01	2.12e-01
 1.22300e+22	9.06e-04	8.20e-01	1.79e-01
 1.24280e+22	9.78e-04	8.45e-01	1.54e-01
 1.26303e+22	1.05e-03	8.66e-01	1.33e-01
 1.28617e+22	1.13e-03	8.86e-01	1.12e-01
 1.31150e+22	1.22e-03	9.04e-01	9.44e-02
 1.33778e+22	1.31e-03	9.19e-01	7.95e-02
 1.36536e+22	1.41e-03	9.32e-01	6.69e-02
 1.39554e+22	1.51e-03	9.43e-01	5.59e-02
 1.42945e+22	1.63e-03	9.52e-01	4.63e-02
 1.46821e+22	1.76e-03	9.60e-01	3.79e-02
 1.50864e+22	1.91e-03	9.67e-01	3.13e-02
 1.54773e+22	2.05e-03	9.72e-01	2.63e-02
 1.59240e+22	2.22e-03	9.76e-01	2.19e-02
 1.63959e+22	2.41e-03	9.79e-01	1.83e-02
 1.67547e+22	2.56e-03	9.81e-01	1.62e-02
 1.70099e+22	2.67e-03	9.82e-01	1.49e-02
 1.72761e+22	2.79e-03	9.84e-01	1.37e-02
 1.76223e+22	2.96e-03	9.85e-01	1.22e-02
 1.79779e+22	3.14e-03	9.86e-01	1.11e-02
 1.82563e+22	3.30e-03	9.86e-01	1.03e-02
 1.84801e+22	3.43e-03	9.87e-01	9.69e-03
 1.87228e+22	3.58e-03	9.87e-01	9.10e-03
 1.89932e+22	3.76e-03	9.88e-01	8.50e-03
 1.92333e+22	3.94e-03	9.88e-01	8.04e-03
 1.94305e+22	4.09e-03	9.88e-01	7.70e-03
 1.96112e+22	4.25e-03	9.88e-01	7.39e-03
 1.98189e+22	4.44e-03	9.89e-01	7.06e-03
 2.00389e+22	4.66e-03	9.89e-01	6.74e-03
 2.02190e+22	4.85e-03	9.89e-01	6.51e-03
 2.03643e+22	5.03e-03	9.89e-01	6.32e-03
 2.05204e+22	5.23e-03	9.89e-01	6.13e-03
 2.06939e+22	5.46e-03	9.89e-01	5.92e-03
 2.08479e+22	5.69e-03	9.89e-01	5.76e-03
 2.09757e+22	5.91e-03	9.88e-01	5.63e-03
 2.11116e+22	6.15e-03	9.88e-01	5.48e-03
 2.12603e+22	6.44e-03	9.88e-01	5.34e-03
 2.13891e+22	6.74e-03	9.88e-01	5.22e-03
 2.14957e+22	7.00e-03	9.88e-01	5.13e-03
 2.16101e+22	7.29e-03	9.88e-01	5.03e-03
 2.17371e+22	7.65e-03	9.87e-01	4.91e-03
 2.18504e+22	8.02e-03	9.87e-01	4.82e-03
 2.19457e+22	8.35e-03	9.87e-01	4.75e-03
 2.20481e+22	8.73e-03	9.87e-01	4.66e-03
 2.21620e+22	9.21e-03	9.86e-01	4.58e-03
 2.22638e+22	9.72e-03	9.86e-01	4.50e-03
 2.23503e+22	1.02e-02	9.85e-01	4.43e-03
 2.24441e+22	1.07e-02	9.85e-01	4.36e-03
 2.25499e+22	1.14e-02	9.84e-01	4.29e-03
 2.26471e+22	1.22e-02	9.84e-01	4.22e-03
 2.27262e+22	1.29e-02	9.83e-01	4.17e-03
 2.27950e+22	1.36e-02	9.82e-01	4.13e-03
 2.28737e+22	1.45e-02	9.81e-01	4.07e-03
 2.29760e+22	1.58e-02	9.80e-01	4.00e-03
 2.30760e+22	1.74e-02	9.79e-01	3.94e-03
 2.31453e+22	1.88e-02	9.77e-01	3.91e-03
 2.31973e+22	1.99e-02	9.76e-01	3.88e-03
 2.32544e+22	2.12e-02	9.75e-01	3.85e-03
 2.33287e+22	2.33e-02	9.73e-01	3.82e-03
 2.34017e+22	2.58e-02	9.70e-01	3.79e-03
 2.34524e+22	2.79e-02	9.68e-01	3.77e-03
 2.34894e+22	2.97e-02	9.67e-01	3.76e-03
 2.35288e+22	3.17e-02	9.65e-01	3.74e-03
 2.35800e+22	3.46e-02	9.62e-01	3.73e-03
 2.36327e+22	3.83e-02	9.58e-01	3.73e-03
 2.36728e+22	4.16e-02	9.55e-01	3.74e-03
 2.37039e+22	4.46e-02	9.52e-01	3.74e-03
 2.37374e+22	4.80e-02	9.48e-01	3.74e-03
 2.37811e+22	5.28e-02	9.43e-01	3.76e-03
 2.38184e+22	5.81e-02	9.38e-01	3.79e-03
 2.38373e+22	6.11e-02	9.35e-01	3.81e-03
 2.38500e+22	6.32e-02	9.33e-01	3.82e-03
 2.38651e+22	6.59e-02	9.30e-01	3.82e-03
 2.38846e+22	6.94e-02	9.27e-01	3.83e-03
 2.39071e+22	7.39e-02	9.22e-01	3.84e-03
 2.39284e+22	7.83e-02	9.18e-01	3.88e-03
 2.39476e+22	8.29e-02	9.13e-01	3.90e-03
 2.39661e+22	8.74e-02	9.09e-01	3.93e-03
 2.39853e+22	9.25e-02	9.04e-01	3.95e-03
 2.40058e+22	9.86e-02	8.97e-01	3.99e-03
 2.40260e+22	1.05e-01	8.91e-01	4.03e-03
 2.40456e+22	1.12e-01	8.84e-01	4.07e-03
 2.40653e+22	1.19e-01	8.77e-01	4.12e-03
 2.40859e+22	1.27e-01	8.69e-01	4.17e-03
 2.41071e+22	1.36e-01	8.60e-01	4.23e-03
 2.41282e+22	1.46e-01	8.50e-01	4.30e-03
 2.41497e+22	1.57e-01	8.39e-01	4.37e-03
 2.41717e+22	1.69e-01	8.27e-01	4.45e-03
 2.41929e+22	1.82e-01	8.14e-01	4.54e-03
 2.42088e+22	1.92e-01	8.03e-01	4.62e-03
 2.42188e+22	2.00e-01	7.96e-01	4.64e-03
 2.42285e+22	2.07e-01	7.88e-01	4.65e-03
 2.42411e+22	2.17e-01	7.79e-01	4.68e-03
 2.42555e+22	2.28e-01	7.67e-01	4.74e-03
 2.42686e+22	2.39e-01	7.57e-01	4.80e-03
 2.42792e+22	2.48e-01	7.47e-01	4.85e-03
 2.42897e+22	2.58e-01	7.38e-01	4.87e-03
 2.43020e+22	2.69e-01	7.26e-01	4.91e-03
 2.43150e+22	2.81e-01	7.14e-01	4.97e-03
 2.43265e+22	2.93e-01	7.02e-01	5.03e-03
 2.43367e+22	3.04e-01	6.91e-01	5.05e-03
 2.43473e+22	3.15e-01	6.79e-01	5.08e-03
 2.43591e+22	3.28e-01	6.66e-01	5.11e-03
 2.43711e+22	3.42e-01	6.53e-01	5.16e-03
 2.43820e+22	3.55e-01	6.40e-01	5.19e-03
 2.43922e+22	3.67e-01	6.27e-01	5.21e-03
 2.44031e+22	3.81e-01	6.14e-01	5.23e-03
 2.44149e+22	3.96e-01	5.99e-01	5.25e-03
 2.44264e+22	4.11e-01	5.84e-01	5.28e-03
 2.44367e+22	4.25e-01	5.70e-01	5.29e-03
 2.44468e+22	4.39e-01	5.55e-01	5.27e-03
 2.44580e+22	4.55e-01	5.40e-01	5.27e-03
 2.44698e+22	4.72e-01	5.23e-01	5.27e-03
 2.44808e+22	4.87e-01	5.08e-01	5.26e-03
 2.44909e+22	5.02e-01	4.93e-01	5.23e-03
 2.45013e+22	5.18e-01	4.77e-01	5.19e-03
 2.45126e+22	5.35e-01	4.60e-01	5.15e-03
 2.45239e+22	5.51e-01	4.44e-01	5.12e-03
 2.45344e+22	5.67e-01	4.28e-01	5.06e-03
 2.45443e+22	5.82e-01	4.13e-01	4.99e-03
 2.45548e+22	5.98e-01	3.97e-01	4.91e-03
 2.45660e+22	6.14e-01	3.81e-01	4.82e-03
 2.45770e+22	6.30e-01	3.65e-01	4.75e-03
 2.45873e+22	6.45e-01	3.50e-01	4.66e-03
 2.45975e+22	6.60e-01	3.35e-01	4.54e-03
 2.46085e+22	6.76e-01	3.20e-01	4.43e-03
 2.46201e+22	6.91e-01	3.05e-01	4.32e-03
 2.46311e+22	7.05e-01	2.91e-01	4.20e-03
 2.46418e+22	7.19e-01	2.77e-01	4.07e-03
 2.46527e+22	7.33e-01	2.63e-01	3.94e-03
 2.46640e+22	7.46e-01	2.50e-01	3.81e-03
 2.46753e+22	7.59e-01	2.38e-01	3.68e-03
 2.46865e+22	7.70e-01	2.26e-01	3.55e-03
 2.46976e+22	7.82e-01	2.15e-01	3.42e-03
 2.47087e+22	7.92e-01	2.04e-01	3.29e-03
 2.47198e+22	8.02e-01	1.94e-01	3.16e-03
 2.47311e+22	8.12e-01	1.85e-01	3.04e-03
 2.47426e+22	8.21e-01	1.76e-01	2.92e-03
 2.47542e+22	8.29e-01	1.68e-01	2.80e-03
 2.47662e+22	8.37e-01	1.60e-01	2.69e-03
 2.47785e+22	8.45e-01	1.53e-01	2.58e-03
 2.47911e+22	8.52e-01	1.46e-01	2.48e-03
 2.48038e+22	8.58e-01	1.40e-01	2.38e-03
 2.48171e+22	8.64e-01	1.34e-01	2.28e-03
 2.48314e+22	8.70e-01	1.28e-01	2.20e-03
 2.48467e+22	8.75e-01	1.23e-01	2.11e-03
 2.48619e+22	8.80e-01	1.18e-01	2.04e-03
 2.48758e+22	8.84e-01	1.14e-01	1.97e-03
 2.48884e+22	8.87e-01	1.11e-01	1.91e-03
 2.49022e+22	8.91e-01	1.08e-01	1.84e-03
 2.49171e+22	8.93e-01	1.05e-01	1.80e-03
 2.49307e+22	8.95e-01	1.03e-01	1.76e-03
 2.49456e+22	8.98e-01	1.00e-01	1.71e-03
 2.49617e+22	9.00e-01	9.84e-02	1.68e-03
 2.49793e+22	9.02e-01	9.62e-02	1.63e-03
 2.50022e+22	9.04e-01	9.43e-02	1.60e-03
 2.50269e+22	9.06e-01	9.28e-02	1.58e-03
 2.50540e+22	9.08e-01	9.09e-02	1.53e-03
 2.50892e+22	9.09e-01	8.91e-02	1.49e-03
 2.51272e+22	9.11e-01	8.79e-02	1.47e-03
 2.51689e+22	9.12e-01	8.63e-02	1.43e-03
 2.52138e+22	9.13e-01	8.52e-02	1.40e-03
 2.52631e+22	9.15e-01	8.40e-02	1.36e-03
 2.53163e+22	9.16e-01	8.30e-02	1.33e-03
 2.53746e+22	9.17e-01	8.18e-02	1.30e-03
 2.54375e+22	9.18e-01	8.09e-02	1.27e-03
 2.55065e+22	9.19e-01	7.97e-02	1.23e-03
 2.55810e+22	9.20e-01	7.87e-02	1.20e-03
 2.56487e+22	9.21e-01	7.79e-02	1.17e-03
 2.57229e+22	9.22e-01	7.66e-02	1.13e-03
 2.58031e+22	9.23e-01	7.56e-02	1.10e-03
 2.58760e+22	9.24e-01	7.46e-02	1.07e-03
 2.59559e+22	9.26e-01	7.34e-02	1.04e-03
 2.60422e+22	9.27e-01	7.23e-02	1.01e-03
 2.61207e+22	9.28e-01	7.14e-02	9.81e-04
 2.61922e+22	9.28e-01	7.06e-02	9.58e-04
 2.62705e+22	9.30e-01	6.94e-02	9.25e-04
 2.63550e+22	9.31e-01	6.84e-02	8.98e-04
 2.64319e+22	9.32e-01	6.75e-02	8.75e-04
 2.65019e+22	9.32e-01	6.68e-02	8.56e-04
 2.65786e+22	9.34e-01	6.56e-02	8.26e-04
 2.66614e+22	9.34e-01	6.47e-02	8.02e-04
 2.67368e+22	9.35e-01	6.39e-02	7.83e-04
 2.68193e+22	9.36e-01	6.29e-02	7.56e-04
 2.69085e+22	9.37e-01	6.19e-02	7.33e-04
 2.69896e+22	9.38e-01	6.11e-02	7.14e-04
 2.70634e+22	9.39e-01	6.04e-02	6.98e-04
 2.71443e+22	9.40e-01	5.94e-02	6.74e-04
 2.72316e+22	9.41e-01	5.86e-02	6.55e-04
 2.73111e+22	9.41e-01	5.79e-02	6.39e-04
 2.73982e+22	9.42e-01	5.69e-02	6.18e-04
 2.74922e+22	9.43e-01	5.60e-02	5.99e-04
 2.75777e+22	9.44e-01	5.53e-02	5.84e-04
 2.76556e+22	9.45e-01	5.47e-02	5.71e-04
 2.77409e+22	9.46e-01	5.38e-02	5.53e-04
 2.78330e+22	9.46e-01	5.32e-02	5.38e-04
 2.79339e+22	9.47e-01	5.23e-02	5.21e-04
 2.80428e+22	9.48e-01	5.15e-02	5.05e-04
 2.81420e+22	9.49e-01	5.08e-02	4.92e-04
 2.82506e+22	9.50e-01	4.99e-02	4.74e-04
 2.83679e+22	9.50e-01	4.91e-02	4.59e-04
 2.84746e+22	9.51e-01	4.84e-02	4.46e-04
 2.85916e+22	9.52e-01	4.75e-02	4.30e-04
 2.87178e+22	9.53e-01	4.67e-02	4.15e-04
 2.88327e+22	9.54e-01	4.60e-02	4.03e-04
 2.89586e+22	9.54e-01	4.52e-02	3.88e-04
 2.90946e+22	9.55e-01	4.43e-02	3.74e-04
 2.92182e+22	9.56e-01	4.37e-02	3.63e-04
 2.93308e+22	9.57e-01	4.31e-02	3.53e-04
 2.94541e+22	9.57e-01	4.23e-02	3.40e-04
 2.95873e+22	9.58e-01	4.16e-02	3.29e-04
 2.97085e+22	9.59e-01	4.11e-02	3.20e-04
 2.98413e+22	9.59e-01	4.03e-02	3.08e-04
 2.99846e+22	9.60e-01	3.96e-02	2.98e-04
 3.01150e+22	9.61e-01	3.90e-02	2.89e-04
 3.02580e+22	9.61e-01	3.82e-02	2.78e-04
 3.04123e+22	9.62e-01	3.75e-02	2.68e-04
 3.05527e+22	9.63e-01	3.70e-02	2.60e-04
 3.07066e+22	9.63e-01	3.63e-02	2.50e-04
 3.08727e+22	9.64e-01	3.56e-02	2.40e-04
 3.10239e+22	9.65e-01	3.50e-02	2.33e-04
 3.11896e+22	9.65e-01	3.43e-02	2.23e-04
 3.13684e+22	9.66e-01	3.36e-02	2.15e-04
 3.15312e+22	9.67e-01	3.30e-02	2.07e-04
 3.16793e+22	9.67e-01	3.26e-02	2.02e-04
 3.18415e+22	9.68e-01	3.19e-02	1.94e-04
 3.20167e+22	9.68e-01	3.14e-02	1.87e-04
 3.21762e+22	9.69e-01	3.09e-02	1.81e-04
 3.23509e+22	9.70e-01	3.03e-02	1.74e-04
 3.25395e+22	9.70e-01	2.97e-02	1.68e-04
 3.27111e+22	9.71e-01	2.93e-02	1.63e-04
 3.28992e+22	9.71e-01	2.87e-02	1.56e-04
 3.31022e+22	9.72e-01	2.81e-02	1.50e-04
 3.32870e+22	9.72e-01	2.77e-02	1.46e-04
 3.34552e+22	9.73e-01	2.72e-02	1.41e-04
 3.36394e+22	9.73e-01	2.67e-02	1.35e-04
 3.38383e+22	9.74e-01	2.62e-02	1.31e-04
 3.40563e+22	9.74e-01	2.56e-02	1.25e-04
 3.42916e+22	9.75e-01	2.51e-02	1.20e-04
 3.45057e+22	9.75e-01	2.47e-02	1.16e-04
 3.47404e+22	9.76e-01	2.41e-02	1.11e-04
 3.49937e+22	9.76e-01	2.36e-02	1.06e-04
 3.52242e+22	9.77e-01	2.32e-02	1.02e-04
 3.54340e+22	9.77e-01	2.28e-02	9.85e-05
 3.56638e+22	9.78e-01	2.23e-02	9.46e-05
 3.59120e+22	9.78e-01	2.18e-02	9.08e-05
 3.61378e+22	9.78e-01	2.15e-02	8.83e-05
 3.63853e+22	9.79e-01	2.10e-02	8.40e-05
 3.66524e+22	9.79e-01	2.06e-02	8.07e-05
 3.68955e+22	9.80e-01	2.02e-02	7.76e-05
 3.71619e+22	9.80e-01	1.98e-02	7.43e-05
 3.74495e+22	9.81e-01	1.93e-02	7.10e-05
 3.77112e+22	9.81e-01	1.90e-02	6.84e-05
 3.79980e+22	9.81e-01	1.85e-02	6.55e-05
 3.83076e+22	9.82e-01	1.81e-02	6.27e-05
 3.85894e+22	9.82e-01	1.78e-02	6.02e-05
 3.88981e+22	9.83e-01	1.74e-02	5.75e-05
 3.92314e+22	9.83e-01	1.70e-02	5.50e-05
 3.95347e+22	9.83e-01	1.66e-02	5.27e-05
 3.98671e+22	9.84e-01	1.63e-02	5.04e-05
 4.02259e+22	9.84e-01	1.59e-02	4.81e-05
 4.05524e+22	9.84e-01	1.55e-02	4.60e-05
 4.08495e+22	9.85e-01	1.53e-02	4.44e-05
 4.11751e+22	9.85e-01	1.49e-02	4.25e-05
 4.15266e+22	9.85e-01	1.46e-02	4.07e-05
 4.18465e+22	9.86e-01	1.43e-02	3.91e-05
 4.21970e+22	9.86e-01	1.40e-02	3.74e-05
 4.26422e+22	9.86e-01	1.36e-02	3.53e-05
 4.31293e+22	9.87e-01	1.32e-02	3.33e-05
 4.36423e+22	9.87e-01	1.28e-02	3.13e-05
 4.41869e+22	9.88e-01	1.24e-02	2.94e-05
 4.47428e+22	9.88e-01	1.20e-02	2.77e-05
 4.53160e+22	9.88e-01	1.17e-02	2.59e-05
 4.59005e+22	9.89e-01	1.13e-02	2.44e-05
 4.64967e+22	9.89e-01	1.09e-02	2.29e-05
 4.71079e+22	9.89e-01	1.06e-02	2.14e-05
 4.77348e+22	9.90e-01	1.03e-02	2.01e-05
 4.83751e+22	9.90e-01	9.93e-03	1.88e-05
 4.90310e+22	9.90e-01	9.62e-03	1.77e-05
 4.97009e+22	9.91e-01	9.31e-03	1.66e-05
 5.03858e+22	9.91e-01	9.01e-03	1.55e-05
 5.10871e+22	9.91e-01	8.72e-03	1.45e-05
 5.18041e+22	9.92e-01	8.44e-03	1.36e-05
 5.25370e+22	9.92e-01	8.16e-03	1.27e-05
 5.32847e+22	9.92e-01	7.90e-03	1.19e-05
 5.40510e+22	9.92e-01	7.64e-03	1.12e-05
 5.48366e+22	9.93e-01	7.39e-03	1.04e-05
 5.56371e+22	9.93e-01	7.15e-03	9.77e-06
 5.64562e+22	9.93e-01	6.91e-03	9.14e-06
 5.72918e+22	9.93e-01	6.69e-03	8.55e-06
 5.81478e+22	9.94e-01	6.47e-03	8.00e-06
 5.90380e+22	9.94e-01	6.25e-03	7.48e-06
 5.99638e+22	9.94e-01	6.04e-03	6.98e-06
 6.09196e+22	9.94e-01	5.83e-03	6.51e-06
 6.19016e+22	9.94e-01	5.63e-03	6.07e-06
 6.29132e+22	9.95e-01	5.44e-03	5.66e-06
 6.39554e+22	9.95e-01	5.25e-03	5.27e-06
 6.50268e+22	9.95e-01	5.06e-03	4.91e-06
 6.61336e+22	9.95e-01	4.88e-03	4.57e-06
 6.72811e+22	9.95e-01	4.71e-03	4.25e-06
 6.84695e+22	9.95e-01	4.54e-03	3.95e-06
 6.97104e+22	9.96e-01	4.38e-03	3.67e-06
 7.10118e+22	9.96e-01	4.21e-03	3.40e-06
 7.23684e+22	9.96e-01	4.05e-03	3.15e-06
 7.37801e+22	9.96e-01	3.90e-03	2.92e-06
 7.52481e+22	9.96e-01	3.75e-03	2.70e-06
 7.67802e+22	9.96e-01	3.60e-03	2.49e-06
 7.83811e+22	9.97e-01	3.46e-03	2.30e-06
 8.00545e+22	9.97e-01	3.32e-03	2.12e-06
 8.18142e+22	9.97e-01	3.19e-03	1.95e-06
 8.36681e+22	9.97e-01	3.06e-03	1.79e-06
 8.56201e+22	9.97e-01	2.93e-03	1.65e-06
 8.76752e+22	9.97e-01	2.80e-03	1.51e-06
 8.98430e+22	9.97e-01	2.68e-03	1.38e-06
 9.21340e+22	9.97e-01	2.56e-03	1.26e-06
 9.45613e+22	9.98e-01	2.45e-03	1.15e-06
 9.71486e+22	9.98e-01	2.34e-03	1.05e-06
 9.97763e+22	9.98e-01	2.23e-03	9.60e-07
 1.02473e+23	9.98e-01	2.13e-03	8.76e-07
 1.05428e+23	9.98e-01	2.04e-03	7.97e-07
 1.08619e+23	9.98e-01	1.94e-03	7.22e-07
 1.11949e+23	9.98e-01	1.84e-03	6.55e-07
 1.15392e+23	9.98e-01	1.76e-03	5.95e-07
 1.18975e+23	9.98e-01	1.68e-03	5.41e-07
 1.22774e+23	9.98e-01	1.60e-03	4.91e-07
 1.26868e+23	9.98e-01	1.52e-03	4.45e-07
 1.31253e+23	9.99e-01	1.45e-03	4.03e-07
 1.35897e+23	9.99e-01	1.37e-03	3.64e-07
 1.40751e+23	9.99e-01	1.31e-03	3.30e-07
 1.45761e+23	9.99e-01	1.25e-03	2.99e-07
 1.50928e+23	9.99e-01	1.19e-03	2.73e-07
 1.56274e+23	9.99e-01	1.14e-03	2.49e-07
 1.61810e+23	9.99e-01	1.09e-03	2.28e-07
 1.67522e+23	9.99e-01	1.04e-03	2.09e-07
 1.73414e+23	9.99e-01	9.99e-04	1.92e-07
 1.79502e+23	9.99e-01	9.60e-04	1.78e-07
 1.85792e+23	9.99e-01	9.24e-04	1.65e-07
 1.92271e+23	9.99e-01	8.90e-04	1.53e-07
 1.98941e+23	9.99e-01	8.59e-04	1.42e-07
 2.05824e+23	9.99e-01	8.31e-04	1.33e-07
 2.12858e+23	9.99e-01	8.04e-04	1.25e-07
 2.20087e+23	9.99e-01	7.81e-04	1.18e-07
 2.27587e+23	9.99e-01	7.59e-04	1.11e-07
 2.35099e+23	9.99e-01	7.39e-04	1.05e-07
 2.42137e+23	9.99e-01	7.22e-04	1.00e-07
 2.48472e+23	9.99e-01	7.07e-04	9.65e-08
 2.54173e+23	9.99e-01	6.96e-04	9.34e-08
 2.59304e+23	9.99e-01	6.86e-04	9.08e-08
 2.63922e+23	9.99e-01	6.78e-04	8.86e-08
 2.68078e+23	9.99e-01	6.71e-04	8.69e-08
 2.71818e+23	9.99e-01	6.66e-04	8.56e-08
 2.75184e+23	9.99e-01	6.61e-04	8.43e-08
 2.78306e+23	9.99e-01	6.57e-04	8.32e-08
 2.81361e+23	9.99e-01	6.53e-04	8.22e-08
 2.84416e+23	9.99e-01	6.49e-04	8.13e-08
 2.87471e+23	9.99e-01	6.46e-04	8.05e-08
 2.90526e+23	9.99e-01	6.43e-04	7.97e-08
 2.93580e+23	9.99e-01	6.40e-04	7.90e-08
 2.96635e+23	9.99e-01	6.37e-04	7.83e-08
 2.99690e+23	9.99e-01	6.34e-04	7.76e-08
 3.02745e+23	9.99e-01	6.32e-04	7.70e-08
 3.04877e+23	9.99e-01	6.29e-04	7.62e-08
