#depth	C	C+	C+2	C+3	C+4	C+5	C+6	C[1]	C[2]	C[3]	C+[1]	C+[2]	CO
 1.54284e+19	2.39e-43	1.97e-33	2.70e-25	5.71e-18	3.09e-11	1.61e-05	1.00e+00	0.00e+00	0.00e+00	0.00e+00	0.00e+00	0.00e+00	2.94e-131
 9.25702e+19	0.00e+00	2.44e-33	3.18e-25	6.49e-18	3.42e-11	1.69e-05	1.00e+00	0.00e+00	0.00e+00	0.00e+00	0.00e+00	0.00e+00	0.00e+00
 2.19083e+20	4.94e-43	3.65e-33	4.36e-25	8.24e-18	4.04e-11	1.84e-05	1.00e+00	0.00e+00	0.00e+00	0.00e+00	0.00e+00	0.00e+00	2.61e-130
 3.51273e+20	0.00e+00	5.61e-33	6.15e-25	1.07e-17	4.77e-11	2.01e-05	1.00e+00	0.00e+00	0.00e+00	0.00e+00	0.00e+00	0.00e+00	0.00e+00
 4.65778e+20	1.27e-42	8.28e-33	8.42e-25	1.35e-17	5.51e-11	2.16e-05	1.00e+00	0.00e+00	0.00e+00	0.00e+00	0.00e+00	0.00e+00	3.60e-129
 5.52029e+20	0.00e+00	1.11e-32	1.07e-24	1.60e-17	6.12e-11	2.28e-05	1.00e+00	0.00e+00	0.00e+00	0.00e+00	0.00e+00	0.00e+00	0.00e+00
 6.42047e+20	2.44e-42	1.45e-32	1.32e-24	1.88e-17	6.79e-11	2.40e-05	1.00e+00	0.00e+00	0.00e+00	0.00e+00	0.00e+00	0.00e+00	2.12e-128
 7.42949e+20	0.00e+00	1.97e-32	1.69e-24	2.25e-17	7.66e-11	2.55e-05	1.00e+00	0.00e+00	0.00e+00	0.00e+00	0.00e+00	0.00e+00	0.00e+00
 8.36894e+20	4.82e-42	2.62e-32	2.13e-24	2.68e-17	8.56e-11	2.69e-05	1.00e+00	0.00e+00	0.00e+00	0.00e+00	0.00e+00	0.00e+00	1.40e-127
 9.24166e+20	0.00e+00	0.00e+00	2.63e-24	3.14e-17	9.48e-11	2.83e-05	1.00e+00	0.00e+00	0.00e+00	0.00e+00	0.00e+00	0.00e+00	0.00e+00
 1.02387e+21	0.00e+00	4.53e-32	3.29e-24	3.71e-17	1.06e-10	2.99e-05	1.00e+00	0.00e+00	0.00e+00	0.00e+00	0.00e+00	0.00e+00	0.00e+00
 1.13572e+21	1.30e-41	6.19e-32	4.23e-24	4.48e-17	1.20e-10	3.18e-05	1.00e+00	0.00e+00	0.00e+00	0.00e+00	0.00e+00	0.00e+00	2.18e-126
 1.23792e+21	0.00e+00	0.00e+00	5.36e-24	5.35e-17	1.35e-10	3.37e-05	1.00e+00	0.00e+00	0.00e+00	0.00e+00	0.00e+00	0.00e+00	0.00e+00
 1.32956e+21	0.00e+00	1.08e-31	6.64e-24	6.27e-17	1.50e-10	3.55e-05	1.00e+00	0.00e+00	0.00e+00	0.00e+00	0.00e+00	0.00e+00	0.00e+00
 1.43289e+21	3.38e-41	1.42e-31	8.28e-24	7.40e-17	1.68e-10	3.75e-05	1.00e+00	0.00e+00	0.00e+00	0.00e+00	0.00e+00	0.00e+00	2.94e-125
 1.54968e+21	0.00e+00	0.00e+00	1.06e-23	8.90e-17	1.90e-10	3.98e-05	1.00e+00	0.00e+00	0.00e+00	0.00e+00	0.00e+00	0.00e+00	0.00e+00
 1.66099e+21	0.00e+00	2.60e-31	1.34e-23	1.06e-16	2.13e-10	4.20e-05	1.00e+00	0.00e+00	0.00e+00	0.00e+00	0.00e+00	0.00e+00	0.00e+00
 1.76215e+21	9.14e-41	3.39e-31	1.66e-23	1.24e-16	2.36e-10	4.42e-05	1.00e+00	0.00e+00	0.00e+00	0.00e+00	0.00e+00	0.00e+00	4.44e-124
 1.87311e+21	0.00e+00	0.00e+00	2.08e-23	1.46e-16	2.64e-10	4.67e-05	1.00e+00	0.00e+00	0.00e+00	0.00e+00	0.00e+00	0.00e+00	0.00e+00
 1.98758e+21	0.00e+00	6.00e-31	2.61e-23	1.74e-16	2.97e-10	4.94e-05	1.00e+00	0.00e+00	0.00e+00	0.00e+00	0.00e+00	0.00e+00	0.00e+00
 2.08177e+21	2.31e-40	7.64e-31	3.18e-23	2.01e-16	3.26e-10	5.17e-05	1.00e+00	0.00e+00	0.00e+00	0.00e+00	0.00e+00	0.00e+00	5.50e-123
 2.17941e+21	0.00e+00	0.00e+00	3.84e-23	2.31e-16	3.59e-10	5.41e-05	1.00e+00	0.00e+00	0.00e+00	0.00e+00	0.00e+00	0.00e+00	0.00e+00
 2.30633e+21	0.00e+00	1.31e-30	4.86e-23	2.76e-16	4.07e-10	5.75e-05	1.00e+00	0.00e+00	0.00e+00	0.00e+00	0.00e+00	0.00e+00	0.00e+00
 2.43496e+21	6.06e-40	1.77e-30	6.21e-23	3.30e-16	4.59e-10	6.10e-05	1.00e+00	0.00e+00	0.00e+00	0.00e+00	0.00e+00	0.00e+00	7.65e-122
 2.53407e+21	0.00e+00	0.00e+00	7.52e-23	3.79e-16	5.02e-10	6.36e-05	1.00e+00	0.00e+00	0.00e+00	0.00e+00	0.00e+00	0.00e+00	0.00e+00
 2.63118e+21	0.00e+00	2.82e-30	8.98e-23	4.32e-16	5.48e-10	6.64e-05	1.00e+00	0.00e+00	0.00e+00	0.00e+00	0.00e+00	0.00e+00	0.00e+00
 2.75741e+21	1.41e-39	3.72e-30	1.12e-22	5.09e-16	6.17e-10	7.04e-05	1.00e+00	0.00e+00	0.00e+00	0.00e+00	0.00e+00	0.00e+00	7.61e-121
 2.88739e+21	0.00e+00	0.00e+00	1.41e-22	6.02e-16	6.93e-10	7.45e-05	1.00e+00	0.00e+00	0.00e+00	0.00e+00	0.00e+00	0.00e+00	0.00e+00
 2.99357e+21	0.00e+00	6.33e-30	1.70e-22	6.90e-16	7.57e-10	7.78e-05	1.00e+00	0.00e+00	0.00e+00	0.00e+00	0.00e+00	0.00e+00	0.00e+00
 3.08219e+21	3.24e-39	7.72e-30	2.00e-22	7.76e-16	8.19e-10	8.09e-05	1.00e+00	0.00e+00	0.00e+00	0.00e+00	0.00e+00	0.00e+00	7.07e-120
 3.17664e+21	0.00e+00	0.00e+00	2.34e-22	8.67e-16	8.85e-10	8.40e-05	1.00e+00	0.00e+00	0.00e+00	0.00e+00	0.00e+00	0.00e+00	0.00e+00
 3.29943e+21	0.00e+00	1.21e-29	2.85e-22	1.00e-15	9.84e-10	8.85e-05	1.00e+00	0.00e+00	0.00e+00	0.00e+00	0.00e+00	0.00e+00	0.00e+00
 3.42389e+21	7.33e-39	1.57e-29	3.49e-22	1.16e-15	1.09e-09	9.31e-05	1.00e+00	0.00e+00	0.00e+00	0.00e+00	0.00e+00	0.00e+00	6.60e-119
 3.52250e+21	0.00e+00	0.00e+00	4.11e-22	1.31e-15	1.18e-09	9.67e-05	1.00e+00	0.00e+00	0.00e+00	0.00e+00	0.00e+00	0.00e+00	0.00e+00
 3.62268e+21	0.00e+00	2.37e-29	4.82e-22	1.46e-15	1.27e-09	1.01e-04	1.00e+00	0.00e+00	0.00e+00	0.00e+00	0.00e+00	0.00e+00	0.00e+00
 3.73569e+21	1.52e-38	2.97e-29	5.74e-22	1.66e-15	1.39e-09	1.05e-04	1.00e+00	0.00e+00	0.00e+00	0.00e+00	0.00e+00	0.00e+00	4.73e-118
 3.84133e+21	0.00e+00	0.00e+00	6.75e-22	1.86e-15	1.51e-09	1.10e-04	1.00e+00	0.00e+00	0.00e+00	0.00e+00	0.00e+00	0.00e+00	0.00e+00
 3.93823e+21	0.00e+00	4.43e-29	7.86e-22	2.08e-15	1.63e-09	1.14e-04	1.00e+00	0.00e+00	0.00e+00	0.00e+00	0.00e+00	0.00e+00	2.61e-139
 4.04785e+21	3.03e-38	5.43e-29	9.21e-22	2.33e-15	1.76e-09	1.19e-04	1.00e+00	0.00e+00	0.00e+00	0.00e+00	0.00e+00	0.00e+00	0.00e+00
 4.16237e+21	0.00e+00	6.74e-29	1.09e-21	2.62e-15	1.92e-09	1.24e-04	1.00e+00	0.00e+00	0.00e+00	0.00e+00	0.00e+00	0.00e+00	1.09e-138
 4.25797e+21	4.77e-38	8.07e-29	1.25e-21	2.89e-15	2.05e-09	1.28e-04	1.00e+00	0.00e+00	0.00e+00	0.00e+00	0.00e+00	0.00e+00	0.00e+00
 4.35696e+21	0.00e+00	9.66e-29	1.44e-21	3.18e-15	2.20e-09	1.33e-04	1.00e+00	0.00e+00	0.00e+00	0.00e+00	0.00e+00	0.00e+00	3.71e-138
 4.48565e+21	7.61e-38	1.21e-28	1.71e-21	3.60e-15	2.41e-09	1.40e-04	1.00e+00	0.00e+00	0.00e+00	0.00e+00	0.00e+00	0.00e+00	0.00e+00
 4.61541e+21	0.00e+00	1.53e-28	2.05e-21	4.08e-15	2.63e-09	1.46e-04	1.00e+00	0.00e+00	0.00e+00	0.00e+00	0.00e+00	0.00e+00	1.78e-137
 4.71709e+21	1.23e-37	1.84e-28	2.36e-21	4.50e-15	2.81e-09	1.52e-04	1.00e+00	0.00e+00	0.00e+00	0.00e+00	0.00e+00	0.00e+00	0.00e+00
 4.81980e+21	0.00e+00	2.19e-28	2.70e-21	4.93e-15	3.00e-09	1.57e-04	1.00e+00	0.00e+00	0.00e+00	0.00e+00	0.00e+00	0.00e+00	6.06e-137
 4.93498e+21	1.87e-37	2.65e-28	3.13e-21	5.47e-15	3.23e-09	1.64e-04	1.00e+00	0.00e+00	0.00e+00	0.00e+00	0.00e+00	0.00e+00	0.00e+00
 5.04290e+21	0.00e+00	3.19e-28	3.60e-21	6.02e-15	3.46e-09	1.70e-04	1.00e+00	0.00e+00	0.00e+00	0.00e+00	0.00e+00	0.00e+00	2.21e-136
 5.14279e+21	2.80e-37	3.76e-28	4.08e-21	6.55e-15	3.67e-09	1.76e-04	1.00e+00	0.00e+00	0.00e+00	0.00e+00	0.00e+00	0.00e+00	0.00e+00
 5.25568e+21	0.00e+00	4.50e-28	4.68e-21	7.21e-15	3.94e-09	1.83e-04	1.00e+00	0.00e+00	0.00e+00	0.00e+00	0.00e+00	0.00e+00	7.40e-136
 5.38231e+21	4.34e-37	5.49e-28	5.44e-21	7.98e-15	4.24e-09	1.91e-04	1.00e+00	0.00e+00	0.00e+00	0.00e+00	0.00e+00	0.00e+00	0.00e+00
 5.49558e+21	0.00e+00	6.58e-28	6.24e-21	8.76e-15	4.53e-09	1.98e-04	1.00e+00	0.00e+00	0.00e+00	0.00e+00	0.00e+00	0.00e+00	2.80e-135
 5.59279e+21	6.38e-37	7.67e-28	6.99e-21	9.44e-15	4.77e-09	2.04e-04	1.00e+00	0.00e+00	0.00e+00	0.00e+00	0.00e+00	0.00e+00	0.00e+00
 5.70032e+21	0.00e+00	9.01e-28	7.91e-21	1.03e-14	5.08e-09	2.11e-04	1.00e+00	0.00e+00	0.00e+00	0.00e+00	0.00e+00	0.00e+00	8.52e-135
 5.84011e+21	9.72e-37	1.10e-27	9.18e-21	1.13e-14	5.47e-09	2.21e-04	1.00e+00	0.00e+00	0.00e+00	0.00e+00	0.00e+00	0.00e+00	0.00e+00
 5.98261e+21	0.00e+00	1.36e-27	1.07e-20	1.26e-14	5.90e-09	2.31e-04	1.00e+00	0.00e+00	0.00e+00	0.00e+00	0.00e+00	0.00e+00	3.75e-134
 6.09632e+21	1.51e-36	1.61e-27	1.22e-20	1.37e-14	6.25e-09	2.40e-04	1.00e+00	0.00e+00	0.00e+00	0.00e+00	0.00e+00	0.00e+00	0.00e+00
 6.21183e+21	0.00e+00	1.89e-27	1.38e-20	1.48e-14	6.62e-09	2.48e-04	1.00e+00	0.00e+00	0.00e+00	0.00e+00	0.00e+00	0.00e+00	1.23e-133
 6.34147e+21	2.24e-36	2.26e-27	1.57e-20	1.61e-14	7.06e-09	2.58e-04	1.00e+00	0.00e+00	0.00e+00	0.00e+00	0.00e+00	0.00e+00	1.14e-95
 6.46248e+21	0.00e+00	2.67e-27	1.78e-20	1.75e-14	7.48e-09	2.68e-04	1.00e+00	0.00e+00	0.00e+00	0.00e+00	0.00e+00	0.00e+00	0.00e+00
 6.57397e+21	3.24e-36	3.11e-27	1.99e-20	1.88e-14	7.87e-09	2.77e-04	1.00e+00	0.00e+00	0.00e+00	0.00e+00	0.00e+00	0.00e+00	1.62e-111
 6.70010e+21	0.00e+00	3.66e-27	2.24e-20	2.02e-14	8.33e-09	2.87e-04	1.00e+00	0.00e+00	0.00e+00	0.00e+00	0.00e+00	0.00e+00	1.73e-95
 6.84197e+21	4.84e-36	4.38e-27	2.55e-20	2.20e-14	8.87e-09	2.99e-04	1.00e+00	0.00e+00	0.00e+00	0.00e+00	0.00e+00	0.00e+00	0.00e+00
 6.97477e+21	0.00e+00	5.20e-27	2.89e-20	2.38e-14	9.39e-09	3.11e-04	1.00e+00	0.00e+00	0.00e+00	0.00e+00	0.00e+00	0.00e+00	5.14e-132
 7.09745e+21	7.06e-36	6.06e-27	3.24e-20	2.55e-14	9.89e-09	3.22e-04	1.00e+00	0.00e+00	0.00e+00	0.00e+00	0.00e+00	0.00e+00	2.42e-94
 7.23650e+21	0.00e+00	7.15e-27	3.65e-20	2.75e-14	1.05e-08	3.34e-04	1.00e+00	0.00e+00	0.00e+00	0.00e+00	0.00e+00	0.00e+00	0.00e+00
 7.38879e+21	1.06e-35	8.56e-27	4.15e-20	2.98e-14	1.11e-08	3.49e-04	1.00e+00	0.00e+00	0.00e+00	0.00e+00	0.00e+00	0.00e+00	5.57e-110
 7.52622e+21	0.00e+00	1.01e-26	4.68e-20	3.21e-14	1.17e-08	3.62e-04	1.00e+00	0.00e+00	0.00e+00	0.00e+00	0.00e+00	0.00e+00	4.40e-94
 7.65027e+21	1.51e-35	1.16e-26	5.19e-20	3.42e-14	1.23e-08	3.74e-04	1.00e+00	0.00e+00	0.00e+00	0.00e+00	0.00e+00	0.00e+00	0.00e+00
 7.78902e+21	0.00e+00	1.35e-26	5.78e-20	3.65e-14	1.29e-08	3.88e-04	1.00e+00	0.00e+00	0.00e+00	0.00e+00	0.00e+00	0.00e+00	2.02e-130
 7.94414e+21	2.19e-35	1.60e-26	6.52e-20	3.94e-14	1.36e-08	4.03e-04	1.00e+00	0.00e+00	0.00e+00	0.00e+00	0.00e+00	0.00e+00	5.50e-93
 8.09175e+21	0.00e+00	1.88e-26	7.32e-20	4.21e-14	1.44e-08	4.19e-04	1.00e+00	0.00e+00	0.00e+00	0.00e+00	0.00e+00	0.00e+00	0.00e+00
 8.23059e+21	3.15e-35	2.18e-26	8.14e-20	4.49e-14	1.50e-08	4.34e-04	1.00e+00	0.00e+00	0.00e+00	0.00e+00	0.00e+00	0.00e+00	1.60e-108
 8.38682e+21	0.00e+00	2.55e-26	9.10e-20	4.80e-14	1.58e-08	4.51e-04	1.00e+00	0.00e+00	0.00e+00	0.00e+00	0.00e+00	0.00e+00	9.49e-93
 8.56038e+21	4.63e-35	3.03e-26	1.03e-19	5.17e-14	1.67e-08	4.70e-04	1.00e+00	0.00e+00	0.00e+00	0.00e+00	0.00e+00	0.00e+00	0.00e+00
 8.71847e+21	0.00e+00	3.56e-26	1.15e-19	5.53e-14	1.76e-08	4.88e-04	1.00e+00	0.00e+00	0.00e+00	0.00e+00	0.00e+00	0.00e+00	9.32e-129
 8.85835e+21	6.58e-35	4.08e-26	1.27e-19	5.86e-14	1.84e-08	5.05e-04	9.99e-01	0.00e+00	0.00e+00	0.00e+00	0.00e+00	0.00e+00	1.23e-91
 9.01258e+21	0.00e+00	4.70e-26	1.41e-19	6.24e-14	1.93e-08	5.22e-04	9.99e-01	0.00e+00	0.00e+00	0.00e+00	0.00e+00	0.00e+00	0.00e+00
 9.21309e+21	9.64e-35	5.65e-26	1.60e-19	6.72e-14	2.04e-08	5.47e-04	9.99e-01	0.00e+00	0.00e+00	0.00e+00	0.00e+00	0.00e+00	5.55e-107
 9.41694e+21	0.00e+00	6.82e-26	1.83e-19	7.27e-14	2.17e-08	5.72e-04	9.99e-01	0.00e+00	0.00e+00	0.00e+00	0.00e+00	0.00e+00	2.71e-91
 9.58120e+21	1.43e-34	7.94e-26	2.04e-19	7.75e-14	2.27e-08	5.93e-04	9.99e-01	0.00e+00	0.00e+00	0.00e+00	0.00e+00	0.00e+00	0.00e+00
 9.75080e+21	0.00e+00	9.20e-26	2.27e-19	8.25e-14	2.38e-08	6.15e-04	9.99e-01	0.00e+00	0.00e+00	0.00e+00	0.00e+00	0.00e+00	4.43e-127
 9.97128e+21	2.12e-34	1.11e-25	2.59e-19	8.91e-14	2.54e-08	6.44e-04	9.99e-01	0.00e+00	0.00e+00	0.00e+00	0.00e+00	0.00e+00	3.67e-90
 1.01964e+22	0.00e+00	1.34e-25	2.97e-19	9.67e-14	2.70e-08	6.74e-04	9.99e-01	0.00e+00	0.00e+00	0.00e+00	0.00e+00	0.00e+00	0.00e+00
 1.03729e+22	3.16e-34	1.56e-25	3.31e-19	1.03e-13	2.83e-08	6.99e-04	9.99e-01	0.00e+00	0.00e+00	0.00e+00	0.00e+00	0.00e+00	2.51e-105
 1.05478e+22	0.00e+00	1.80e-25	3.67e-19	1.10e-13	2.97e-08	7.23e-04	9.99e-01	0.00e+00	0.00e+00	0.00e+00	0.00e+00	0.00e+00	7.51e-90
 1.07751e+22	4.59e-34	2.15e-25	4.17e-19	1.18e-13	3.16e-08	7.55e-04	9.99e-01	0.00e+00	0.00e+00	0.00e+00	0.00e+00	0.00e+00	0.00e+00
 1.10136e+22	0.00e+00	2.61e-25	4.78e-19	1.29e-13	3.36e-08	7.91e-04	9.99e-01	0.00e+00	0.00e+00	0.00e+00	0.00e+00	0.00e+00	3.15e-125
 1.12144e+22	6.91e-34	3.06e-25	5.37e-19	1.38e-13	3.55e-08	8.21e-04	9.99e-01	0.00e+00	0.00e+00	0.00e+00	0.00e+00	0.00e+00	1.15e-88
 1.14234e+22	0.00e+00	3.59e-25	6.03e-19	1.48e-13	3.75e-08	8.52e-04	9.99e-01	0.00e+00	0.00e+00	0.00e+00	0.00e+00	0.00e+00	0.00e+00
 1.16950e+22	1.05e-33	4.40e-25	6.97e-19	1.62e-13	4.03e-08	8.95e-04	9.99e-01	0.00e+00	0.00e+00	0.00e+00	0.00e+00	0.00e+00	1.22e-103
 1.19706e+22	0.00e+00	5.42e-25	8.12e-19	1.78e-13	4.33e-08	9.40e-04	9.99e-01	0.00e+00	0.00e+00	0.00e+00	0.00e+00	0.00e+00	3.28e-88
 1.21788e+22	1.61e-33	6.37e-25	9.14e-19	1.91e-13	4.57e-08	9.74e-04	9.99e-01	0.00e+00	0.00e+00	0.00e+00	0.00e+00	0.00e+00	0.00e+00
 1.23770e+22	0.00e+00	7.32e-25	1.01e-18	2.03e-13	4.79e-08	1.01e-03	9.99e-01	0.00e+00	0.00e+00	0.00e+00	0.00e+00	0.00e+00	2.04e-123
 1.26348e+22	2.35e-33	8.84e-25	1.16e-18	2.22e-13	5.16e-08	1.05e-03	9.99e-01	0.00e+00	0.00e+00	0.00e+00	0.00e+00	0.00e+00	4.01e-87
 1.29073e+22	0.00e+00	1.08e-24	1.34e-18	2.44e-13	5.54e-08	1.10e-03	9.99e-01	0.00e+00	0.00e+00	0.00e+00	0.00e+00	0.00e+00	0.00e+00
 1.31392e+22	3.59e-33	1.28e-24	1.52e-18	2.63e-13	5.89e-08	1.14e-03	9.99e-01	0.00e+00	0.00e+00	0.00e+00	0.00e+00	0.00e+00	5.95e-102
 1.33810e+22	0.00e+00	1.51e-24	1.72e-18	2.85e-13	6.28e-08	1.19e-03	9.99e-01	0.00e+00	0.00e+00	0.00e+00	0.00e+00	0.00e+00	9.87e-87
 1.36953e+22	5.58e-33	1.87e-24	2.02e-18	3.17e-13	6.84e-08	1.24e-03	9.99e-01	0.00e+00	0.00e+00	0.00e+00	0.00e+00	0.00e+00	2.39e-101
 1.40138e+22	0.00e+00	2.35e-24	2.39e-18	3.53e-13	7.46e-08	1.31e-03	9.99e-01	0.00e+00	0.00e+00	0.00e+00	0.00e+00	0.00e+00	4.19e-86
 1.42651e+22	8.85e-33	2.80e-24	2.74e-18	3.85e-13	7.97e-08	1.36e-03	9.99e-01	0.00e+00	0.00e+00	0.00e+00	0.00e+00	0.00e+00	9.80e-101
 1.44806e+22	0.00e+00	3.23e-24	3.04e-18	4.11e-13	8.38e-08	1.40e-03	9.99e-01	0.00e+00	0.00e+00	0.00e+00	0.00e+00	0.00e+00	1.17e-85
 1.47225e+22	1.27e-32	3.83e-24	3.46e-18	4.49e-13	9.03e-08	1.45e-03	9.99e-01	0.00e+00	0.00e+00	0.00e+00	0.00e+00	0.00e+00	2.92e-100
 1.50370e+22	0.00e+00	4.71e-24	4.05e-18	4.99e-13	9.84e-08	1.52e-03	9.98e-01	0.00e+00	0.00e+00	0.00e+00	0.00e+00	0.00e+00	3.90e-85
 1.53637e+22	2.08e-32	5.91e-24	4.82e-18	5.62e-13	1.08e-07	1.59e-03	9.98e-01	0.00e+00	0.00e+00	0.00e+00	0.00e+00	0.00e+00	1.30e-99
 1.56328e+22	0.00e+00	7.10e-24	5.55e-18	6.17e-13	1.17e-07	1.65e-03	9.98e-01	0.00e+00	0.00e+00	0.00e+00	0.00e+00	0.00e+00	1.39e-84
 1.59090e+22	3.16e-32	8.53e-24	6.38e-18	6.80e-13	1.26e-07	1.71e-03	9.98e-01	0.00e+00	0.00e+00	0.00e+00	0.00e+00	0.00e+00	4.48e-99
 1.62682e+22	0.00e+00	1.08e-23	7.67e-18	7.73e-13	1.40e-07	1.80e-03	9.98e-01	0.00e+00	0.00e+00	0.00e+00	0.00e+00	0.00e+00	5.09e-84
 1.66393e+22	5.53e-32	1.39e-23	9.32e-18	8.85e-13	1.57e-07	1.89e-03	9.98e-01	0.00e+00	0.00e+00	0.00e+00	0.00e+00	0.00e+00	2.29e-98
 1.69449e+22	0.00e+00	1.71e-23	1.09e-17	9.87e-13	1.71e-07	1.97e-03	9.98e-01	0.00e+00	0.00e+00	0.00e+00	0.00e+00	0.00e+00	2.01e-83
 1.72608e+22	8.83e-32	2.10e-23	1.29e-17	1.11e-12	1.88e-07	2.05e-03	9.98e-01	0.00e+00	0.00e+00	0.00e+00	0.00e+00	0.00e+00	8.75e-98
 1.76716e+22	0.00e+00	2.76e-23	1.59e-17	1.29e-12	2.14e-07	2.16e-03	9.98e-01	0.00e+00	0.00e+00	0.00e+00	0.00e+00	0.00e+00	8.32e-83
 1.80890e+22	1.66e-31	3.66e-23	1.99e-17	1.51e-12	2.44e-07	2.27e-03	9.98e-01	0.00e+00	0.00e+00	0.00e+00	0.00e+00	0.00e+00	5.14e-97
 1.84054e+22	0.00e+00	4.53e-23	2.36e-17	1.70e-12	2.68e-07	2.36e-03	9.98e-01	0.00e+00	0.00e+00	0.00e+00	0.00e+00	0.00e+00	3.49e-82
 1.87072e+22	2.64e-31	5.53e-23	2.76e-17	1.91e-12	2.94e-07	2.45e-03	9.98e-01	0.00e+00	0.00e+00	0.00e+00	0.00e+00	0.00e+00	1.85e-96
 1.90995e+22	0.00e+00	7.17e-23	3.40e-17	2.23e-12	3.35e-07	2.57e-03	9.97e-01	0.00e+00	0.00e+00	0.00e+00	0.00e+00	0.00e+00	1.28e-81
 1.95149e+22	4.87e-31	9.47e-23	4.24e-17	2.62e-12	3.84e-07	2.70e-03	9.97e-01	0.00e+00	0.00e+00	0.00e+00	0.00e+00	0.00e+00	9.67e-96
 1.98705e+22	0.00e+00	1.19e-22	5.10e-17	2.99e-12	4.27e-07	2.81e-03	9.97e-01	0.00e+00	0.00e+00	0.00e+00	0.00e+00	0.00e+00	5.37e-81
 2.02428e+22	8.39e-31	1.53e-22	6.23e-17	3.48e-12	4.85e-07	2.93e-03	9.97e-01	0.00e+00	0.00e+00	0.00e+00	0.00e+00	0.00e+00	4.11e-95
 2.07269e+22	0.00e+00	2.09e-22	8.03e-17	4.20e-12	5.69e-07	3.09e-03	9.97e-01	0.00e+00	0.00e+00	0.00e+00	0.00e+00	0.00e+00	2.50e-80
 2.11811e+22	1.68e-30	2.82e-22	1.02e-16	5.01e-12	6.56e-07	3.26e-03	9.97e-01	0.00e+00	0.00e+00	0.00e+00	0.00e+00	0.00e+00	2.59e-94
 2.14785e+22	0.00e+00	3.47e-22	1.21e-16	5.67e-12	7.27e-07	3.37e-03	9.97e-01	0.00e+00	0.00e+00	0.00e+00	0.00e+00	0.00e+00	9.86e-80
 2.17471e+22	2.54e-30	4.06e-22	1.37e-16	6.21e-12	7.82e-07	3.46e-03	9.97e-01	0.00e+00	0.00e+00	0.00e+00	0.00e+00	0.00e+00	7.56e-94
 2.20963e+22	0.00e+00	5.07e-22	1.64e-16	7.14e-12	8.79e-07	3.59e-03	9.96e-01	0.00e+00	0.00e+00	0.00e+00	0.00e+00	0.00e+00	2.77e-79
 2.25503e+22	4.47e-30	6.67e-22	2.04e-16	8.39e-12	1.00e-06	3.77e-03	9.96e-01	0.00e+00	0.00e+00	0.00e+00	0.00e+00	0.00e+00	3.35e-93
 2.30093e+22	0.00e+00	8.89e-22	2.58e-16	9.96e-12	1.16e-06	3.96e-03	9.96e-01	0.00e+00	0.00e+00	0.00e+00	0.00e+00	0.00e+00	1.30e-78
 2.33625e+22	7.95e-30	1.10e-21	3.06e-16	1.13e-11	1.28e-06	4.11e-03	9.96e-01	0.00e+00	0.00e+00	0.00e+00	0.00e+00	0.00e+00	1.50e-92
 2.36514e+22	0.00e+00	1.33e-21	3.58e-16	1.27e-11	1.41e-06	4.24e-03	9.96e-01	0.00e+00	0.00e+00	0.00e+00	0.00e+00	0.00e+00	3.87e-78
 2.39693e+22	1.22e-29	1.60e-21	4.14e-16	1.41e-11	1.54e-06	4.37e-03	9.96e-01	0.00e+00	0.00e+00	0.00e+00	0.00e+00	0.00e+00	4.46e-92
 2.43826e+22	0.00e+00	2.03e-21	5.02e-16	1.63e-11	1.72e-06	4.56e-03	9.95e-01	0.00e+00	0.00e+00	0.00e+00	0.00e+00	0.00e+00	1.23e-77
 2.48143e+22	2.15e-29	2.62e-21	6.17e-16	1.89e-11	1.95e-06	4.76e-03	9.95e-01	0.00e+00	0.00e+00	0.00e+00	0.00e+00	0.00e+00	1.97e-91
 2.51641e+22	0.00e+00	3.21e-21	7.25e-16	2.13e-11	2.14e-06	4.93e-03	9.95e-01	0.00e+00	0.00e+00	0.00e+00	0.00e+00	0.00e+00	4.33e-77
 2.55133e+22	3.40e-29	3.92e-21	8.50e-16	2.39e-11	2.35e-06	5.10e-03	9.95e-01	0.00e+00	0.00e+00	0.00e+00	0.00e+00	0.00e+00	6.51e-91
 2.59672e+22	0.00e+00	5.07e-21	1.05e-15	2.79e-11	2.65e-06	5.33e-03	9.95e-01	0.00e+00	0.00e+00	0.00e+00	0.00e+00	0.00e+00	1.50e-76
 2.64372e+22	6.24e-29	6.64e-21	1.30e-15	3.27e-11	3.01e-06	5.59e-03	9.94e-01	0.00e+00	0.00e+00	0.00e+00	0.00e+00	0.00e+00	3.16e-90
 2.68133e+22	8.00e-29	8.23e-21	1.55e-15	3.71e-11	3.31e-06	5.79e-03	9.94e-01	0.00e+00	0.00e+00	0.00e+00	0.00e+00	0.00e+00	1.17e-75
 2.71211e+22	9.73e-29	9.75e-21	1.77e-15	4.09e-11	3.57e-06	5.97e-03	9.94e-01	0.00e+00	0.00e+00	0.00e+00	0.00e+00	0.00e+00	9.93e-90
 2.74547e+22	1.20e-28	1.17e-20	2.06e-15	4.56e-11	3.89e-06	6.16e-03	9.94e-01	0.00e+00	0.00e+00	0.00e+00	0.00e+00	0.00e+00	3.08e-75
 2.78883e+22	1.57e-28	1.48e-20	2.48e-15	5.23e-11	4.32e-06	6.42e-03	9.94e-01	0.00e+00	0.00e+00	0.00e+00	0.00e+00	0.00e+00	3.46e-89
 2.83413e+22	2.10e-28	1.91e-20	3.03e-15	6.05e-11	4.83e-06	6.70e-03	9.93e-01	0.00e+00	0.00e+00	0.00e+00	0.00e+00	0.00e+00	1.17e-74
 2.87102e+22	2.66e-28	2.34e-20	3.57e-15	6.81e-11	5.28e-06	6.94e-03	9.93e-01	0.00e+00	0.00e+00	0.00e+00	0.00e+00	0.00e+00	1.35e-88
 2.90804e+22	3.33e-28	2.84e-20	4.18e-15	7.62e-11	5.75e-06	7.18e-03	9.93e-01	0.00e+00	0.00e+00	0.00e+00	0.00e+00	0.00e+00	3.48e-74
 2.95616e+22	4.47e-28	3.66e-20	5.12e-15	8.85e-11	6.43e-06	7.50e-03	9.92e-01	0.00e+00	0.00e+00	0.00e+00	0.00e+00	0.00e+00	5.18e-88
 3.00308e+22	6.03e-28	4.74e-20	6.29e-15	1.03e-10	7.18e-06	7.84e-03	9.92e-01	0.00e+00	0.00e+00	0.00e+00	0.00e+00	0.00e+00	1.41e-73
 3.03669e+22	7.42e-28	5.66e-20	7.26e-15	1.14e-10	7.73e-06	8.08e-03	9.92e-01	0.00e+00	0.00e+00	0.00e+00	0.00e+00	0.00e+00	1.90e-87
 3.06864e+22	8.96e-28	6.68e-20	8.29e-15	1.25e-10	8.29e-06	8.32e-03	9.92e-01	0.00e+00	0.00e+00	0.00e+00	0.00e+00	0.00e+00	3.60e-73
 3.11017e+22	1.15e-27	8.29e-20	9.85e-15	1.42e-10	9.10e-06	8.64e-03	9.91e-01	0.00e+00	0.00e+00	0.00e+00	0.00e+00	0.00e+00	5.94e-87
 3.15563e+22	1.52e-27	1.05e-19	1.19e-14	1.62e-10	1.00e-05	9.00e-03	9.91e-01	0.00e+00	0.00e+00	0.00e+00	0.00e+00	0.00e+00	1.25e-72
 3.19582e+22	1.94e-27	1.30e-19	1.41e-14	1.83e-10	1.10e-05	9.34e-03	9.91e-01	0.00e+00	0.00e+00	0.00e+00	0.00e+00	0.00e+00	2.25e-86
 3.23189e+22	2.40e-27	1.56e-19	1.64e-14	2.04e-10	1.18e-05	9.64e-03	9.90e-01	0.00e+00	0.00e+00	0.00e+00	0.00e+00	0.00e+00	3.66e-72
 3.27298e+22	3.04e-27	1.92e-19	1.93e-14	2.29e-10	1.29e-05	9.99e-03	9.90e-01	0.00e+00	0.00e+00	0.00e+00	0.00e+00	0.00e+00	6.39e-72
 3.31824e+22	3.97e-27	2.41e-19	2.32e-14	2.61e-10	1.41e-05	1.04e-02	9.90e-01	0.00e+00	0.00e+00	0.00e+00	0.00e+00	0.00e+00	1.19e-71
 3.35860e+22	5.03e-27	2.96e-19	2.73e-14	2.94e-10	1.54e-05	1.08e-02	9.89e-01	0.00e+00	0.00e+00	0.00e+00	0.00e+00	0.00e+00	2.08e-71
 3.39329e+22	6.14e-27	3.52e-19	3.14e-14	3.24e-10	1.65e-05	1.11e-02	9.89e-01	0.00e+00	0.00e+00	0.00e+00	0.00e+00	0.00e+00	3.32e-71
 3.43093e+22	7.55e-27	4.21e-19	3.63e-14	3.60e-10	1.77e-05	1.14e-02	9.89e-01	0.00e+00	0.00e+00	0.00e+00	0.00e+00	0.00e+00	5.40e-71
 3.47987e+22	9.86e-27	5.31e-19	4.37e-14	4.11e-10	1.94e-05	1.19e-02	9.88e-01	0.00e+00	0.00e+00	0.00e+00	0.00e+00	0.00e+00	1.02e-70
 3.53024e+22	1.31e-26	6.78e-19	5.31e-14	4.73e-10	2.14e-05	1.24e-02	9.88e-01	0.00e+00	0.00e+00	0.00e+00	0.00e+00	0.00e+00	1.96e-70
 3.57047e+22	1.63e-26	8.20e-19	6.19e-14	5.27e-10	2.31e-05	1.29e-02	9.87e-01	0.00e+00	0.00e+00	0.00e+00	0.00e+00	0.00e+00	3.28e-70
 3.61076e+22	2.00e-26	9.82e-19	7.15e-14	5.84e-10	2.48e-05	1.33e-02	9.87e-01	0.00e+00	0.00e+00	0.00e+00	0.00e+00	0.00e+00	5.34e-70
 3.66314e+22	2.61e-26	1.24e-18	8.62e-14	6.68e-10	2.72e-05	1.38e-02	9.86e-01	0.00e+00	0.00e+00	0.00e+00	0.00e+00	0.00e+00	1.01e-69
 3.71859e+22	3.47e-26	1.59e-18	1.05e-13	7.71e-10	3.01e-05	1.44e-02	9.86e-01	0.00e+00	0.00e+00	0.00e+00	0.00e+00	0.00e+00	1.97e-69
 3.76492e+22	4.38e-26	1.95e-18	1.24e-13	8.66e-10	3.25e-05	1.50e-02	9.85e-01	0.00e+00	0.00e+00	0.00e+00	0.00e+00	0.00e+00	3.40e-69
 3.81204e+22	5.45e-26	2.37e-18	1.45e-13	9.68e-10	3.51e-05	1.55e-02	9.84e-01	0.00e+00	0.00e+00	0.00e+00	0.00e+00	0.00e+00	5.73e-69
 3.87329e+22	7.25e-26	3.04e-18	1.77e-13	1.12e-09	3.89e-05	1.62e-02	9.84e-01	0.00e+00	0.00e+00	0.00e+00	0.00e+00	0.00e+00	1.13e-68
 3.93415e+22	9.68e-26	3.92e-18	2.17e-13	1.30e-09	4.29e-05	1.70e-02	9.83e-01	0.00e+00	0.00e+00	0.00e+00	0.00e+00	0.00e+00	2.23e-68
 3.97946e+22	1.19e-25	4.69e-18	2.51e-13	1.44e-09	4.61e-05	1.75e-02	9.82e-01	0.00e+00	0.00e+00	0.00e+00	0.00e+00	0.00e+00	3.60e-68
 4.02333e+22	1.43e-25	5.53e-18	2.86e-13	1.58e-09	4.92e-05	1.81e-02	9.82e-01	0.00e+00	0.00e+00	0.00e+00	0.00e+00	0.00e+00	5.59e-68
 4.08035e+22	1.81e-25	6.84e-18	3.39e-13	1.79e-09	5.36e-05	1.88e-02	9.81e-01	0.00e+00	0.00e+00	0.00e+00	0.00e+00	0.00e+00	9.87e-68
 4.14158e+22	2.34e-25	8.59e-18	4.08e-13	2.05e-09	5.86e-05	1.96e-02	9.80e-01	0.00e+00	0.00e+00	0.00e+00	0.00e+00	0.00e+00	1.82e-67
 4.19435e+22	2.90e-25	1.04e-17	4.75e-13	2.29e-09	6.32e-05	2.03e-02	9.80e-01	0.00e+00	0.00e+00	0.00e+00	0.00e+00	0.00e+00	3.02e-67
 4.24901e+22	3.56e-25	1.25e-17	5.51e-13	2.55e-09	6.80e-05	2.10e-02	9.79e-01	0.00e+00	0.00e+00	0.00e+00	0.00e+00	0.00e+00	4.94e-67
 4.32006e+22	4.64e-25	1.58e-17	6.67e-13	2.93e-09	7.47e-05	2.20e-02	9.78e-01	0.00e+00	0.00e+00	0.00e+00	0.00e+00	0.00e+00	9.29e-67
 4.38652e+22	5.97e-25	1.98e-17	7.99e-13	3.34e-09	8.17e-05	2.29e-02	9.77e-01	0.00e+00	0.00e+00	0.00e+00	0.00e+00	0.00e+00	1.69e-66
 4.43057e+22	7.00e-25	2.29e-17	8.96e-13	3.63e-09	8.64e-05	2.36e-02	9.76e-01	0.00e+00	0.00e+00	0.00e+00	0.00e+00	0.00e+00	2.48e-66
 4.47142e+22	7.92e-25	2.57e-17	9.82e-13	3.88e-09	9.04e-05	2.40e-02	9.76e-01	0.00e+00	0.00e+00	0.00e+00	0.00e+00	0.00e+00	3.36e-66
 4.52451e+22	9.46e-25	3.01e-17	1.12e-12	4.27e-09	9.64e-05	2.48e-02	9.75e-01	0.00e+00	0.00e+00	0.00e+00	0.00e+00	0.00e+00	5.16e-66
 4.59354e+22	1.19e-24	3.71e-17	1.32e-12	4.82e-09	1.05e-04	2.58e-02	9.74e-01	0.00e+00	0.00e+00	0.00e+00	0.00e+00	0.00e+00	8.97e-66
 4.66558e+22	1.50e-24	4.58e-17	1.57e-12	5.45e-09	1.14e-04	2.68e-02	9.73e-01	0.00e+00	0.00e+00	0.00e+00	4.57e-17	1.06e-19	1.57e-65
 4.72510e+22	1.80e-24	5.41e-17	1.79e-12	6.01e-09	1.21e-04	2.77e-02	9.72e-01	0.00e+00	0.00e+00	0.00e+00	4.48e-17	9.29e-18	2.45e-65
 4.78603e+22	2.16e-24	6.37e-17	2.04e-12	6.62e-09	1.30e-04	2.86e-02	9.71e-01	0.00e+00	0.00e+00	0.00e+00	5.29e-17	1.08e-17	3.79e-65
 4.86523e+22	2.70e-24	7.83e-17	2.41e-12	7.48e-09	1.41e-04	2.97e-02	9.70e-01	0.00e+00	0.00e+00	0.00e+00	6.53e-17	1.30e-17	6.56e-65
 4.94962e+22	3.44e-24	9.76e-17	2.88e-12	8.52e-09	1.53e-04	3.10e-02	9.69e-01	0.00e+00	0.00e+00	0.00e+00	8.19e-17	1.57e-17	1.18e-64
 5.02204e+22	4.19e-24	1.17e-16	3.34e-12	9.49e-09	1.65e-04	3.20e-02	9.68e-01	0.00e+00	0.00e+00	0.00e+00	9.86e-17	1.85e-17	1.92e-64
 5.09749e+22	5.09e-24	1.40e-16	3.86e-12	1.06e-08	1.77e-04	3.32e-02	9.67e-01	0.00e+00	0.00e+00	0.00e+00	1.18e-16	2.17e-17	3.10e-64
 5.18017e+22	6.30e-24	1.71e-16	4.53e-12	1.19e-08	1.91e-04	3.44e-02	9.65e-01	0.00e+00	0.00e+00	0.00e+00	1.45e-16	2.58e-17	5.23e-64
 5.25318e+22	7.54e-24	2.02e-16	5.19e-12	1.31e-08	2.05e-04	3.55e-02	9.64e-01	0.00e+00	0.00e+00	0.00e+00	1.72e-16	2.98e-17	8.20e-64
 5.31912e+22	8.82e-24	2.34e-16	5.84e-12	1.43e-08	2.17e-04	3.65e-02	9.63e-01	0.00e+00	0.00e+00	0.00e+00	2.00e-16	3.40e-17	1.21e-63
 5.39491e+22	1.05e-23	2.75e-16	6.66e-12	1.58e-08	2.31e-04	3.77e-02	9.62e-01	0.00e+00	0.00e+00	0.00e+00	2.36e-16	3.93e-17	1.87e-63
 5.49343e+22	1.31e-23	3.38e-16	7.86e-12	1.78e-08	2.51e-04	3.92e-02	9.61e-01	0.00e+00	0.00e+00	0.00e+00	2.91e-16	4.70e-17	3.21e-63
 5.59652e+22	1.65e-23	4.19e-16	9.35e-12	2.02e-08	2.73e-04	4.08e-02	9.59e-01	0.00e+00	0.00e+00	0.00e+00	3.62e-16	5.63e-17	5.69e-63
 5.67574e+22	1.96e-23	4.93e-16	1.07e-11	2.23e-08	2.91e-04	4.21e-02	9.58e-01	0.00e+00	0.00e+00	0.00e+00	4.28e-16	6.48e-17	8.79e-63
 5.74894e+22	2.23e-23	5.60e-16	1.18e-11	2.40e-08	3.06e-04	4.31e-02	9.57e-01	0.00e+00	0.00e+00	0.00e+00	4.87e-16	7.28e-17	1.24e-62
 5.84409e+22	2.70e-23	6.73e-16	1.37e-11	2.68e-08	3.29e-04	4.46e-02	9.55e-01	0.00e+00	0.00e+00	0.00e+00	5.88e-16	8.53e-17	2.01e-62
 5.94159e+22	3.29e-23	8.07e-16	1.59e-11	2.99e-08	3.53e-04	4.61e-02	9.54e-01	0.00e+00	0.00e+00	0.00e+00	7.08e-16	9.92e-17	3.28e-62
 6.02184e+22	3.79e-23	9.27e-16	1.78e-11	3.24e-08	3.73e-04	4.73e-02	9.52e-01	0.00e+00	0.00e+00	0.00e+00	8.15e-16	1.12e-16	4.76e-62
 6.10585e+22	4.44e-23	1.08e-15	2.01e-11	3.55e-08	3.96e-04	4.87e-02	9.51e-01	0.00e+00	0.00e+00	0.00e+00	9.49e-16	1.28e-16	7.06e-62
 6.21505e+22	5.33e-23	1.29e-15	2.32e-11	3.95e-08	4.25e-04	5.04e-02	9.49e-01	0.00e+00	0.00e+00	0.00e+00	1.14e-15	1.48e-16	1.13e-61
 6.32684e+22	6.51e-23	1.56e-15	2.70e-11	4.42e-08	4.58e-04	5.23e-02	9.47e-01	0.00e+00	0.00e+00	0.00e+00	1.38e-15	1.73e-16	1.89e-61
 6.41129e+22	7.51e-23	1.78e-15	3.02e-11	4.79e-08	4.83e-04	5.36e-02	9.46e-01	0.00e+00	0.00e+00	0.00e+00	1.59e-15	1.94e-16	2.72e-61
 6.49039e+22	8.48e-23	2.01e-15	3.32e-11	5.15e-08	5.06e-04	5.48e-02	9.45e-01	0.00e+00	0.00e+00	0.00e+00	1.79e-15	2.16e-16	3.74e-61
 6.59323e+22	9.97e-23	2.35e-15	3.78e-11	5.65e-08	5.39e-04	5.65e-02	9.43e-01	0.00e+00	0.00e+00	0.00e+00	2.10e-15	2.47e-16	5.66e-61
 6.69765e+22	1.17e-22	2.74e-15	4.28e-11	6.20e-08	5.72e-04	5.81e-02	9.41e-01	0.00e+00	0.00e+00	0.00e+00	2.46e-15	2.79e-16	8.61e-61
 6.78459e+22	1.33e-22	3.11e-15	4.74e-11	6.69e-08	6.02e-04	5.96e-02	9.40e-01	0.00e+00	0.00e+00	0.00e+00	2.80e-15	3.11e-16	1.21e-60
 6.87808e+22	1.52e-22	3.54e-15	5.26e-11	7.22e-08	6.34e-04	6.11e-02	9.38e-01	0.00e+00	0.00e+00	0.00e+00	3.19e-15	3.47e-16	1.70e-60
 6.99961e+22	1.80e-22	4.17e-15	6.02e-11	7.98e-08	6.77e-04	6.30e-02	9.36e-01	0.00e+00	0.00e+00	0.00e+00	3.77e-15	3.98e-16	2.63e-60
 7.11973e+22	2.14e-22	4.92e-15	6.88e-11	8.81e-08	7.23e-04	6.50e-02	9.34e-01	0.00e+00	0.00e+00	0.00e+00	4.47e-15	4.54e-16	4.11e-60
 7.21756e+22	2.44e-22	5.59e-15	7.63e-11	9.51e-08	7.60e-04	6.66e-02	9.33e-01	0.00e+00	0.00e+00	0.00e+00	5.08e-15	5.06e-16	5.77e-60
 7.32430e+22	2.79e-22	6.37e-15	8.48e-11	1.03e-07	8.01e-04	6.83e-02	9.31e-01	0.00e+00	0.00e+00	0.00e+00	5.80e-15	5.64e-16	8.16e-60
 7.43888e+22	3.22e-22	7.34e-15	9.51e-11	1.12e-07	8.47e-04	7.01e-02	9.29e-01	0.00e+00	0.00e+00	0.00e+00	6.71e-15	6.31e-16	1.20e-59
 7.54060e+22	3.66e-22	8.31e-15	1.05e-10	1.21e-07	8.89e-04	7.18e-02	9.27e-01	0.00e+00	0.00e+00	0.00e+00	7.61e-15	6.99e-16	1.67e-59
 7.64976e+22	4.16e-22	9.43e-15	1.17e-10	1.30e-07	9.36e-04	7.36e-02	9.25e-01	0.00e+00	0.00e+00	0.00e+00	8.65e-15	7.78e-16	2.35e-59
 7.76988e+22	4.81e-22	1.08e-14	1.31e-10	1.42e-07	9.90e-04	7.56e-02	9.23e-01	0.00e+00	0.00e+00	0.00e+00	9.98e-15	8.69e-16	3.41e-59
 7.88289e+22	5.50e-22	1.24e-14	1.45e-10	1.53e-07	1.04e-03	7.76e-02	9.21e-01	0.00e+00	0.00e+00	0.00e+00	1.14e-14	9.66e-16	4.80e-59
 8.00848e+22	6.27e-22	1.41e-14	1.62e-10	1.66e-07	1.10e-03	7.96e-02	9.19e-01	0.00e+00	0.00e+00	0.00e+00	1.30e-14	1.08e-15	6.82e-59
 8.14486e+22	7.33e-22	1.64e-14	1.83e-10	1.82e-07	1.17e-03	8.19e-02	9.17e-01	0.00e+00	0.00e+00	0.00e+00	1.52e-14	1.21e-15	1.02e-58
 8.26951e+22	8.38e-22	1.87e-14	2.03e-10	1.97e-07	1.23e-03	8.40e-02	9.15e-01	0.00e+00	0.00e+00	0.00e+00	1.73e-14	1.35e-15	1.45e-58
 8.40581e+22	9.56e-22	2.13e-14	2.27e-10	2.14e-07	1.30e-03	8.63e-02	9.12e-01	0.00e+00	0.00e+00	0.00e+00	1.98e-14	1.50e-15	2.06e-58
 8.55668e+22	1.12e-21	2.49e-14	2.57e-10	2.35e-07	1.39e-03	8.89e-02	9.10e-01	0.00e+00	0.00e+00	0.00e+00	2.32e-14	1.70e-15	3.12e-58
 8.69989e+22	1.29e-21	2.86e-14	2.88e-10	2.55e-07	1.47e-03	9.13e-02	9.07e-01	0.00e+00	0.00e+00	0.00e+00	2.67e-14	1.89e-15	4.51e-58
 8.85944e+22	1.49e-21	3.31e-14	3.24e-10	2.79e-07	1.56e-03	9.39e-02	9.05e-01	0.00e+00	0.00e+00	0.00e+00	3.10e-14	2.13e-15	6.64e-58
 9.03271e+22	1.75e-21	3.90e-14	3.70e-10	3.08e-07	1.66e-03	9.69e-02	9.01e-01	0.00e+00	0.00e+00	0.00e+00	3.65e-14	2.42e-15	1.02e-57
 9.19879e+22	2.03e-21	4.51e-14	4.17e-10	3.37e-07	1.77e-03	9.97e-02	8.99e-01	0.00e+00	0.00e+00	0.00e+00	4.24e-14	2.72e-15	1.51e-57
 9.38964e+22	2.39e-21	5.32e-14	4.77e-10	3.73e-07	1.89e-03	1.03e-01	8.95e-01	0.00e+00	0.00e+00	0.00e+00	5.01e-14	3.10e-15	2.33e-57
 9.59540e+22	2.85e-21	6.36e-14	5.52e-10	4.15e-07	2.03e-03	1.07e-01	8.91e-01	0.00e+00	0.00e+00	0.00e+00	6.00e-14	3.55e-15	3.74e-57
 9.77633e+22	3.30e-21	7.41e-14	6.25e-10	4.55e-07	2.16e-03	1.10e-01	8.88e-01	0.00e+00	0.00e+00	0.00e+00	7.01e-14	4.00e-15	5.62e-57
 9.96733e+22	3.79e-21	8.58e-14	7.05e-10	4.99e-07	2.29e-03	1.13e-01	8.85e-01	0.00e+00	0.00e+00	0.00e+00	8.13e-14	4.51e-15	8.23e-57
 1.02156e+23	4.51e-21	1.03e-13	8.20e-10	5.58e-07	2.47e-03	1.17e-01	8.81e-01	0.00e+00	0.00e+00	0.00e+00	9.81e-14	5.21e-15	1.34e-56
 1.04671e+23	5.47e-21	1.27e-13	9.71e-10	6.33e-07	2.69e-03	1.22e-01	8.76e-01	0.00e+00	0.00e+00	0.00e+00	1.21e-13	6.07e-15	2.29e-56
 1.06630e+23	6.37e-21	1.48e-13	1.10e-09	6.95e-07	2.86e-03	1.25e-01	8.72e-01	0.00e+00	0.00e+00	0.00e+00	1.41e-13	6.86e-15	3.43e-56
 1.08578e+23	7.22e-21	1.70e-13	1.23e-09	7.55e-07	3.02e-03	1.28e-01	8.69e-01	0.00e+00	0.00e+00	0.00e+00	1.62e-13	7.66e-15	4.85e-56
 1.11111e+23	8.48e-21	2.02e-13	1.42e-09	8.40e-07	3.25e-03	1.33e-01	8.64e-01	0.00e+00	0.00e+00	0.00e+00	1.93e-13	8.77e-15	7.57e-56
 1.14403e+23	1.03e-20	2.50e-13	1.69e-09	9.58e-07	3.54e-03	1.38e-01	8.58e-01	0.00e+00	0.00e+00	0.00e+00	2.40e-13	1.03e-14	1.30e-55
 1.17809e+23	1.29e-20	3.17e-13	2.06e-09	1.11e-06	3.90e-03	1.45e-01	8.52e-01	0.00e+00	0.00e+00	0.00e+00	3.05e-13	1.23e-14	2.40e-55
 1.20439e+23	1.50e-20	3.72e-13	2.34e-09	1.22e-06	4.17e-03	1.49e-01	8.47e-01	0.00e+00	0.00e+00	0.00e+00	3.58e-13	1.38e-14	3.64e-55
 1.22931e+23	1.72e-20	4.36e-13	2.67e-09	1.35e-06	4.45e-03	1.53e-01	8.42e-01	0.00e+00	0.00e+00	0.00e+00	4.20e-13	1.58e-14	5.40e-55
 1.26172e+23	2.04e-20	5.28e-13	3.13e-09	1.52e-06	4.81e-03	1.59e-01	8.36e-01	0.00e+00	0.00e+00	0.00e+00	5.10e-13	1.83e-14	8.63e-55
 1.30384e+23	2.48e-20	6.66e-13	3.80e-09	1.75e-06	5.30e-03	1.66e-01	8.29e-01	0.00e+00	0.00e+00	0.00e+00	6.45e-13	2.17e-14	1.52e-54
 1.34770e+23	3.13e-20	8.63e-13	4.70e-09	2.06e-06	5.89e-03	1.74e-01	8.20e-01	0.00e+00	0.00e+00	0.00e+00	8.36e-13	2.62e-14	2.89e-54
 1.38164e+23	3.73e-20	1.04e-12	5.51e-09	2.32e-06	6.37e-03	1.80e-01	8.13e-01	0.00e+00	0.00e+00	0.00e+00	1.01e-12	3.02e-14	4.65e-54
 1.40776e+23	4.18e-20	1.19e-12	6.12e-09	2.51e-06	6.72e-03	1.85e-01	8.09e-01	0.00e+00	0.00e+00	0.00e+00	1.15e-12	3.34e-14	6.43e-54
 1.43589e+23	4.64e-20	1.36e-12	6.86e-09	2.74e-06	7.11e-03	1.89e-01	8.03e-01	0.00e+00	0.00e+00	0.00e+00	1.32e-12	3.71e-14	8.85e-54
 1.47245e+23	5.29e-20	1.61e-12	7.91e-09	3.04e-06	7.64e-03	1.95e-01	7.97e-01	0.00e+00	0.00e+00	0.00e+00	1.57e-12	4.20e-14	1.31e-53
 1.51998e+23	6.17e-20	1.97e-12	9.38e-09	3.46e-06	8.32e-03	2.03e-01	7.89e-01	0.00e+00	0.00e+00	0.00e+00	1.92e-12	4.86e-14	2.10e-53
 1.57106e+23	7.49e-20	2.50e-12	1.15e-08	4.03e-06	9.18e-03	2.12e-01	7.79e-01	0.00e+00	0.00e+00	0.00e+00	2.45e-12	5.74e-14	3.70e-53
 1.61237e+23	8.77e-20	3.01e-12	1.34e-08	4.52e-06	9.92e-03	2.19e-01	7.71e-01	0.00e+00	0.00e+00	0.00e+00	2.94e-12	6.55e-14	5.77e-53
 1.64559e+23	9.64e-20	3.39e-12	1.48e-08	4.88e-06	1.04e-02	2.24e-01	7.66e-01	0.00e+00	0.00e+00	0.00e+00	3.32e-12	7.16e-14	7.70e-53
 1.68266e+23	1.06e-19	3.91e-12	1.67e-08	5.35e-06	1.11e-02	2.30e-01	7.59e-01	0.00e+00	0.00e+00	0.00e+00	3.83e-12	7.96e-14	1.05e-52
 1.73087e+23	1.17e-19	4.59e-12	1.92e-08	5.95e-06	1.19e-02	2.37e-01	7.51e-01	0.00e+00	0.00e+00	0.00e+00	4.50e-12	8.88e-14	1.49e-52
 1.79353e+23	1.31e-19	5.53e-12	2.25e-08	6.73e-06	1.29e-02	2.45e-01	7.42e-01	0.00e+00	0.00e+00	0.00e+00	5.43e-12	1.00e-13	2.24e-52
 1.86614e+23	1.52e-19	6.94e-12	2.73e-08	7.81e-06	1.43e-02	2.56e-01	7.30e-01	0.00e+00	0.00e+00	0.00e+00	6.83e-12	1.16e-13	3.70e-52
 1.93372e+23	1.76e-19	8.56e-12	3.27e-08	8.96e-06	1.56e-02	2.66e-01	7.19e-01	0.00e+00	0.00e+00	0.00e+00	8.43e-12	1.33e-13	5.95e-52
 1.99029e+23	1.97e-19	1.01e-11	3.76e-08	9.96e-06	1.68e-02	2.74e-01	7.10e-01	0.00e+00	0.00e+00	0.00e+00	9.92e-12	1.48e-13	8.58e-52
 2.05055e+23	2.10e-19	1.15e-11	4.21e-08	1.09e-05	1.78e-02	2.80e-01	7.02e-01	0.00e+00	0.00e+00	0.00e+00	1.13e-11	1.62e-13	1.12e-51
 2.12692e+23	2.25e-19	1.33e-11	4.79e-08	1.21e-05	1.91e-02	2.88e-01	6.93e-01	0.00e+00	0.00e+00	0.00e+00	1.31e-11	1.75e-13	1.51e-51
 2.21323e+23	2.46e-19	1.58e-11	5.56e-08	1.35e-05	2.06e-02	2.98e-01	6.82e-01	0.00e+00	0.00e+00	0.00e+00	1.56e-11	1.91e-13	2.17e-51
 2.29711e+23	2.70e-19	1.87e-11	6.44e-08	1.52e-05	2.22e-02	3.07e-01	6.71e-01	0.00e+00	0.00e+00	0.00e+00	1.85e-11	2.10e-13	3.11e-51
 2.37288e+23	2.92e-19	2.14e-11	7.25e-08	1.66e-05	2.37e-02	3.15e-01	6.61e-01	0.00e+00	0.00e+00	0.00e+00	2.12e-11	2.26e-13	4.18e-51
 2.44107e+23	3.10e-19	2.37e-11	7.90e-08	1.78e-05	2.48e-02	3.21e-01	6.54e-01	0.00e+00	0.00e+00	0.00e+00	2.34e-11	2.37e-13	5.20e-51
 2.50245e+23	3.24e-19	2.59e-11	8.53e-08	1.89e-05	2.59e-02	3.26e-01	6.48e-01	0.00e+00	0.00e+00	0.00e+00	2.57e-11	2.47e-13	6.30e-51
 2.55768e+23	3.36e-19	2.80e-11	9.13e-08	2.00e-05	2.68e-02	3.31e-01	6.42e-01	0.00e+00	0.00e+00	0.00e+00	2.77e-11	2.56e-13	7.40e-51
 2.60740e+23	3.49e-19	3.01e-11	9.72e-08	2.10e-05	2.78e-02	3.36e-01	6.37e-01	0.00e+00	0.00e+00	0.00e+00	2.98e-11	2.66e-13	8.58e-51
 2.65214e+23	3.60e-19	3.19e-11	1.02e-07	2.19e-05	2.86e-02	3.39e-01	6.32e-01	0.00e+00	0.00e+00	0.00e+00	3.16e-11	2.73e-13	9.65e-51
 2.69241e+23	3.65e-19	3.34e-11	1.07e-07	2.26e-05	2.92e-02	3.42e-01	6.28e-01	0.00e+00	0.00e+00	0.00e+00	3.31e-11	2.77e-13	1.06e-50
 2.72865e+23	3.74e-19	3.48e-11	1.10e-07	2.32e-05	2.98e-02	3.45e-01	6.25e-01	0.00e+00	0.00e+00	0.00e+00	3.45e-11	2.81e-13	1.15e-50
 2.76126e+23	3.80e-19	3.60e-11	1.14e-07	2.38e-05	3.03e-02	3.48e-01	6.22e-01	0.00e+00	0.00e+00	0.00e+00	3.57e-11	2.85e-13	1.24e-50
 2.79199e+23	3.82e-19	3.70e-11	1.16e-07	2.43e-05	3.07e-02	3.50e-01	6.20e-01	0.00e+00	0.00e+00	0.00e+00	3.67e-11	2.86e-13	1.30e-50
 2.82254e+23	3.82e-19	3.77e-11	1.18e-07	2.46e-05	3.11e-02	3.51e-01	6.18e-01	0.00e+00	0.00e+00	0.00e+00	3.74e-11	2.86e-13	1.35e-50
 2.85309e+23	3.90e-19	3.87e-11	1.21e-07	2.51e-05	3.15e-02	3.53e-01	6.15e-01	0.00e+00	0.00e+00	0.00e+00	3.84e-11	2.88e-13	1.41e-50
 2.88363e+23	3.96e-19	3.97e-11	1.24e-07	2.55e-05	3.19e-02	3.55e-01	6.13e-01	0.00e+00	0.00e+00	0.00e+00	3.94e-11	2.89e-13	1.48e-50
 2.91418e+23	3.99e-19	4.07e-11	1.27e-07	2.60e-05	3.23e-02	3.57e-01	6.11e-01	0.00e+00	0.00e+00	0.00e+00	4.04e-11	2.90e-13	1.54e-50
 2.94473e+23	3.99e-19	4.14e-11	1.29e-07	2.64e-05	3.27e-02	3.59e-01	6.08e-01	0.00e+00	0.00e+00	0.00e+00	4.11e-11	2.89e-13	1.58e-50
 2.97528e+23	3.99e-19	4.21e-11	1.31e-07	2.67e-05	3.31e-02	3.61e-01	6.06e-01	0.00e+00	0.00e+00	0.00e+00	4.18e-11	2.88e-13	1.63e-50
 3.00583e+23	4.00e-19	4.29e-11	1.33e-07	2.72e-05	3.35e-02	3.63e-01	6.04e-01	0.00e+00	0.00e+00	0.00e+00	4.26e-11	2.88e-13	1.67e-50
 3.03637e+23	4.03e-19	4.39e-11	1.36e-07	2.77e-05	3.40e-02	3.65e-01	6.01e-01	0.00e+00	0.00e+00	0.00e+00	4.36e-11	2.89e-13	1.73e-50
 3.05323e+23	4.30e-19	4.62e-11	1.42e-07	2.86e-05	3.48e-02	3.69e-01	5.97e-01	0.00e+00	0.00e+00	0.00e+00	4.59e-11	2.99e-13	1.97e-50
