#depth	Ne	Ne+	Ne+2	Ne+3	Ne+4	Ne+5	Ne+6	Ne+7	Ne+8	Ne+9	Ne+10
 1.54284e+19	0.00e+00	0.00e+00	0.00e+00	2.05e-37	6.66e-31	6.90e-25	5.07e-19	3.61e-13	4.21e-07	1.17e-03	9.99e-01
 9.25702e+19	0.00e+00	0.00e+00	0.00e+00	0.00e+00	9.06e-31	8.91e-25	6.21e-19	4.18e-13	4.63e-07	1.23e-03	9.99e-01
 2.19083e+20	0.00e+00	0.00e+00	0.00e+00	5.37e-37	1.52e-30	1.36e-24	8.68e-19	5.34e-13	5.46e-07	1.34e-03	9.99e-01
 3.51273e+20	0.00e+00	0.00e+00	0.00e+00	0.00e+00	2.53e-30	2.09e-24	1.21e-18	6.83e-13	6.42e-07	1.46e-03	9.99e-01
 4.65778e+20	0.00e+00	0.00e+00	0.00e+00	1.64e-36	3.95e-30	3.00e-24	1.61e-18	8.39e-13	7.38e-07	1.56e-03	9.98e-01
 5.52029e+20	0.00e+00	0.00e+00	0.00e+00	0.00e+00	5.44e-30	3.91e-24	1.99e-18	9.76e-13	8.16e-07	1.65e-03	9.98e-01
 6.42047e+20	0.00e+00	0.00e+00	0.00e+00	3.48e-36	7.50e-30	5.10e-24	2.44e-18	1.13e-12	9.02e-07	1.74e-03	9.98e-01
 7.42949e+20	0.00e+00	0.00e+00	0.00e+00	0.00e+00	1.08e-29	6.88e-24	3.09e-18	1.34e-12	1.01e-06	1.84e-03	9.98e-01
 8.36894e+20	0.00e+00	0.00e+00	0.00e+00	7.83e-36	1.50e-29	9.04e-24	3.82e-18	1.57e-12	1.12e-06	1.94e-03	9.98e-01
 9.24166e+20	0.00e+00	0.00e+00	0.00e+00	0.00e+00	0.00e+00	1.16e-23	4.64e-18	1.80e-12	1.23e-06	2.04e-03	9.98e-01
 1.02387e+21	0.00e+00	0.00e+00	0.00e+00	0.00e+00	2.85e-29	1.53e-23	5.77e-18	2.11e-12	1.37e-06	2.16e-03	9.98e-01
 1.13572e+21	0.00e+00	0.00e+00	0.00e+00	2.56e-35	4.13e-29	2.08e-23	7.33e-18	2.50e-12	1.53e-06	2.29e-03	9.98e-01
 1.23792e+21	0.00e+00	0.00e+00	0.00e+00	0.00e+00	0.00e+00	2.74e-23	9.08e-18	2.92e-12	1.70e-06	2.42e-03	9.98e-01
 1.32956e+21	0.00e+00	0.00e+00	0.00e+00	0.00e+00	7.79e-29	3.51e-23	1.10e-17	3.35e-12	1.86e-06	2.53e-03	9.97e-01
 1.43289e+21	0.00e+00	0.00e+00	0.00e+00	7.92e-35	1.08e-28	4.59e-23	1.36e-17	3.89e-12	2.06e-06	2.67e-03	9.97e-01
 1.54968e+21	0.00e+00	0.00e+00	0.00e+00	0.00e+00	1.56e-28	6.19e-23	1.71e-17	4.59e-12	2.30e-06	2.83e-03	9.97e-01
 1.66099e+21	0.00e+00	0.00e+00	0.00e+00	1.80e-34	2.18e-28	8.15e-23	2.11e-17	5.34e-12	2.54e-06	2.99e-03	9.97e-01
 1.76215e+21	0.00e+00	0.00e+00	0.00e+00	0.00e+00	2.95e-28	1.05e-22	2.57e-17	6.12e-12	2.79e-06	3.14e-03	9.97e-01
 1.87311e+21	0.00e+00	0.00e+00	0.00e+00	3.79e-34	4.10e-28	1.37e-22	3.16e-17	7.09e-12	3.08e-06	3.31e-03	9.97e-01
 1.98758e+21	0.00e+00	0.00e+00	0.00e+00	0.00e+00	5.73e-28	1.80e-22	3.90e-17	8.24e-12	3.41e-06	3.49e-03	9.97e-01
 2.08177e+21	0.00e+00	0.00e+00	0.00e+00	7.72e-34	7.52e-28	2.25e-22	4.64e-17	9.31e-12	3.70e-06	3.64e-03	9.96e-01
 2.17941e+21	0.00e+00	0.00e+00	0.00e+00	0.00e+00	9.91e-28	2.83e-22	5.52e-17	1.05e-11	4.02e-06	3.80e-03	9.96e-01
 2.30633e+21	0.00e+00	0.00e+00	0.00e+00	1.63e-33	1.42e-27	3.80e-22	6.93e-17	1.23e-11	4.48e-06	4.03e-03	9.96e-01
 2.43496e+21	0.00e+00	0.00e+00	6.06e-40	2.48e-33	2.03e-27	5.08e-22	8.67e-17	1.44e-11	4.98e-06	4.26e-03	9.96e-01
 2.53407e+21	0.00e+00	0.00e+00	0.00e+00	0.00e+00	2.64e-27	6.31e-22	1.02e-16	1.62e-11	5.39e-06	4.45e-03	9.96e-01
 2.63118e+21	0.00e+00	0.00e+00	0.00e+00	4.60e-33	3.43e-27	7.80e-22	1.21e-16	1.82e-11	5.83e-06	4.63e-03	9.95e-01
 2.75741e+21	0.00e+00	0.00e+00	1.95e-39	6.86e-33	4.82e-27	1.03e-21	1.49e-16	2.11e-11	6.45e-06	4.89e-03	9.95e-01
 2.88739e+21	0.00e+00	0.00e+00	0.00e+00	0.00e+00	6.78e-27	1.36e-21	1.85e-16	2.45e-11	7.14e-06	5.16e-03	9.95e-01
 2.99357e+21	0.00e+00	0.00e+00	0.00e+00	1.41e-32	8.90e-27	1.70e-21	2.19e-16	2.76e-11	7.74e-06	5.38e-03	9.95e-01
 3.08219e+21	0.00e+00	0.00e+00	6.06e-39	1.84e-32	1.12e-26	2.05e-21	2.52e-16	3.05e-11	8.28e-06	5.58e-03	9.94e-01
 3.17664e+21	0.00e+00	0.00e+00	0.00e+00	0.00e+00	1.42e-26	2.49e-21	2.93e-16	3.38e-11	8.89e-06	5.79e-03	9.94e-01
 3.29943e+21	0.00e+00	0.00e+00	0.00e+00	3.53e-32	1.94e-26	3.21e-21	3.56e-16	3.87e-11	9.74e-06	6.08e-03	9.94e-01
 3.42389e+21	0.00e+00	0.00e+00	1.94e-38	5.08e-32	2.64e-26	4.13e-21	4.31e-16	4.42e-11	1.07e-05	6.38e-03	9.94e-01
 3.52250e+21	0.00e+00	0.00e+00	0.00e+00	0.00e+00	3.35e-26	5.02e-21	5.00e-16	4.90e-11	1.15e-05	6.63e-03	9.93e-01
 3.62268e+21	0.00e+00	0.00e+00	0.00e+00	8.96e-32	4.27e-26	6.11e-21	5.82e-16	5.45e-11	1.23e-05	6.89e-03	9.93e-01
 3.73569e+21	0.00e+00	0.00e+00	5.42e-38	1.24e-31	5.64e-26	7.67e-21	6.91e-16	6.14e-11	1.34e-05	7.19e-03	9.93e-01
 3.84133e+21	0.00e+00	0.00e+00	0.00e+00	0.00e+00	7.23e-26	9.39e-21	8.07e-16	6.83e-11	1.44e-05	7.47e-03	9.93e-01
 3.93823e+21	0.00e+00	0.00e+00	0.00e+00	2.19e-31	9.11e-26	1.13e-20	9.33e-16	7.55e-11	1.54e-05	7.74e-03	9.92e-01
 4.04785e+21	0.00e+00	0.00e+00	1.47e-37	2.96e-31	1.18e-25	1.40e-20	1.09e-15	8.44e-11	1.66e-05	8.06e-03	9.92e-01
 4.16237e+21	0.00e+00	0.00e+00	0.00e+00	0.00e+00	1.54e-25	1.74e-20	1.29e-15	9.47e-11	1.80e-05	8.40e-03	9.92e-01
 4.25797e+21	0.00e+00	0.00e+00	0.00e+00	5.25e-31	1.91e-25	2.08e-20	1.48e-15	1.04e-10	1.92e-05	8.69e-03	9.91e-01
 4.35696e+21	0.00e+00	0.00e+00	3.85e-37	6.84e-31	2.40e-25	2.50e-20	1.70e-15	1.15e-10	2.05e-05	9.00e-03	9.91e-01
 4.48565e+21	0.00e+00	0.00e+00	0.00e+00	0.00e+00	3.21e-25	3.17e-20	2.04e-15	1.30e-10	2.23e-05	9.41e-03	9.91e-01
 4.61541e+21	0.00e+00	0.00e+00	0.00e+00	1.36e-30	4.31e-25	4.03e-20	2.45e-15	1.48e-10	2.43e-05	9.84e-03	9.90e-01
 4.71709e+21	0.00e+00	0.00e+00	1.15e-36	1.78e-30	5.40e-25	4.85e-20	2.83e-15	1.63e-10	2.60e-05	1.02e-02	9.90e-01
 4.81980e+21	0.00e+00	0.00e+00	0.00e+00	0.00e+00	6.76e-25	5.83e-20	3.25e-15	1.80e-10	2.78e-05	1.05e-02	9.89e-01
 4.93498e+21	0.00e+00	0.00e+00	0.00e+00	3.12e-30	8.71e-25	7.17e-20	3.81e-15	2.01e-10	2.99e-05	1.10e-02	9.89e-01
 5.04290e+21	0.00e+00	0.00e+00	3.02e-36	4.11e-30	1.10e-24	8.69e-20	4.41e-15	2.22e-10	3.20e-05	1.14e-02	9.89e-01
 5.14279e+21	0.00e+00	0.00e+00	0.00e+00	0.00e+00	1.36e-24	1.04e-19	5.04e-15	2.44e-10	3.41e-05	1.17e-02	9.88e-01
 5.25568e+21	0.00e+00	0.00e+00	0.00e+00	7.02e-30	1.74e-24	1.26e-19	5.87e-15	2.71e-10	3.66e-05	1.22e-02	9.88e-01
 5.38231e+21	0.00e+00	0.00e+00	8.03e-36	9.63e-30	2.27e-24	1.57e-19	6.94e-15	3.05e-10	3.96e-05	1.27e-02	9.87e-01
 5.49558e+21	0.00e+00	0.00e+00	0.00e+00	0.00e+00	2.88e-24	1.91e-19	8.07e-15	3.39e-10	4.25e-05	1.31e-02	9.87e-01
 5.59279e+21	0.00e+00	0.00e+00	0.00e+00	1.62e-29	3.53e-24	2.25e-19	9.15e-15	3.70e-10	4.51e-05	1.35e-02	9.86e-01
 5.70032e+21	0.00e+00	0.00e+00	1.96e-35	2.10e-29	4.41e-24	2.71e-19	1.05e-14	4.08e-10	4.81e-05	1.40e-02	9.86e-01
 5.84011e+21	0.00e+00	0.00e+00	0.00e+00	0.00e+00	5.86e-24	3.42e-19	1.26e-14	4.62e-10	5.23e-05	1.46e-02	9.85e-01
 5.98261e+21	0.00e+00	0.00e+00	0.00e+00	4.12e-29	7.84e-24	4.34e-19	1.51e-14	5.26e-10	5.69e-05	1.53e-02	9.85e-01
 6.09632e+21	0.00e+00	0.00e+00	5.80e-35	5.39e-29	9.86e-24	5.24e-19	1.75e-14	5.82e-10	6.09e-05	1.58e-02	9.84e-01
 6.21183e+21	0.00e+00	0.00e+00	0.00e+00	0.00e+00	1.24e-23	6.31e-19	2.02e-14	6.44e-10	6.51e-05	1.63e-02	9.84e-01
 6.34147e+21	0.00e+00	0.00e+00	0.00e+00	9.51e-29	1.60e-23	7.79e-19	2.37e-14	7.21e-10	7.01e-05	1.70e-02	9.83e-01
 6.46248e+21	0.00e+00	0.00e+00	1.53e-34	1.25e-28	2.03e-23	9.47e-19	2.76e-14	8.01e-10	7.51e-05	1.76e-02	9.82e-01
 6.57397e+21	0.00e+00	0.00e+00	0.00e+00	1.61e-28	2.51e-23	1.13e-18	3.16e-14	8.82e-10	8.00e-05	1.81e-02	9.82e-01
 6.70010e+21	0.00e+00	0.00e+00	2.82e-34	2.14e-28	3.19e-23	1.38e-18	3.68e-14	9.82e-10	8.58e-05	1.88e-02	9.81e-01
 6.84197e+21	0.00e+00	0.00e+00	0.00e+00	2.93e-28	4.18e-23	1.72e-18	4.36e-14	1.11e-09	9.28e-05	1.95e-02	9.80e-01
 6.97477e+21	0.00e+00	0.00e+00	5.65e-34	3.92e-28	5.36e-23	2.11e-18	5.11e-14	1.24e-09	9.98e-05	2.03e-02	9.80e-01
 7.09745e+21	0.00e+00	0.00e+00	0.00e+00	5.10e-28	6.72e-23	2.54e-18	5.90e-14	1.37e-09	1.07e-04	2.10e-02	9.79e-01
 7.23650e+21	0.00e+00	0.00e+00	1.07e-33	6.85e-28	8.63e-23	3.13e-18	6.92e-14	1.54e-09	1.15e-04	2.17e-02	9.78e-01
 7.38879e+21	0.00e+00	2.70e-40	1.55e-33	9.45e-28	1.14e-22	3.92e-18	8.25e-14	1.74e-09	1.24e-04	2.26e-02	9.77e-01
 7.52622e+21	0.00e+00	0.00e+00	0.00e+00	1.26e-27	1.45e-22	4.80e-18	9.65e-14	1.94e-09	1.34e-04	2.35e-02	9.76e-01
 7.65027e+21	0.00e+00	0.00e+00	2.85e-33	1.61e-27	1.79e-22	5.72e-18	1.10e-13	2.14e-09	1.42e-04	2.42e-02	9.76e-01
 7.78902e+21	0.00e+00	7.78e-40	3.95e-33	2.14e-27	2.29e-22	6.99e-18	1.29e-13	2.39e-09	1.52e-04	2.51e-02	9.75e-01
 7.94414e+21	0.00e+00	0.00e+00	0.00e+00	2.89e-27	2.96e-22	8.66e-18	1.52e-13	2.69e-09	1.64e-04	2.60e-02	9.74e-01
 8.09175e+21	0.00e+00	0.00e+00	7.85e-33	3.89e-27	3.82e-22	1.07e-17	1.79e-13	3.02e-09	1.77e-04	2.70e-02	9.73e-01
 8.23059e+21	0.00e+00	2.39e-39	1.07e-32	5.09e-27	4.81e-22	1.29e-17	2.08e-13	3.35e-09	1.89e-04	2.79e-02	9.72e-01
 8.38682e+21	0.00e+00	0.00e+00	0.00e+00	6.83e-27	6.18e-22	1.59e-17	2.44e-13	3.76e-09	2.04e-04	2.90e-02	9.71e-01
 8.56038e+21	0.00e+00	0.00e+00	2.14e-32	9.37e-27	8.11e-22	1.99e-17	2.91e-13	4.26e-09	2.21e-04	3.01e-02	9.70e-01
 8.71847e+21	0.00e+00	7.73e-39	3.02e-32	1.26e-26	1.05e-21	2.46e-17	3.43e-13	4.79e-09	2.38e-04	3.13e-02	9.68e-01
 8.85835e+21	0.00e+00	0.00e+00	0.00e+00	1.63e-26	1.30e-21	2.95e-17	3.94e-13	5.29e-09	2.53e-04	3.23e-02	9.67e-01
 9.01258e+21	0.00e+00	0.00e+00	5.44e-32	2.11e-26	1.63e-21	3.55e-17	4.56e-13	5.88e-09	2.71e-04	3.33e-02	9.66e-01
 9.21309e+21	0.00e+00	2.37e-38	8.18e-32	3.02e-26	2.21e-21	4.57e-17	5.54e-13	6.76e-09	2.96e-04	3.48e-02	9.65e-01
 9.41694e+21	0.00e+00	0.00e+00	0.00e+00	4.29e-26	2.99e-21	5.88e-17	6.74e-13	7.78e-09	3.23e-04	3.64e-02	9.63e-01
 9.58120e+21	0.00e+00	0.00e+00	1.68e-31	5.65e-26	3.79e-21	7.15e-17	7.85e-13	8.68e-09	3.46e-04	3.77e-02	9.62e-01
 9.75080e+21	0.00e+00	7.61e-38	2.30e-31	7.44e-26	4.80e-21	8.70e-17	9.15e-13	9.68e-09	3.71e-04	3.90e-02	9.61e-01
 9.97128e+21	0.00e+00	0.00e+00	0.00e+00	1.06e-25	6.50e-21	1.12e-16	1.11e-12	1.11e-08	4.06e-04	4.07e-02	9.59e-01
 1.01964e+22	0.00e+00	0.00e+00	5.19e-31	1.52e-25	8.85e-21	1.45e-16	1.36e-12	1.29e-08	4.44e-04	4.26e-02	9.57e-01
 1.03729e+22	0.00e+00	2.71e-37	7.09e-31	2.00e-25	1.12e-20	1.76e-16	1.58e-12	1.44e-08	4.76e-04	4.41e-02	9.55e-01
 1.05478e+22	0.00e+00	0.00e+00	0.00e+00	2.59e-25	1.40e-20	2.12e-16	1.83e-12	1.60e-08	5.09e-04	4.55e-02	9.54e-01
 1.07751e+22	0.00e+00	0.00e+00	1.41e-30	3.64e-25	1.88e-20	2.70e-16	2.21e-12	1.83e-08	5.54e-04	4.75e-02	9.52e-01
 1.10136e+22	0.00e+00	9.24e-37	2.11e-30	5.18e-25	2.54e-20	3.48e-16	2.70e-12	2.11e-08	6.06e-04	4.96e-02	9.50e-01
 1.12144e+22	0.00e+00	0.00e+00	0.00e+00	6.91e-25	3.25e-20	4.27e-16	3.17e-12	2.37e-08	6.52e-04	5.14e-02	9.48e-01
 1.14234e+22	0.00e+00	0.00e+00	4.08e-30	9.24e-25	4.18e-20	5.26e-16	3.73e-12	2.66e-08	7.01e-04	5.33e-02	9.46e-01
 1.16950e+22	0.00e+00	3.14e-36	6.25e-30	1.34e-24	5.76e-20	6.88e-16	4.60e-12	3.09e-08	7.71e-04	5.58e-02	9.43e-01
 1.19706e+22	0.00e+00	0.00e+00	0.00e+00	1.96e-24	7.98e-20	9.02e-16	5.69e-12	3.60e-08	8.48e-04	5.85e-02	9.41e-01
 1.21788e+22	0.00e+00	0.00e+00	1.32e-29	2.58e-24	1.01e-19	1.10e-15	6.64e-12	4.03e-08	9.10e-04	6.05e-02	9.39e-01
 1.23770e+22	0.00e+00	1.01e-35	1.76e-29	3.32e-24	1.26e-19	1.32e-15	7.64e-12	4.46e-08	9.70e-04	6.24e-02	9.37e-01
 1.26348e+22	0.00e+00	0.00e+00	0.00e+00	4.64e-24	1.68e-19	1.68e-15	9.23e-12	5.11e-08	1.05e-03	6.51e-02	9.34e-01
 1.29073e+22	0.00e+00	0.00e+00	3.82e-29	6.57e-24	2.26e-19	2.15e-15	1.12e-11	5.88e-08	1.15e-03	6.79e-02	9.31e-01
 1.31392e+22	0.00e+00	3.48e-35	5.30e-29	8.75e-24	2.90e-19	2.64e-15	1.32e-11	6.61e-08	1.24e-03	7.03e-02	9.28e-01
 1.33810e+22	0.00e+00	0.00e+00	0.00e+00	1.17e-23	3.72e-19	3.26e-15	1.56e-11	7.44e-08	1.33e-03	7.29e-02	9.26e-01
 1.36953e+22	0.00e+00	0.00e+00	1.13e-28	1.71e-23	5.15e-19	4.27e-15	1.92e-11	8.67e-08	1.46e-03	7.63e-02	9.22e-01
 1.40138e+22	0.00e+00	1.33e-34	1.75e-28	2.49e-23	7.14e-19	5.62e-15	2.38e-11	1.01e-07	1.61e-03	7.99e-02	9.18e-01
 1.42651e+22	0.00e+00	0.00e+00	2.43e-28	3.33e-23	9.17e-19	6.92e-15	2.81e-11	1.14e-07	1.73e-03	8.28e-02	9.15e-01
 1.44806e+22	0.00e+00	2.60e-34	3.18e-28	4.22e-23	1.12e-18	8.21e-15	3.21e-11	1.25e-07	1.84e-03	8.52e-02	9.13e-01
 1.47225e+22	0.00e+00	0.00e+00	4.37e-28	5.58e-23	1.43e-18	1.00e-14	3.76e-11	1.40e-07	1.97e-03	8.81e-02	9.10e-01
 1.50370e+22	0.00e+00	5.77e-34	6.47e-28	7.88e-23	1.93e-18	1.29e-14	4.57e-11	1.61e-07	2.15e-03	9.18e-02	9.06e-01
 1.53637e+22	0.00e+00	0.00e+00	9.75e-28	1.13e-22	2.64e-18	1.67e-14	5.61e-11	1.87e-07	2.35e-03	9.58e-02	9.02e-01
 1.56328e+22	0.00e+00	1.32e-33	1.35e-27	1.51e-22	3.38e-18	2.06e-14	6.60e-11	2.10e-07	2.52e-03	9.92e-02	8.98e-01
 1.59090e+22	1.28e-40	1.90e-33	1.88e-27	2.01e-22	4.34e-18	2.54e-14	7.78e-11	2.36e-07	2.71e-03	1.03e-01	8.95e-01
 1.62682e+22	0.00e+00	0.00e+00	2.87e-27	2.92e-22	5.99e-18	3.33e-14	9.62e-11	2.75e-07	2.97e-03	1.07e-01	8.90e-01
 1.66393e+22	0.00e+00	4.99e-33	4.43e-27	4.29e-22	8.36e-18	4.40e-14	1.20e-10	3.22e-07	3.26e-03	1.12e-01	8.85e-01
 1.69449e+22	5.74e-40	7.38e-33	6.28e-27	5.84e-22	1.09e-17	5.49e-14	1.42e-10	3.64e-07	3.51e-03	1.16e-01	8.80e-01
 1.72608e+22	0.00e+00	0.00e+00	8.93e-27	7.96e-22	1.43e-17	6.88e-14	1.70e-10	4.13e-07	3.79e-03	1.20e-01	8.76e-01
 1.76716e+22	0.00e+00	1.82e-32	1.41e-26	1.19e-21	2.02e-17	9.20e-14	2.13e-10	4.86e-07	4.17e-03	1.26e-01	8.70e-01
 1.80890e+22	2.76e-39	3.05e-32	2.23e-26	1.79e-21	2.87e-17	1.24e-13	2.69e-10	5.73e-07	4.60e-03	1.32e-01	8.64e-01
 1.84054e+22	0.00e+00	0.00e+00	3.13e-26	2.41e-21	3.72e-17	1.54e-13	3.19e-10	6.47e-07	4.94e-03	1.36e-01	8.59e-01
 1.87072e+22	0.00e+00	6.34e-32	4.29e-26	3.18e-21	4.74e-17	1.88e-13	3.74e-10	7.24e-07	5.28e-03	1.40e-01	8.54e-01
 1.90995e+22	1.03e-38	1.00e-31	6.47e-26	4.57e-21	6.49e-17	2.45e-13	4.60e-10	8.38e-07	5.75e-03	1.46e-01	8.48e-01
 1.95149e+22	0.00e+00	0.00e+00	9.96e-26	6.68e-21	9.03e-17	3.24e-13	5.71e-10	9.77e-07	6.28e-03	1.52e-01	8.41e-01
 1.98705e+22	0.00e+00	2.43e-31	1.43e-25	9.18e-21	1.19e-16	4.08e-13	6.84e-10	1.11e-06	6.77e-03	1.58e-01	8.36e-01
 2.02428e+22	4.30e-38	3.66e-31	2.06e-25	1.27e-20	1.58e-16	5.17e-13	8.24e-10	1.27e-06	7.30e-03	1.63e-01	8.30e-01
 2.07269e+22	0.00e+00	0.00e+00	3.31e-25	1.93e-20	2.27e-16	7.02e-13	1.05e-09	1.50e-06	8.04e-03	1.70e-01	8.22e-01
 2.11811e+22	0.00e+00	1.02e-30	5.18e-25	2.87e-20	3.20e-16	9.37e-13	1.31e-09	1.76e-06	8.81e-03	1.78e-01	8.14e-01
 2.14785e+22	1.92e-37	1.42e-30	6.94e-25	3.72e-20	4.01e-16	1.13e-12	1.52e-09	1.95e-06	9.34e-03	1.82e-01	8.08e-01
 2.17471e+22	0.00e+00	0.00e+00	8.81e-25	4.59e-20	4.82e-16	1.32e-12	1.71e-09	2.12e-06	9.81e-03	1.86e-01	8.04e-01
 2.20963e+22	0.00e+00	2.66e-30	1.22e-24	6.11e-20	6.18e-16	1.63e-12	2.02e-09	2.38e-06	1.05e-02	1.92e-01	7.98e-01
 2.25503e+22	6.45e-37	4.26e-30	1.85e-24	8.86e-20	8.54e-16	2.14e-12	2.50e-09	2.76e-06	1.14e-02	1.99e-01	7.90e-01
 2.30093e+22	0.00e+00	0.00e+00	2.83e-24	1.29e-19	1.18e-15	2.81e-12	3.10e-09	3.20e-06	1.24e-02	2.07e-01	7.81e-01
 2.33625e+22	0.00e+00	9.75e-30	3.89e-24	1.71e-19	1.51e-15	3.46e-12	3.64e-09	3.59e-06	1.32e-02	2.12e-01	7.75e-01
 2.36514e+22	2.24e-36	1.31e-29	5.09e-24	2.17e-19	1.86e-15	4.11e-12	4.17e-09	3.94e-06	1.39e-02	2.17e-01	7.69e-01
 2.39693e+22	0.00e+00	0.00e+00	6.69e-24	2.76e-19	2.30e-15	4.92e-12	4.79e-09	4.34e-06	1.46e-02	2.22e-01	7.63e-01
 2.43826e+22	0.00e+00	2.66e-29	9.58e-24	3.79e-19	3.04e-15	6.21e-12	5.75e-09	4.93e-06	1.57e-02	2.29e-01	7.55e-01
 2.48143e+22	7.79e-36	4.07e-29	1.40e-23	5.32e-19	4.08e-15	7.96e-12	6.98e-09	5.64e-06	1.69e-02	2.36e-01	7.47e-01
 2.51641e+22	0.00e+00	0.00e+00	1.90e-23	6.95e-19	5.15e-15	9.69e-12	8.14e-09	6.27e-06	1.79e-02	2.42e-01	7.40e-01
 2.55133e+22	0.00e+00	7.92e-29	2.55e-23	9.02e-19	6.47e-15	1.18e-11	9.45e-09	6.96e-06	1.89e-02	2.48e-01	7.33e-01
 2.59672e+22	2.60e-35	1.22e-28	3.74e-23	1.27e-18	8.73e-15	1.51e-11	1.15e-08	7.97e-06	2.04e-02	2.55e-01	7.24e-01
 2.64372e+22	0.00e+00	1.90e-28	5.59e-23	1.81e-18	1.19e-14	1.97e-11	1.41e-08	9.19e-06	2.20e-02	2.64e-01	7.14e-01
 2.68133e+22	6.28e-35	2.71e-28	7.69e-23	2.41e-18	1.53e-14	2.43e-11	1.67e-08	1.03e-05	2.33e-02	2.70e-01	7.07e-01
 2.71211e+22	0.00e+00	3.59e-28	9.91e-23	3.01e-18	1.86e-14	2.87e-11	1.90e-08	1.12e-05	2.44e-02	2.75e-01	7.00e-01
 2.74547e+22	1.20e-34	4.90e-28	1.31e-22	3.86e-18	2.31e-14	3.45e-11	2.19e-08	1.24e-05	2.57e-02	2.81e-01	6.93e-01
 2.78883e+22	0.00e+00	7.27e-28	1.87e-22	5.30e-18	3.06e-14	4.37e-11	2.63e-08	1.41e-05	2.74e-02	2.88e-01	6.84e-01
 2.83413e+22	2.95e-34	1.11e-27	2.73e-22	7.43e-18	4.11e-14	5.61e-11	3.20e-08	1.61e-05	2.93e-02	2.96e-01	6.75e-01
 2.87102e+22	0.00e+00	1.55e-27	3.70e-22	9.75e-18	5.23e-14	6.88e-11	3.75e-08	1.79e-05	3.09e-02	3.03e-01	6.67e-01
 2.90804e+22	6.14e-34	2.16e-27	4.99e-22	1.27e-17	6.60e-14	8.39e-11	4.38e-08	1.99e-05	3.26e-02	3.09e-01	6.59e-01
 2.95616e+22	0.00e+00	3.33e-27	7.37e-22	1.80e-17	8.99e-14	1.09e-10	5.38e-08	2.28e-05	3.49e-02	3.17e-01	6.48e-01
 3.00308e+22	1.59e-33	5.14e-27	1.09e-21	2.56e-17	1.23e-13	1.42e-10	6.61e-08	2.62e-05	3.73e-02	3.25e-01	6.38e-01
 3.03669e+22	0.00e+00	6.90e-27	1.42e-21	3.25e-17	1.51e-13	1.70e-10	7.60e-08	2.89e-05	3.90e-02	3.31e-01	6.30e-01
 3.06864e+22	2.98e-33	9.14e-27	1.84e-21	4.08e-17	1.85e-13	2.02e-10	8.70e-08	3.16e-05	4.07e-02	3.36e-01	6.23e-01
 3.11017e+22	0.00e+00	1.33e-26	2.57e-21	5.53e-17	2.42e-13	2.54e-10	1.04e-07	3.57e-05	4.31e-02	3.43e-01	6.14e-01
 3.15563e+22	6.99e-33	1.99e-26	3.72e-21	7.69e-17	3.25e-13	3.26e-10	1.27e-07	4.07e-05	4.58e-02	3.51e-01	6.04e-01
 3.19582e+22	0.00e+00	2.85e-26	5.15e-21	1.03e-16	4.22e-13	4.08e-10	1.51e-07	4.57e-05	4.83e-02	3.57e-01	5.94e-01
 3.23189e+22	1.46e-32	3.92e-26	6.87e-21	1.33e-16	5.31e-13	4.97e-10	1.76e-07	5.07e-05	5.05e-02	3.63e-01	5.86e-01
 3.27298e+22	0.00e+00	5.58e-26	9.48e-21	1.78e-16	6.87e-13	6.20e-10	2.10e-07	5.70e-05	5.32e-02	3.70e-01	5.77e-01
 3.31824e+22	3.30e-32	8.29e-26	1.36e-20	2.47e-16	9.19e-13	7.96e-10	2.55e-07	6.49e-05	5.63e-02	3.77e-01	5.67e-01
 3.35860e+22	0.00e+00	1.18e-25	1.88e-20	3.30e-16	1.19e-12	9.95e-10	3.04e-07	7.30e-05	5.92e-02	3.84e-01	5.57e-01
 3.39329e+22	6.70e-32	1.59e-25	2.46e-20	4.22e-16	1.48e-12	1.20e-09	3.53e-07	8.06e-05	6.18e-02	3.89e-01	5.49e-01
 3.43093e+22	0.00e+00	2.18e-25	3.28e-20	5.47e-16	1.87e-12	1.47e-09	4.14e-07	8.96e-05	6.45e-02	3.95e-01	5.41e-01
 3.47987e+22	1.47e-31	3.28e-25	4.78e-20	7.69e-16	2.54e-12	1.91e-09	5.10e-07	1.03e-04	6.83e-02	4.02e-01	5.30e-01
 3.53024e+22	0.00e+00	5.02e-25	7.05e-20	1.09e-15	3.49e-12	2.51e-09	6.33e-07	1.19e-04	7.24e-02	4.09e-01	5.18e-01
 3.57047e+22	3.31e-31	6.95e-25	9.48e-20	1.43e-15	4.43e-12	3.09e-09	7.46e-07	1.33e-04	7.57e-02	4.15e-01	5.09e-01
 3.61076e+22	0.00e+00	9.52e-25	1.27e-19	1.86e-15	5.61e-12	3.80e-09	8.77e-07	1.48e-04	7.91e-02	4.20e-01	5.00e-01
 3.66314e+22	7.29e-31	1.44e-24	1.85e-19	2.62e-15	7.66e-12	4.97e-09	1.09e-06	1.70e-04	8.36e-02	4.27e-01	4.89e-01
 3.71859e+22	0.00e+00	2.22e-24	2.75e-19	3.75e-15	1.06e-11	6.58e-09	1.36e-06	1.97e-04	8.86e-02	4.34e-01	4.77e-01
 3.76492e+22	1.68e-30	3.12e-24	3.76e-19	4.98e-15	1.36e-11	8.20e-09	1.62e-06	2.22e-04	9.29e-02	4.40e-01	4.67e-01
 3.81204e+22	0.00e+00	4.36e-24	5.11e-19	6.58e-15	1.75e-11	1.02e-08	1.92e-06	2.49e-04	9.72e-02	4.46e-01	4.57e-01
 3.87329e+22	3.86e-30	6.73e-24	7.61e-19	9.44e-15	2.43e-11	1.35e-08	2.41e-06	2.90e-04	1.03e-01	4.52e-01	4.44e-01
 3.93415e+22	0.00e+00	1.03e-23	1.12e-18	1.34e-14	3.34e-11	1.78e-08	3.01e-06	3.35e-04	1.09e-01	4.59e-01	4.32e-01
 3.97946e+22	8.40e-30	1.38e-23	1.47e-18	1.71e-14	4.15e-11	2.16e-08	3.50e-06	3.71e-04	1.14e-01	4.64e-01	4.22e-01
 4.02333e+22	0.00e+00	1.81e-23	1.89e-18	2.15e-14	5.09e-11	2.57e-08	4.03e-06	4.08e-04	1.18e-01	4.68e-01	4.14e-01
 4.08035e+22	1.65e-29	2.58e-23	2.60e-18	2.88e-14	6.62e-11	3.24e-08	4.84e-06	4.60e-04	1.24e-01	4.73e-01	4.03e-01
 4.14158e+22	0.00e+00	3.72e-23	3.65e-18	3.90e-14	8.70e-11	4.10e-08	5.85e-06	5.22e-04	1.30e-01	4.78e-01	3.92e-01
 4.19435e+22	3.40e-29	5.03e-23	4.80e-18	4.99e-14	1.09e-10	4.97e-08	6.82e-06	5.79e-04	1.36e-01	4.82e-01	3.82e-01
 4.24901e+22	0.00e+00	6.75e-23	6.28e-18	6.36e-14	1.35e-10	6.00e-08	7.93e-06	6.40e-04	1.41e-01	4.86e-01	3.72e-01
 4.32006e+22	7.00e-29	9.81e-23	8.85e-18	8.67e-14	1.78e-10	7.64e-08	9.61e-06	7.27e-04	1.49e-01	4.90e-01	3.60e-01
 4.38652e+22	0.00e+00	1.39e-22	1.22e-17	1.16e-13	2.31e-10	9.54e-08	1.15e-05	8.18e-04	1.56e-01	4.94e-01	3.48e-01
 4.43057e+22	1.29e-28	1.73e-22	1.49e-17	1.38e-13	2.71e-10	1.10e-07	1.28e-05	8.80e-04	1.61e-01	4.97e-01	3.41e-01
 4.47142e+22	1.56e-28	2.05e-22	1.73e-17	1.58e-13	3.05e-10	1.21e-07	1.39e-05	9.29e-04	1.65e-01	4.99e-01	3.35e-01
 4.52451e+22	2.05e-28	2.65e-22	2.19e-17	1.96e-13	3.70e-10	1.43e-07	1.59e-05	1.01e-03	1.71e-01	5.01e-01	3.27e-01
 4.59354e+22	2.87e-28	3.61e-22	2.91e-17	2.53e-13	4.65e-10	1.75e-07	1.86e-05	1.12e-03	1.79e-01	5.04e-01	3.16e-01
 4.66558e+22	4.05e-28	4.96e-22	3.88e-17	3.28e-13	5.86e-10	2.13e-07	2.18e-05	1.25e-03	1.87e-01	5.06e-01	3.06e-01
 4.72510e+22	5.30e-28	6.36e-22	4.87e-17	4.02e-13	7.01e-10	2.49e-07	2.46e-05	1.35e-03	1.93e-01	5.08e-01	2.97e-01
 4.78603e+22	6.90e-28	8.11e-22	6.08e-17	4.90e-13	8.38e-10	2.90e-07	2.78e-05	1.47e-03	2.00e-01	5.09e-01	2.89e-01
 4.86523e+22	9.60e-28	1.10e-21	8.03e-17	6.29e-13	1.05e-09	3.51e-07	3.23e-05	1.62e-03	2.09e-01	5.11e-01	2.79e-01
 4.94962e+22	1.36e-27	1.52e-21	1.08e-16	8.19e-13	1.32e-09	4.30e-07	3.79e-05	1.80e-03	2.18e-01	5.12e-01	2.68e-01
 5.02204e+22	1.82e-27	1.98e-21	1.37e-16	1.02e-12	1.60e-09	5.06e-07	4.32e-05	1.95e-03	2.26e-01	5.13e-01	2.59e-01
 5.09749e+22	2.41e-27	2.57e-21	1.74e-16	1.26e-12	1.94e-09	5.95e-07	4.91e-05	2.12e-03	2.34e-01	5.13e-01	2.51e-01
 5.18017e+22	3.28e-27	3.43e-21	2.26e-16	1.59e-12	2.38e-09	7.11e-07	5.65e-05	2.32e-03	2.43e-01	5.13e-01	2.41e-01
 5.25318e+22	4.28e-27	4.38e-21	2.83e-16	1.94e-12	2.84e-09	8.26e-07	6.36e-05	2.51e-03	2.51e-01	5.13e-01	2.33e-01
 5.31912e+22	5.37e-27	5.40e-21	3.42e-16	2.30e-12	3.30e-09	9.40e-07	7.04e-05	2.68e-03	2.58e-01	5.13e-01	2.26e-01
 5.39491e+22	6.91e-27	6.81e-21	4.23e-16	2.77e-12	3.90e-09	1.09e-06	7.88e-05	2.88e-03	2.66e-01	5.12e-01	2.19e-01
 5.49343e+22	9.49e-27	9.13e-21	5.52e-16	3.52e-12	4.82e-09	1.30e-06	9.08e-05	3.15e-03	2.77e-01	5.10e-01	2.10e-01
 5.59652e+22	1.32e-26	1.24e-20	7.30e-16	4.52e-12	6.01e-09	1.57e-06	1.05e-04	3.46e-03	2.88e-01	5.09e-01	2.00e-01
 5.67574e+22	1.70e-26	1.56e-20	9.00e-16	5.44e-12	7.09e-09	1.80e-06	1.17e-04	3.70e-03	2.96e-01	5.07e-01	1.93e-01
 5.74894e+22	2.08e-26	1.88e-20	1.07e-15	6.32e-12	8.08e-09	2.02e-06	1.28e-04	3.91e-03	3.03e-01	5.05e-01	1.88e-01
 5.84409e+22	2.75e-26	2.44e-20	1.35e-15	7.82e-12	9.76e-09	2.37e-06	1.45e-04	4.23e-03	3.13e-01	5.03e-01	1.80e-01
 5.94159e+22	3.63e-26	3.15e-20	1.71e-15	9.62e-12	1.17e-08	2.77e-06	1.64e-04	4.57e-03	3.23e-01	5.00e-01	1.72e-01
 6.02184e+22	4.49e-26	3.83e-20	2.04e-15	1.13e-11	1.34e-08	3.11e-06	1.80e-04	4.84e-03	3.31e-01	4.98e-01	1.67e-01
 6.10585e+22	5.61e-26	4.71e-20	2.46e-15	1.33e-11	1.56e-08	3.53e-06	1.98e-04	5.14e-03	3.39e-01	4.95e-01	1.61e-01
 6.21505e+22	7.37e-26	6.06e-20	3.09e-15	1.63e-11	1.87e-08	4.11e-06	2.23e-04	5.53e-03	3.49e-01	4.91e-01	1.54e-01
 6.32684e+22	9.82e-26	7.90e-20	3.94e-15	2.02e-11	2.25e-08	4.83e-06	2.53e-04	5.97e-03	3.60e-01	4.87e-01	1.47e-01
 6.41129e+22	1.21e-25	9.56e-20	4.68e-15	2.36e-11	2.58e-08	5.40e-06	2.76e-04	6.31e-03	3.68e-01	4.84e-01	1.42e-01
 6.49039e+22	1.45e-25	1.13e-19	5.44e-15	2.70e-11	2.90e-08	5.97e-06	2.99e-04	6.61e-03	3.75e-01	4.81e-01	1.37e-01
 6.59323e+22	1.83e-25	1.40e-19	6.62e-15	3.21e-11	3.38e-08	6.80e-06	3.30e-04	7.03e-03	3.84e-01	4.77e-01	1.32e-01
 6.69765e+22	2.32e-25	1.74e-19	8.07e-15	3.82e-11	3.94e-08	7.73e-06	3.65e-04	7.48e-03	3.93e-01	4.73e-01	1.26e-01
 6.78459e+22	2.80e-25	2.08e-19	9.46e-15	4.40e-11	4.46e-08	8.58e-06	3.95e-04	7.84e-03	4.01e-01	4.69e-01	1.22e-01
 6.87808e+22	3.39e-25	2.47e-19	1.11e-14	5.07e-11	5.04e-08	9.52e-06	4.28e-04	8.24e-03	4.08e-01	4.65e-01	1.18e-01
 6.99961e+22	4.33e-25	3.10e-19	1.36e-14	6.08e-11	5.91e-08	1.09e-05	4.75e-04	8.77e-03	4.18e-01	4.60e-01	1.13e-01
 7.11973e+22	5.54e-25	3.89e-19	1.67e-14	7.29e-11	6.93e-08	1.24e-05	5.27e-04	9.33e-03	4.28e-01	4.54e-01	1.07e-01
 7.21756e+22	6.68e-25	4.62e-19	1.95e-14	8.36e-11	7.80e-08	1.37e-05	5.69e-04	9.77e-03	4.36e-01	4.50e-01	1.04e-01
 7.32430e+22	8.11e-25	5.52e-19	2.29e-14	9.64e-11	8.83e-08	1.52e-05	6.16e-04	1.03e-02	4.44e-01	4.46e-01	9.97e-02
 7.43888e+22	1.01e-24	6.73e-19	2.74e-14	1.13e-10	1.01e-07	1.71e-05	6.72e-04	1.08e-02	4.53e-01	4.40e-01	9.56e-02
 7.54060e+22	1.21e-24	7.95e-19	3.19e-14	1.29e-10	1.14e-07	1.88e-05	7.24e-04	1.13e-02	4.60e-01	4.36e-01	9.21e-02
 7.64976e+22	1.46e-24	9.45e-19	3.73e-14	1.48e-10	1.28e-07	2.08e-05	7.81e-04	1.18e-02	4.68e-01	4.31e-01	8.86e-02
 7.76988e+22	1.79e-24	1.14e-18	4.41e-14	1.72e-10	1.45e-07	2.32e-05	8.48e-04	1.24e-02	4.76e-01	4.26e-01	8.49e-02
 7.88289e+22	2.15e-24	1.35e-18	5.14e-14	1.96e-10	1.63e-07	2.55e-05	9.14e-04	1.30e-02	4.84e-01	4.21e-01	8.16e-02
 8.00848e+22	2.61e-24	1.61e-18	6.03e-14	2.26e-10	1.84e-07	2.82e-05	9.87e-04	1.36e-02	4.92e-01	4.15e-01	7.83e-02
 8.14486e+22	3.25e-24	1.97e-18	7.23e-14	2.65e-10	2.12e-07	3.17e-05	1.08e-03	1.43e-02	5.01e-01	4.09e-01	7.47e-02
 8.26951e+22	3.92e-24	2.34e-18	8.43e-14	3.03e-10	2.38e-07	3.49e-05	1.16e-03	1.49e-02	5.09e-01	4.04e-01	7.16e-02
 8.40581e+22	4.76e-24	2.80e-18	9.89e-14	3.49e-10	2.69e-07	3.86e-05	1.25e-03	1.56e-02	5.17e-01	3.98e-01	6.86e-02
 8.55668e+22	5.92e-24	3.42e-18	1.19e-13	4.09e-10	3.09e-07	4.33e-05	1.37e-03	1.65e-02	5.26e-01	3.91e-01	6.52e-02
 8.69989e+22	7.23e-24	4.10e-18	1.40e-13	4.72e-10	3.49e-07	4.79e-05	1.47e-03	1.72e-02	5.34e-01	3.85e-01	6.23e-02
 8.85944e+22	8.92e-24	4.98e-18	1.66e-13	5.50e-10	3.98e-07	5.35e-05	1.60e-03	1.80e-02	5.42e-01	3.79e-01	5.93e-02
 9.03271e+22	1.12e-23	6.14e-18	2.01e-13	6.48e-10	4.59e-07	6.01e-05	1.75e-03	1.90e-02	5.52e-01	3.72e-01	5.61e-02
 9.19879e+22	1.38e-23	7.42e-18	2.38e-13	7.53e-10	5.22e-07	6.68e-05	1.89e-03	1.99e-02	5.60e-01	3.65e-01	5.33e-02
 9.38964e+22	1.73e-23	9.15e-18	2.87e-13	8.89e-10	6.02e-07	7.52e-05	2.07e-03	2.10e-02	5.69e-01	3.57e-01	5.04e-02
 9.59540e+22	2.21e-23	1.14e-17	3.51e-13	1.06e-09	7.01e-07	8.52e-05	2.27e-03	2.22e-02	5.79e-01	3.49e-01	4.73e-02
 9.77633e+22	2.74e-23	1.39e-17	4.19e-13	1.24e-09	8.00e-07	9.49e-05	2.46e-03	2.32e-02	5.87e-01	3.42e-01	4.48e-02
 9.96733e+22	3.33e-23	1.67e-17	4.93e-13	1.43e-09	9.05e-07	1.05e-04	2.66e-03	2.43e-02	5.95e-01	3.35e-01	4.25e-02
 1.02156e+23	4.30e-23	2.10e-17	6.07e-13	1.72e-09	1.06e-06	1.20e-04	2.93e-03	2.57e-02	6.05e-01	3.26e-01	3.97e-02
 1.04671e+23	5.60e-23	2.69e-17	7.58e-13	2.08e-09	1.25e-06	1.37e-04	3.24e-03	2.73e-02	6.16e-01	3.17e-01	3.68e-02
 1.06630e+23	6.82e-23	3.22e-17	8.92e-13	2.40e-09	1.42e-06	1.52e-04	3.49e-03	2.85e-02	6.24e-01	3.09e-01	3.47e-02
 1.08578e+23	8.06e-23	3.76e-17	1.03e-12	2.72e-09	1.58e-06	1.66e-04	3.73e-03	2.96e-02	6.30e-01	3.03e-01	3.30e-02
 1.11111e+23	1.00e-22	4.60e-17	1.23e-12	3.20e-09	1.82e-06	1.86e-04	4.07e-03	3.11e-02	6.39e-01	2.95e-01	3.09e-02
 1.14403e+23	1.29e-22	5.82e-17	1.53e-12	3.87e-09	2.14e-06	2.14e-04	4.51e-03	3.31e-02	6.49e-01	2.85e-01	2.84e-02
 1.17809e+23	1.71e-22	7.59e-17	1.94e-12	4.78e-09	2.58e-06	2.49e-04	5.04e-03	3.53e-02	6.60e-01	2.74e-01	2.59e-02
 1.20439e+23	2.08e-22	9.07e-17	2.28e-12	5.49e-09	2.90e-06	2.74e-04	5.41e-03	3.68e-02	6.67e-01	2.66e-01	2.43e-02
 1.22931e+23	2.49e-22	1.07e-16	2.66e-12	6.31e-09	3.27e-06	3.03e-04	5.84e-03	3.85e-02	6.74e-01	2.59e-01	2.28e-02
 1.26172e+23	3.04e-22	1.30e-16	3.17e-12	7.37e-09	3.76e-06	3.40e-04	6.37e-03	4.05e-02	6.81e-01	2.50e-01	2.10e-02
 1.30384e+23	3.84e-22	1.62e-16	3.91e-12	8.89e-09	4.44e-06	3.91e-04	7.07e-03	4.31e-02	6.90e-01	2.40e-01	1.91e-02
 1.34770e+23	5.04e-22	2.10e-16	4.94e-12	1.09e-08	5.33e-06	4.55e-04	7.92e-03	4.61e-02	7.00e-01	2.29e-01	1.72e-02
 1.38164e+23	6.17e-22	2.54e-16	5.88e-12	1.28e-08	6.10e-06	5.09e-04	8.60e-03	4.84e-02	7.06e-01	2.20e-01	1.58e-02
 1.40776e+23	7.11e-22	2.90e-16	6.64e-12	1.42e-08	6.68e-06	5.48e-04	9.08e-03	5.00e-02	7.11e-01	2.15e-01	1.50e-02
 1.43589e+23	8.00e-22	3.25e-16	7.41e-12	1.57e-08	7.31e-06	5.92e-04	9.63e-03	5.18e-02	7.15e-01	2.09e-01	1.41e-02
 1.47245e+23	9.18e-22	3.73e-16	8.45e-12	1.77e-08	8.15e-06	6.50e-04	1.03e-02	5.41e-02	7.20e-01	2.02e-01	1.31e-02
 1.51998e+23	1.08e-21	4.38e-16	9.86e-12	2.04e-08	9.28e-06	7.27e-04	1.13e-02	5.70e-02	7.26e-01	1.93e-01	1.20e-02
 1.57106e+23	1.32e-21	5.36e-16	1.20e-11	2.43e-08	1.09e-05	8.30e-04	1.24e-02	6.05e-02	7.32e-01	1.84e-01	1.08e-02
 1.61237e+23	1.57e-21	6.32e-16	1.40e-11	2.78e-08	1.23e-05	9.18e-04	1.34e-02	6.32e-02	7.36e-01	1.77e-01	9.90e-03
 1.64559e+23	1.75e-21	7.03e-16	1.54e-11	3.04e-08	1.33e-05	9.80e-04	1.41e-02	6.51e-02	7.39e-01	1.72e-01	9.35e-03
 1.68266e+23	1.90e-21	7.68e-16	1.69e-11	3.32e-08	1.44e-05	1.05e-03	1.49e-02	6.74e-02	7.42e-01	1.66e-01	8.75e-03
 1.73087e+23	2.09e-21	8.53e-16	1.88e-11	3.67e-08	1.59e-05	1.15e-03	1.59e-02	7.02e-02	7.45e-01	1.60e-01	8.10e-03
 1.79353e+23	2.33e-21	9.60e-16	2.12e-11	4.12e-08	1.77e-05	1.26e-03	1.72e-02	7.35e-02	7.48e-01	1.53e-01	7.39e-03
 1.86614e+23	2.67e-21	1.11e-15	2.47e-11	4.76e-08	2.02e-05	1.42e-03	1.88e-02	7.76e-02	7.51e-01	1.45e-01	6.62e-03
 1.93372e+23	3.08e-21	1.29e-15	2.87e-11	5.45e-08	2.30e-05	1.58e-03	2.04e-02	8.15e-02	7.53e-01	1.38e-01	5.99e-03
 1.99029e+23	3.44e-21	1.45e-15	3.21e-11	6.05e-08	2.53e-05	1.71e-03	2.17e-02	8.46e-02	7.54e-01	1.32e-01	5.53e-03
 2.05055e+23	3.58e-21	1.53e-15	3.43e-11	6.47e-08	2.70e-05	1.82e-03	2.27e-02	8.73e-02	7.55e-01	1.28e-01	5.16e-03
 2.12692e+23	3.75e-21	1.64e-15	3.69e-11	6.98e-08	2.91e-05	1.95e-03	2.40e-02	9.05e-02	7.56e-01	1.23e-01	4.77e-03
 2.21323e+23	4.04e-21	1.79e-15	4.06e-11	7.66e-08	3.19e-05	2.11e-03	2.56e-02	9.41e-02	7.57e-01	1.17e-01	4.37e-03
 2.29711e+23	4.36e-21	1.96e-15	4.49e-11	8.43e-08	3.50e-05	2.28e-03	2.72e-02	9.78e-02	7.57e-01	1.12e-01	4.00e-03
 2.37288e+23	4.66e-21	2.11e-15	4.87e-11	9.13e-08	3.77e-05	2.44e-03	2.86e-02	1.01e-01	7.56e-01	1.08e-01	3.73e-03
 2.44107e+23	4.91e-21	2.24e-15	5.17e-11	9.65e-08	3.97e-05	2.55e-03	2.96e-02	1.03e-01	7.56e-01	1.05e-01	3.54e-03
 2.50245e+23	5.12e-21	2.35e-15	5.44e-11	1.01e-07	4.16e-05	2.65e-03	3.06e-02	1.05e-01	7.56e-01	1.02e-01	3.38e-03
 2.55768e+23	5.25e-21	2.43e-15	5.65e-11	1.05e-07	4.32e-05	2.74e-03	3.14e-02	1.07e-01	7.55e-01	1.00e-01	3.24e-03
 2.60740e+23	5.39e-21	2.51e-15	5.87e-11	1.09e-07	4.49e-05	2.83e-03	3.22e-02	1.09e-01	7.55e-01	9.81e-02	3.12e-03
 2.65214e+23	5.47e-21	2.57e-15	6.04e-11	1.13e-07	4.62e-05	2.91e-03	3.29e-02	1.10e-01	7.54e-01	9.64e-02	3.02e-03
 2.69241e+23	5.59e-21	2.63e-15	6.19e-11	1.15e-07	4.72e-05	2.96e-03	3.34e-02	1.11e-01	7.54e-01	9.52e-02	2.95e-03
 2.72865e+23	5.64e-21	2.67e-15	6.30e-11	1.17e-07	4.81e-05	3.01e-03	3.38e-02	1.12e-01	7.54e-01	9.41e-02	2.89e-03
 2.76126e+23	5.71e-21	2.71e-15	6.41e-11	1.19e-07	4.89e-05	3.05e-03	3.42e-02	1.13e-01	7.53e-01	9.32e-02	2.84e-03
 2.79199e+23	5.73e-21	2.72e-15	6.46e-11	1.20e-07	4.94e-05	3.08e-03	3.45e-02	1.14e-01	7.53e-01	9.25e-02	2.80e-03
 2.82254e+23	5.74e-21	2.73e-15	6.50e-11	1.21e-07	4.97e-05	3.10e-03	3.47e-02	1.14e-01	7.53e-01	9.20e-02	2.77e-03
 2.85309e+23	5.73e-21	2.74e-15	6.54e-11	1.22e-07	5.02e-05	3.13e-03	3.50e-02	1.15e-01	7.53e-01	9.13e-02	2.73e-03
 2.88363e+23	5.79e-21	2.77e-15	6.59e-11	1.23e-07	5.05e-05	3.15e-03	3.52e-02	1.15e-01	7.53e-01	9.08e-02	2.71e-03
 2.91418e+23	5.71e-21	2.75e-15	6.60e-11	1.24e-07	5.09e-05	3.17e-03	3.54e-02	1.16e-01	7.53e-01	9.01e-02	2.67e-03
 2.94473e+23	5.69e-21	2.75e-15	6.61e-11	1.24e-07	5.11e-05	3.19e-03	3.56e-02	1.16e-01	7.52e-01	8.96e-02	2.65e-03
 2.97528e+23	5.71e-21	2.76e-15	6.64e-11	1.25e-07	5.14e-05	3.20e-03	3.58e-02	1.17e-01	7.52e-01	8.92e-02	2.63e-03
 3.00583e+23	5.68e-21	2.76e-15	6.66e-11	1.25e-07	5.17e-05	3.22e-03	3.60e-02	1.17e-01	7.52e-01	8.87e-02	2.60e-03
 3.03637e+23	5.62e-21	2.75e-15	6.67e-11	1.25e-07	5.20e-05	3.24e-03	3.62e-02	1.18e-01	7.52e-01	8.82e-02	2.57e-03
 3.05323e+23	5.99e-21	2.91e-15	7.02e-11	1.31e-07	5.39e-05	3.34e-03	3.70e-02	1.19e-01	7.51e-01	8.72e-02	2.52e-03
