#depth	N	N+	N+2	N+3	N+4	N+5	N+6	N+7
 1.54284e+19	0.00e+00	4.77e-37	5.90e-29	7.57e-22	2.34e-15	2.36e-09	6.00e-05	1.00e+00
 9.25702e+19	0.00e+00	0.00e+00	7.57e-29	9.24e-22	2.71e-15	2.61e-09	6.31e-05	1.00e+00
 2.19083e+20	0.00e+00	1.07e-36	1.15e-28	1.29e-21	3.47e-15	3.08e-09	6.86e-05	1.00e+00
 3.51273e+20	0.00e+00	0.00e+00	1.75e-28	1.79e-21	4.43e-15	3.64e-09	7.45e-05	1.00e+00
 4.65778e+20	0.00e+00	2.71e-36	2.50e-28	2.38e-21	5.46e-15	4.19e-09	8.00e-05	1.00e+00
 5.52029e+20	0.00e+00	0.00e+00	3.23e-28	2.91e-21	6.33e-15	4.63e-09	8.42e-05	1.00e+00
 6.42047e+20	0.00e+00	5.04e-36	4.16e-28	3.56e-21	7.33e-15	5.10e-09	8.85e-05	1.00e+00
 7.42949e+20	0.00e+00	0.00e+00	5.55e-28	4.47e-21	8.66e-15	5.72e-09	9.38e-05	1.00e+00
 8.36894e+20	0.00e+00	9.84e-36	7.24e-28	5.51e-21	1.01e-14	6.35e-09	9.89e-05	1.00e+00
 9.24166e+20	0.00e+00	0.00e+00	9.20e-28	6.67e-21	1.16e-14	6.98e-09	1.04e-04	1.00e+00
 1.02387e+21	0.00e+00	1.82e-35	1.20e-27	8.23e-21	1.35e-14	7.75e-09	1.10e-04	1.00e+00
 1.13572e+21	0.00e+00	0.00e+00	1.61e-27	1.04e-20	1.60e-14	8.69e-09	1.16e-04	1.00e+00
 1.23792e+21	0.00e+00	3.58e-35	2.10e-27	1.28e-20	1.86e-14	9.65e-09	1.23e-04	1.00e+00
 1.32956e+21	0.00e+00	0.00e+00	2.66e-27	1.54e-20	2.14e-14	1.06e-08	1.29e-04	1.00e+00
 1.43289e+21	0.00e+00	6.51e-35	3.44e-27	1.88e-20	2.48e-14	1.17e-08	1.36e-04	1.00e+00
 1.54968e+21	0.00e+00	0.00e+00	4.58e-27	2.35e-20	2.91e-14	1.31e-08	1.44e-04	1.00e+00
 1.66099e+21	0.00e+00	1.26e-34	5.92e-27	2.87e-20	3.35e-14	1.44e-08	1.51e-04	1.00e+00
 1.76215e+21	0.00e+00	0.00e+00	7.49e-27	3.45e-20	3.83e-14	1.58e-08	1.59e-04	1.00e+00
 1.87311e+21	0.00e+00	2.30e-34	9.65e-27	4.21e-20	4.41e-14	1.74e-08	1.67e-04	1.00e+00
 1.98758e+21	0.00e+00	0.00e+00	1.25e-26	5.14e-20	5.08e-14	1.92e-08	1.77e-04	1.00e+00
 2.08177e+21	0.00e+00	4.05e-34	1.54e-26	6.04e-20	5.71e-14	2.08e-08	1.84e-04	1.00e+00
 2.17941e+21	0.00e+00	0.00e+00	1.90e-26	7.11e-20	6.41e-14	2.26e-08	1.93e-04	1.00e+00
 2.30633e+21	0.00e+00	7.35e-34	2.50e-26	8.82e-20	7.47e-14	2.51e-08	2.04e-04	1.00e+00
 2.43496e+21	0.00e+00	0.00e+00	3.28e-26	1.09e-19	8.65e-14	2.78e-08	2.16e-04	1.00e+00
 2.53407e+21	0.00e+00	1.31e-33	3.99e-26	1.26e-19	9.61e-14	2.99e-08	2.25e-04	1.00e+00
 2.63118e+21	1.52e-42	1.66e-33	4.85e-26	1.47e-19	1.07e-13	3.21e-08	2.34e-04	1.00e+00
 2.75741e+21	0.00e+00	0.00e+00	6.26e-26	1.78e-19	1.22e-13	3.54e-08	2.48e-04	1.00e+00
 2.88739e+21	0.00e+00	3.12e-33	8.08e-26	2.17e-19	1.40e-13	3.89e-08	2.61e-04	1.00e+00
 2.99357e+21	4.32e-42	3.99e-33	9.85e-26	2.52e-19	1.55e-13	4.18e-08	2.72e-04	1.00e+00
 3.08219e+21	0.00e+00	0.00e+00	1.17e-25	2.87e-19	1.70e-13	4.46e-08	2.83e-04	1.00e+00
 3.17664e+21	0.00e+00	6.10e-33	1.39e-25	3.27e-19	1.86e-13	4.74e-08	2.93e-04	1.00e+00
 3.29943e+21	1.00e-41	8.09e-33	1.74e-25	3.89e-19	2.09e-13	5.17e-08	3.08e-04	1.00e+00
 3.42389e+21	0.00e+00	0.00e+00	2.18e-25	4.61e-19	2.35e-13	5.61e-08	3.23e-04	1.00e+00
 3.52250e+21	0.00e+00	1.33e-32	2.59e-25	5.23e-19	2.56e-13	5.96e-08	3.35e-04	1.00e+00
 3.62268e+21	2.35e-41	1.65e-32	3.08e-25	5.96e-19	2.79e-13	6.35e-08	3.48e-04	1.00e+00
 3.73569e+21	0.00e+00	0.00e+00	3.76e-25	6.93e-19	3.09e-13	6.83e-08	3.64e-04	1.00e+00
 3.84133e+21	0.00e+00	2.63e-32	4.48e-25	7.90e-19	3.37e-13	7.27e-08	3.78e-04	1.00e+00
 3.93823e+21	5.28e-41	3.23e-32	5.28e-25	8.94e-19	3.67e-13	7.73e-08	3.92e-04	1.00e+00
 4.04785e+21	0.00e+00	0.00e+00	6.32e-25	1.02e-18	4.01e-13	8.25e-08	4.08e-04	1.00e+00
 4.16237e+21	0.00e+00	5.12e-32	7.63e-25	1.18e-18	4.40e-13	8.82e-08	4.25e-04	1.00e+00
 4.25797e+21	1.16e-40	6.20e-32	8.86e-25	1.31e-18	4.72e-13	9.29e-08	4.40e-04	1.00e+00
 4.35696e+21	0.00e+00	0.00e+00	1.04e-24	1.47e-18	5.09e-13	9.82e-08	4.55e-04	1.00e+00
 4.48565e+21	0.00e+00	9.72e-32	1.27e-24	1.71e-18	5.63e-13	1.06e-07	4.77e-04	1.00e+00
 4.61541e+21	2.70e-40	1.25e-31	1.55e-24	1.99e-18	6.20e-13	1.14e-07	4.99e-04	1.00e+00
 4.71709e+21	0.00e+00	0.00e+00	1.81e-24	2.22e-18	6.66e-13	1.20e-07	5.16e-04	9.99e-01
 4.81980e+21	0.00e+00	1.84e-31	2.10e-24	2.48e-18	7.14e-13	1.26e-07	5.34e-04	9.99e-01
 4.93498e+21	5.60e-40	2.29e-31	2.49e-24	2.82e-18	7.76e-13	1.34e-07	5.56e-04	9.99e-01
 5.04290e+21	0.00e+00	0.00e+00	2.92e-24	3.16e-18	8.35e-13	1.42e-07	5.76e-04	9.99e-01
 5.14279e+21	0.00e+00	3.35e-31	3.36e-24	3.50e-18	8.88e-13	1.49e-07	5.95e-04	9.99e-01
 5.25568e+21	1.14e-39	4.10e-31	3.94e-24	3.94e-18	9.59e-13	1.58e-07	6.18e-04	9.99e-01
 5.38231e+21	0.00e+00	0.00e+00	4.71e-24	4.48e-18	1.04e-12	1.68e-07	6.44e-04	9.99e-01
 5.49558e+21	0.00e+00	6.27e-31	5.50e-24	5.01e-18	1.12e-12	1.78e-07	6.68e-04	9.99e-01
 5.59279e+21	2.33e-39	7.40e-31	6.27e-24	5.50e-18	1.18e-12	1.86e-07	6.88e-04	9.99e-01
 5.70032e+21	0.00e+00	0.00e+00	7.24e-24	6.11e-18	1.26e-12	1.96e-07	7.12e-04	9.99e-01
 5.84011e+21	0.00e+00	1.13e-30	8.71e-24	6.98e-18	1.37e-12	2.09e-07	7.44e-04	9.99e-01
 5.98261e+21	5.20e-39	1.43e-30	1.05e-23	7.99e-18	1.49e-12	2.23e-07	7.78e-04	9.99e-01
 6.09632e+21	0.00e+00	0.00e+00	1.22e-23	8.88e-18	1.59e-12	2.35e-07	8.05e-04	9.99e-01
 6.21183e+21	0.00e+00	2.08e-30	1.41e-23	9.86e-18	1.70e-12	2.48e-07	8.33e-04	9.99e-01
 6.34147e+21	1.06e-38	2.56e-30	1.66e-23	1.11e-17	1.82e-12	2.62e-07	8.66e-04	9.99e-01
 6.46248e+21	0.00e+00	0.00e+00	1.92e-23	1.23e-17	1.94e-12	2.77e-07	8.98e-04	9.99e-01
 6.57397e+21	0.00e+00	3.70e-30	2.20e-23	1.36e-17	2.06e-12	2.91e-07	9.28e-04	9.99e-01
 6.70010e+21	2.10e-38	4.50e-30	2.56e-23	1.52e-17	2.20e-12	3.07e-07	9.62e-04	9.99e-01
 6.84197e+21	0.00e+00	0.00e+00	3.04e-23	1.71e-17	2.37e-12	3.26e-07	1.00e-03	9.99e-01
 6.97477e+21	0.00e+00	6.84e-30	3.55e-23	1.92e-17	2.54e-12	3.45e-07	1.04e-03	9.99e-01
 7.09745e+21	4.38e-38	8.21e-30	4.10e-23	2.12e-17	2.70e-12	3.63e-07	1.08e-03	9.99e-01
 7.23650e+21	0.00e+00	0.00e+00	4.80e-23	2.37e-17	2.89e-12	3.84e-07	1.12e-03	9.99e-01
 7.38879e+21	0.00e+00	1.26e-29	5.71e-23	2.69e-17	3.12e-12	4.09e-07	1.17e-03	9.99e-01
 7.52622e+21	9.39e-38	1.53e-29	6.66e-23	3.00e-17	3.33e-12	4.32e-07	1.21e-03	9.99e-01
 7.65027e+21	0.00e+00	0.00e+00	7.63e-23	3.31e-17	3.54e-12	4.54e-07	1.25e-03	9.99e-01
 7.78902e+21	0.00e+00	2.21e-29	8.88e-23	3.69e-17	3.78e-12	4.80e-07	1.30e-03	9.99e-01
 7.94414e+21	1.90e-37	2.73e-29	1.05e-22	4.16e-17	4.07e-12	5.10e-07	1.35e-03	9.99e-01
 8.09175e+21	0.00e+00	0.00e+00	1.23e-22	4.66e-17	4.35e-12	5.41e-07	1.40e-03	9.99e-01
 8.23059e+21	0.00e+00	4.05e-29	1.42e-22	5.18e-17	4.64e-12	5.71e-07	1.45e-03	9.99e-01
 8.38682e+21	3.94e-37	4.97e-29	1.67e-22	5.81e-17	4.98e-12	6.06e-07	1.51e-03	9.98e-01
 8.56038e+21	0.00e+00	0.00e+00	1.99e-22	6.61e-17	5.40e-12	6.47e-07	1.57e-03	9.98e-01
 8.71847e+21	0.00e+00	7.67e-29	2.35e-22	7.43e-17	5.80e-12	6.88e-07	1.63e-03	9.98e-01
 8.85835e+21	8.28e-37	9.16e-29	2.70e-22	8.22e-17	6.17e-12	7.25e-07	1.69e-03	9.98e-01
 9.01258e+21	0.00e+00	0.00e+00	3.13e-22	9.16e-17	6.61e-12	7.67e-07	1.75e-03	9.98e-01
 9.21309e+21	0.00e+00	1.42e-28	3.81e-22	1.06e-16	7.22e-12	8.27e-07	1.83e-03	9.98e-01
 9.41694e+21	1.92e-36	1.83e-28	4.65e-22	1.22e-16	7.91e-12	8.92e-07	1.92e-03	9.98e-01
 9.58120e+21	0.00e+00	2.23e-28	5.43e-22	1.37e-16	8.50e-12	9.46e-07	1.99e-03	9.98e-01
 9.75080e+21	3.09e-36	2.72e-28	6.36e-22	1.54e-16	9.15e-12	1.01e-06	2.06e-03	9.98e-01
 9.97128e+21	0.00e+00	3.51e-28	7.79e-22	1.79e-16	1.01e-11	1.09e-06	2.16e-03	9.98e-01
 1.01964e+22	5.79e-36	4.56e-28	9.59e-22	2.08e-16	1.11e-11	1.18e-06	2.27e-03	9.98e-01
 1.03729e+22	0.00e+00	5.58e-28	1.13e-21	2.34e-16	1.20e-11	1.25e-06	2.35e-03	9.98e-01
 1.05478e+22	9.30e-36	6.76e-28	1.31e-21	2.63e-16	1.29e-11	1.33e-06	2.44e-03	9.98e-01
 1.07751e+22	0.00e+00	8.68e-28	1.60e-21	3.04e-16	1.42e-11	1.44e-06	2.55e-03	9.97e-01
 1.10136e+22	1.72e-35	1.13e-27	1.97e-21	3.56e-16	1.57e-11	1.56e-06	2.67e-03	9.97e-01
 1.12144e+22	0.00e+00	1.40e-27	2.34e-21	4.05e-16	1.71e-11	1.67e-06	2.78e-03	9.97e-01
 1.14234e+22	2.89e-35	1.74e-27	2.79e-21	4.62e-16	1.87e-11	1.79e-06	2.89e-03	9.97e-01
 1.16950e+22	0.00e+00	2.30e-27	3.50e-21	5.47e-16	2.09e-11	1.95e-06	3.04e-03	9.97e-01
 1.19706e+22	5.71e-35	3.07e-27	4.40e-21	6.51e-16	2.35e-11	2.14e-06	3.20e-03	9.97e-01
 1.21788e+22	0.00e+00	3.79e-27	5.22e-21	7.40e-16	2.56e-11	2.28e-06	3.32e-03	9.97e-01
 1.23770e+22	9.24e-35	4.59e-27	6.09e-21	8.30e-16	2.76e-11	2.42e-06	3.43e-03	9.97e-01
 1.26348e+22	0.00e+00	5.92e-27	7.48e-21	9.72e-16	3.08e-11	2.63e-06	3.59e-03	9.96e-01
 1.29073e+22	1.72e-34	7.73e-27	9.28e-21	1.15e-15	3.44e-11	2.87e-06	3.77e-03	9.96e-01
 1.31392e+22	0.00e+00	9.65e-27	1.11e-20	1.31e-15	3.77e-11	3.08e-06	3.92e-03	9.96e-01
 1.33810e+22	2.93e-34	1.21e-26	1.33e-20	1.51e-15	4.15e-11	3.31e-06	4.07e-03	9.96e-01
 1.36953e+22	0.00e+00	1.61e-26	1.69e-20	1.81e-15	4.69e-11	3.63e-06	4.28e-03	9.96e-01
 1.40138e+22	5.88e-34	2.17e-26	2.14e-20	2.17e-15	5.32e-11	3.99e-06	4.51e-03	9.95e-01
 1.42651e+22	0.00e+00	2.72e-26	2.58e-20	2.50e-15	5.87e-11	4.29e-06	4.69e-03	9.95e-01
 1.44806e+22	9.60e-34	3.28e-26	3.00e-20	2.81e-15	6.36e-11	4.55e-06	4.84e-03	9.95e-01
 1.47225e+22	0.00e+00	4.08e-26	3.58e-20	3.22e-15	6.99e-11	4.89e-06	5.03e-03	9.95e-01
 1.50370e+22	1.71e-33	5.34e-26	4.46e-20	3.82e-15	7.87e-11	5.33e-06	5.27e-03	9.95e-01
 1.53637e+22	0.00e+00	7.09e-26	5.63e-20	4.57e-15	8.91e-11	5.84e-06	5.53e-03	9.94e-01
 1.56328e+22	3.13e-33	8.90e-26	6.78e-20	5.28e-15	9.86e-11	6.29e-06	5.75e-03	9.94e-01
 1.59090e+22	0.00e+00	1.12e-25	8.16e-20	6.10e-15	1.09e-10	6.77e-06	5.97e-03	9.94e-01
 1.62682e+22	5.79e-33	1.50e-25	1.04e-19	7.36e-15	1.24e-10	7.44e-06	6.28e-03	9.94e-01
 1.66393e+22	0.00e+00	2.03e-25	1.34e-19	8.94e-15	1.43e-10	8.21e-06	6.61e-03	9.93e-01
 1.69449e+22	1.11e-32	2.60e-25	1.63e-19	1.05e-14	1.59e-10	8.89e-06	6.89e-03	9.93e-01
 1.72608e+22	0.00e+00	3.32e-25	2.00e-19	1.22e-14	1.78e-10	9.63e-06	7.18e-03	9.93e-01
 1.76716e+22	2.16e-32	4.57e-25	2.60e-19	1.50e-14	2.06e-10	1.07e-05	7.58e-03	9.92e-01
 1.80890e+22	0.00e+00	6.34e-25	3.40e-19	1.85e-14	2.39e-10	1.19e-05	8.00e-03	9.92e-01
 1.84054e+22	4.22e-32	8.07e-25	4.15e-19	2.17e-14	2.67e-10	1.28e-05	8.33e-03	9.92e-01
 1.87072e+22	0.00e+00	1.01e-24	4.98e-19	2.50e-14	2.95e-10	1.38e-05	8.64e-03	9.91e-01
 1.90995e+22	7.69e-32	1.34e-24	6.32e-19	3.01e-14	3.37e-10	1.51e-05	9.07e-03	9.91e-01
 1.95149e+22	0.00e+00	1.83e-24	8.15e-19	3.68e-14	3.89e-10	1.67e-05	9.54e-03	9.90e-01
 1.98705e+22	1.50e-31	2.37e-24	1.01e-18	4.35e-14	4.38e-10	1.81e-05	9.95e-03	9.90e-01
 2.02428e+22	0.00e+00	3.08e-24	1.25e-18	5.15e-14	4.94e-10	1.97e-05	1.04e-02	9.90e-01
 2.07269e+22	3.03e-31	4.31e-24	1.65e-18	6.42e-14	5.79e-10	2.20e-05	1.10e-02	9.89e-01
 2.11811e+22	0.00e+00	5.97e-24	2.16e-18	7.93e-14	6.73e-10	2.44e-05	1.16e-02	9.88e-01
 2.14785e+22	5.68e-31	7.37e-24	2.58e-18	9.10e-14	7.42e-10	2.61e-05	1.20e-02	9.88e-01
 2.17471e+22	0.00e+00	8.75e-24	2.97e-18	1.02e-13	8.04e-10	2.76e-05	1.23e-02	9.88e-01
 2.20963e+22	9.12e-31	1.10e-23	3.60e-18	1.18e-13	8.97e-10	2.97e-05	1.28e-02	9.87e-01
 2.25503e+22	0.00e+00	1.50e-23	4.64e-18	1.45e-13	1.03e-09	3.27e-05	1.34e-02	9.87e-01
 2.30093e+22	1.88e-30	2.04e-23	5.99e-18	1.77e-13	1.20e-09	3.61e-05	1.41e-02	9.86e-01
 2.33625e+22	0.00e+00	2.58e-23	7.26e-18	2.06e-13	1.33e-09	3.88e-05	1.46e-02	9.85e-01
 2.36514e+22	3.10e-30	3.13e-23	8.53e-18	2.34e-13	1.46e-09	4.13e-05	1.51e-02	9.85e-01
 2.39693e+22	0.00e+00	3.81e-23	1.01e-17	2.66e-13	1.60e-09	4.40e-05	1.56e-02	9.84e-01
 2.43826e+22	5.32e-30	4.96e-23	1.25e-17	3.17e-13	1.82e-09	4.78e-05	1.62e-02	9.84e-01
 2.48143e+22	0.00e+00	6.57e-23	1.58e-17	3.80e-13	2.07e-09	5.22e-05	1.70e-02	9.83e-01
 2.51641e+22	9.57e-30	8.19e-23	1.90e-17	4.40e-13	2.30e-09	5.60e-05	1.76e-02	9.82e-01
 2.55133e+22	0.00e+00	1.02e-22	2.27e-17	5.07e-13	2.55e-09	5.99e-05	1.82e-02	9.82e-01
 2.59672e+22	1.71e-29	1.35e-22	2.87e-17	6.10e-13	2.91e-09	6.55e-05	1.90e-02	9.81e-01
 2.64372e+22	0.00e+00	1.81e-22	3.67e-17	7.41e-13	3.35e-09	7.19e-05	1.99e-02	9.80e-01
 2.68133e+22	3.18e-29	2.29e-22	4.45e-17	8.65e-13	3.74e-09	7.73e-05	2.06e-02	9.79e-01
 2.71211e+22	0.00e+00	2.76e-22	5.20e-17	9.78e-13	4.08e-09	8.19e-05	2.12e-02	9.79e-01
 2.74547e+22	5.02e-29	3.37e-22	6.15e-17	1.12e-12	4.49e-09	8.73e-05	2.19e-02	9.78e-01
 2.78883e+22	0.00e+00	4.37e-22	7.63e-17	1.33e-12	5.08e-09	9.47e-05	2.28e-02	9.77e-01
 2.83413e+22	9.40e-29	5.77e-22	9.61e-17	1.59e-12	5.79e-09	1.03e-04	2.38e-02	9.76e-01
 2.87102e+22	0.00e+00	7.21e-22	1.16e-16	1.85e-12	6.45e-09	1.11e-04	2.47e-02	9.75e-01
 2.90804e+22	1.57e-28	8.95e-22	1.39e-16	2.13e-12	7.14e-09	1.18e-04	2.55e-02	9.74e-01
 2.95616e+22	2.18e-28	1.19e-21	1.75e-16	2.56e-12	8.16e-09	1.29e-04	2.67e-02	9.73e-01
 3.00308e+22	3.04e-28	1.57e-21	2.22e-16	3.09e-12	9.34e-09	1.41e-04	2.78e-02	9.72e-01
 3.03669e+22	3.82e-28	1.91e-21	2.61e-16	3.52e-12	1.02e-08	1.50e-04	2.87e-02	9.71e-01
 3.06864e+22	4.72e-28	2.29e-21	3.04e-16	3.97e-12	1.12e-08	1.58e-04	2.95e-02	9.70e-01
 3.11017e+22	6.25e-28	2.92e-21	3.72e-16	4.66e-12	1.25e-08	1.71e-04	3.06e-02	9.69e-01
 3.15563e+22	8.50e-28	3.80e-21	4.63e-16	5.55e-12	1.42e-08	1.85e-04	3.19e-02	9.68e-01
 3.19582e+22	1.11e-27	4.78e-21	5.62e-16	6.47e-12	1.58e-08	1.99e-04	3.30e-02	9.67e-01
 3.23189e+22	1.41e-27	5.86e-21	6.65e-16	7.40e-12	1.75e-08	2.11e-04	3.40e-02	9.66e-01
 3.27298e+22	1.83e-27	7.34e-21	8.04e-16	8.60e-12	1.94e-08	2.26e-04	3.52e-02	9.65e-01
 3.31824e+22	2.47e-27	9.46e-21	9.94e-16	1.02e-11	2.19e-08	2.45e-04	3.66e-02	9.63e-01
 3.35860e+22	3.20e-27	1.18e-20	1.20e-15	1.18e-11	2.44e-08	2.62e-04	3.79e-02	9.62e-01
 3.39329e+22	3.99e-27	1.43e-20	1.40e-15	1.34e-11	2.67e-08	2.77e-04	3.90e-02	9.61e-01
 3.43093e+22	5.02e-27	1.74e-20	1.66e-15	1.53e-11	2.93e-08	2.95e-04	4.01e-02	9.60e-01
 3.47987e+22	6.78e-27	2.25e-20	2.05e-15	1.82e-11	3.32e-08	3.18e-04	4.17e-02	9.58e-01
 3.53024e+22	9.26e-27	2.94e-20	2.57e-15	2.17e-11	3.77e-08	3.45e-04	4.34e-02	9.56e-01
 3.57047e+22	1.18e-26	3.62e-20	3.06e-15	2.49e-11	4.16e-08	3.68e-04	4.48e-02	9.55e-01
 3.61076e+22	1.48e-26	4.41e-20	3.61e-15	2.85e-11	4.58e-08	3.91e-04	4.62e-02	9.53e-01
 3.66314e+22	2.01e-26	5.71e-20	4.49e-15	3.39e-11	5.18e-08	4.22e-04	4.80e-02	9.52e-01
 3.71859e+22	2.76e-26	7.51e-20	5.65e-15	4.07e-11	5.91e-08	4.59e-04	5.00e-02	9.50e-01
 3.76492e+22	3.57e-26	9.37e-20	6.80e-15	4.72e-11	6.57e-08	4.91e-04	5.17e-02	9.48e-01
 3.81204e+22	4.58e-26	1.16e-19	8.14e-15	5.46e-11	7.29e-08	5.25e-04	5.34e-02	9.46e-01
 3.87329e+22	6.33e-26	1.53e-19	1.03e-14	6.58e-11	8.34e-08	5.72e-04	5.57e-02	9.44e-01
 3.93415e+22	8.76e-26	2.03e-19	1.30e-14	7.95e-11	9.55e-08	6.23e-04	5.81e-02	9.41e-01
 3.97946e+22	1.10e-25	2.47e-19	1.54e-14	9.08e-11	1.05e-07	6.62e-04	5.99e-02	9.39e-01
 4.02333e+22	1.36e-25	2.96e-19	1.79e-14	1.03e-10	1.15e-07	7.01e-04	6.16e-02	9.38e-01
 4.08035e+22	1.79e-25	3.74e-19	2.18e-14	1.20e-10	1.29e-07	7.54e-04	6.38e-02	9.35e-01
 4.14158e+22	2.40e-25	4.82e-19	2.70e-14	1.43e-10	1.46e-07	8.16e-04	6.63e-02	9.33e-01
 4.19435e+22	3.06e-25	5.94e-19	3.22e-14	1.65e-10	1.61e-07	8.71e-04	6.84e-02	9.31e-01
 4.24901e+22	3.88e-25	7.29e-19	3.83e-14	1.89e-10	1.79e-07	9.28e-04	7.06e-02	9.28e-01
 4.32006e+22	5.26e-25	9.47e-19	4.78e-14	2.26e-10	2.03e-07	1.01e-03	7.35e-02	9.25e-01
 4.38652e+22	7.02e-25	1.22e-18	5.91e-14	2.68e-10	2.30e-07	1.09e-03	7.63e-02	9.23e-01
 4.43057e+22	8.43e-25	1.42e-18	6.75e-14	2.98e-10	2.48e-07	1.14e-03	7.82e-02	9.21e-01
 4.47142e+22	9.77e-25	1.62e-18	7.51e-14	3.25e-10	2.64e-07	1.19e-03	7.97e-02	9.19e-01
 4.52451e+22	1.20e-24	1.93e-18	8.74e-14	3.67e-10	2.89e-07	1.26e-03	8.19e-02	9.17e-01
 4.59354e+22	1.57e-24	2.43e-18	1.06e-13	4.30e-10	3.24e-07	1.36e-03	8.49e-02	9.14e-01
 4.66558e+22	2.06e-24	3.08e-18	1.30e-13	5.05e-10	3.64e-07	1.46e-03	8.79e-02	9.11e-01
 4.72510e+22	2.55e-24	3.70e-18	1.51e-13	5.73e-10	3.99e-07	1.55e-03	9.05e-02	9.08e-01
 4.78603e+22	3.15e-24	4.44e-18	1.77e-13	6.49e-10	4.37e-07	1.64e-03	9.30e-02	9.05e-01
 4.86523e+22	4.10e-24	5.58e-18	2.15e-13	7.59e-10	4.89e-07	1.76e-03	9.63e-02	9.02e-01
 4.94962e+22	5.45e-24	7.12e-18	2.64e-13	8.97e-10	5.53e-07	1.91e-03	1.00e-01	8.98e-01
 5.02204e+22	6.90e-24	8.74e-18	3.14e-13	1.03e-09	6.13e-07	2.04e-03	1.03e-01	8.95e-01
 5.09749e+22	8.70e-24	1.07e-17	3.72e-13	1.19e-09	6.78e-07	2.17e-03	1.07e-01	8.91e-01
 5.18017e+22	1.12e-23	1.33e-17	4.48e-13	1.38e-09	7.57e-07	2.33e-03	1.10e-01	8.87e-01
 5.25318e+22	1.39e-23	1.60e-17	5.25e-13	1.57e-09	8.31e-07	2.47e-03	1.13e-01	8.84e-01
 5.31912e+22	1.68e-23	1.88e-17	6.03e-13	1.75e-09	9.01e-07	2.60e-03	1.16e-01	8.81e-01
 5.39491e+22	2.07e-23	2.26e-17	7.03e-13	1.98e-09	9.87e-07	2.76e-03	1.20e-01	8.78e-01
 5.49343e+22	2.69e-23	2.83e-17	8.52e-13	2.32e-09	1.11e-06	2.97e-03	1.24e-01	8.73e-01
 5.59652e+22	3.55e-23	3.59e-17	1.04e-12	2.73e-09	1.25e-06	3.20e-03	1.28e-01	8.68e-01
 5.67574e+22	4.37e-23	4.31e-17	1.22e-12	3.10e-09	1.37e-06	3.39e-03	1.32e-01	8.65e-01
 5.74894e+22	5.17e-23	4.98e-17	1.38e-12	3.42e-09	1.47e-06	3.55e-03	1.35e-01	8.62e-01
 5.84409e+22	6.53e-23	6.09e-17	1.63e-12	3.93e-09	1.63e-06	3.79e-03	1.39e-01	8.57e-01
 5.94159e+22	8.27e-23	7.46e-17	1.94e-12	4.52e-09	1.80e-06	4.04e-03	1.43e-01	8.53e-01
 6.02184e+22	9.89e-23	8.71e-17	2.21e-12	5.03e-09	1.95e-06	4.24e-03	1.47e-01	8.49e-01
 6.10585e+22	1.20e-22	1.03e-16	2.55e-12	5.64e-09	2.12e-06	4.47e-03	1.51e-01	8.45e-01
 6.21505e+22	1.51e-22	1.25e-16	3.02e-12	6.47e-09	2.34e-06	4.77e-03	1.55e-01	8.40e-01
 6.32684e+22	1.92e-22	1.55e-16	3.62e-12	7.49e-09	2.61e-06	5.10e-03	1.60e-01	8.35e-01
 6.41129e+22	2.29e-22	1.80e-16	4.11e-12	8.32e-09	2.82e-06	5.35e-03	1.64e-01	8.31e-01
 6.49039e+22	2.68e-22	2.06e-16	4.61e-12	9.13e-09	3.01e-06	5.59e-03	1.67e-01	8.27e-01
 6.59323e+22	3.27e-22	2.45e-16	5.34e-12	1.03e-08	3.29e-06	5.91e-03	1.72e-01	8.22e-01
 6.69765e+22	4.00e-22	2.92e-16	6.19e-12	1.16e-08	3.59e-06	6.25e-03	1.76e-01	8.18e-01
 6.78459e+22	4.71e-22	3.36e-16	6.99e-12	1.28e-08	3.86e-06	6.54e-03	1.80e-01	8.14e-01
 6.87808e+22	5.55e-22	3.87e-16	7.89e-12	1.41e-08	4.15e-06	6.85e-03	1.84e-01	8.09e-01
 6.99961e+22	6.86e-22	4.65e-16	9.22e-12	1.60e-08	4.56e-06	7.26e-03	1.89e-01	8.04e-01
 7.11973e+22	8.49e-22	5.60e-16	1.08e-11	1.82e-08	5.00e-06	7.70e-03	1.94e-01	7.98e-01
 7.21756e+22	1.00e-21	6.45e-16	1.22e-11	2.01e-08	5.38e-06	8.06e-03	1.98e-01	7.94e-01
 7.32430e+22	1.18e-21	7.45e-16	1.38e-11	2.22e-08	5.79e-06	8.45e-03	2.03e-01	7.89e-01
 7.43888e+22	1.42e-21	8.74e-16	1.58e-11	2.48e-08	6.27e-06	8.89e-03	2.07e-01	7.84e-01
 7.54060e+22	1.67e-21	1.00e-15	1.77e-11	2.73e-08	6.73e-06	9.29e-03	2.12e-01	7.79e-01
 7.64976e+22	1.97e-21	1.16e-15	2.00e-11	3.01e-08	7.24e-06	9.73e-03	2.16e-01	7.74e-01
 7.76988e+22	2.35e-21	1.35e-15	2.29e-11	3.35e-08	7.84e-06	1.02e-02	2.21e-01	7.69e-01
 7.88289e+22	2.77e-21	1.56e-15	2.58e-11	3.70e-08	8.43e-06	1.07e-02	2.26e-01	7.64e-01
 8.00848e+22	3.28e-21	1.80e-15	2.92e-11	4.10e-08	9.08e-06	1.12e-02	2.30e-01	7.58e-01
 8.14486e+22	3.98e-21	2.13e-15	3.37e-11	4.60e-08	9.89e-06	1.19e-02	2.36e-01	7.52e-01
 8.26951e+22	4.70e-21	2.46e-15	3.81e-11	5.08e-08	1.06e-05	1.24e-02	2.41e-01	7.47e-01
 8.40581e+22	5.58e-21	2.86e-15	4.33e-11	5.63e-08	1.15e-05	1.31e-02	2.46e-01	7.41e-01
 8.55668e+22	6.81e-21	3.40e-15	5.01e-11	6.35e-08	1.26e-05	1.38e-02	2.52e-01	7.34e-01
 8.69989e+22	8.12e-21	3.96e-15	5.70e-11	7.05e-08	1.36e-05	1.45e-02	2.58e-01	7.28e-01
 8.85944e+22	9.78e-21	4.65e-15	6.55e-11	7.90e-08	1.47e-05	1.53e-02	2.64e-01	7.21e-01
 9.03271e+22	1.20e-20	5.56e-15	7.63e-11	8.94e-08	1.62e-05	1.62e-02	2.71e-01	7.13e-01
 9.19879e+22	1.45e-20	6.55e-15	8.77e-11	1.00e-07	1.76e-05	1.71e-02	2.77e-01	7.06e-01
 9.38964e+22	1.79e-20	7.85e-15	1.02e-10	1.14e-07	1.93e-05	1.82e-02	2.84e-01	6.98e-01
 9.59540e+22	2.24e-20	9.55e-15	1.21e-10	1.30e-07	2.14e-05	1.94e-02	2.92e-01	6.89e-01
 9.77633e+22	2.72e-20	1.13e-14	1.40e-10	1.46e-07	2.33e-05	2.04e-02	2.98e-01	6.81e-01
 9.96733e+22	3.27e-20	1.33e-14	1.61e-10	1.64e-07	2.53e-05	2.16e-02	3.05e-01	6.73e-01
 1.02156e+23	4.13e-20	1.63e-14	1.91e-10	1.89e-07	2.82e-05	2.31e-02	3.14e-01	6.63e-01
 1.04671e+23	5.34e-20	2.04e-14	2.32e-10	2.22e-07	3.17e-05	2.48e-02	3.23e-01	6.52e-01
 1.06630e+23	6.48e-20	2.41e-14	2.68e-10	2.49e-07	3.45e-05	2.62e-02	3.30e-01	6.44e-01
 1.08578e+23	7.65e-20	2.79e-14	3.03e-10	2.76e-07	3.73e-05	2.75e-02	3.37e-01	6.36e-01
 1.11111e+23	9.48e-20	3.37e-14	3.57e-10	3.16e-07	4.12e-05	2.93e-02	3.45e-01	6.26e-01
 1.14403e+23	1.23e-19	4.23e-14	4.34e-10	3.71e-07	4.65e-05	3.16e-02	3.55e-01	6.13e-01
 1.17809e+23	1.64e-19	5.46e-14	5.41e-10	4.45e-07	5.31e-05	3.44e-02	3.67e-01	5.99e-01
 1.20439e+23	2.01e-19	6.50e-14	6.28e-10	5.03e-07	5.82e-05	3.64e-02	3.75e-01	5.89e-01
 1.22931e+23	2.42e-19	7.68e-14	7.26e-10	5.67e-07	6.36e-05	3.85e-02	3.83e-01	5.79e-01
 1.26172e+23	3.04e-19	9.38e-14	8.64e-10	6.55e-07	7.08e-05	4.12e-02	3.92e-01	5.67e-01
 1.30384e+23	3.98e-19	1.19e-13	1.07e-09	7.81e-07	8.07e-05	4.47e-02	4.04e-01	5.51e-01
 1.34770e+23	5.40e-19	1.56e-13	1.35e-09	9.48e-07	9.32e-05	4.88e-02	4.17e-01	5.35e-01
 1.38164e+23	6.76e-19	1.91e-13	1.60e-09	1.09e-06	1.04e-04	5.21e-02	4.26e-01	5.22e-01
 1.40776e+23	7.88e-19	2.18e-13	1.80e-09	1.21e-06	1.11e-04	5.45e-02	4.33e-01	5.13e-01
 1.43589e+23	9.19e-19	2.50e-13	2.03e-09	1.33e-06	1.20e-04	5.72e-02	4.39e-01	5.03e-01
 1.47245e+23	1.11e-18	2.96e-13	2.35e-09	1.51e-06	1.32e-04	6.07e-02	4.48e-01	4.91e-01
 1.51998e+23	1.39e-18	3.61e-13	2.81e-09	1.76e-06	1.48e-04	6.51e-02	4.58e-01	4.77e-01
 1.57106e+23	1.81e-18	4.58e-13	3.46e-09	2.10e-06	1.69e-04	7.05e-02	4.69e-01	4.60e-01
 1.61237e+23	2.23e-18	5.52e-13	4.08e-09	2.40e-06	1.87e-04	7.51e-02	4.78e-01	4.47e-01
 1.64559e+23	2.55e-18	6.22e-13	4.53e-09	2.62e-06	2.00e-04	7.82e-02	4.84e-01	4.38e-01
 1.68266e+23	2.96e-18	7.11e-13	5.11e-09	2.91e-06	2.16e-04	8.21e-02	4.90e-01	4.27e-01
 1.73087e+23	3.50e-18	8.27e-13	5.86e-09	3.28e-06	2.37e-04	8.68e-02	4.98e-01	4.15e-01
 1.79353e+23	4.24e-18	9.85e-13	6.86e-09	3.76e-06	2.63e-04	9.26e-02	5.07e-01	4.01e-01
 1.86614e+23	5.37e-18	1.22e-12	8.30e-09	4.43e-06	2.98e-04	1.00e-01	5.16e-01	3.83e-01
 1.93372e+23	6.70e-18	1.49e-12	9.91e-09	5.16e-06	3.35e-04	1.07e-01	5.25e-01	3.68e-01
 1.99029e+23	7.97e-18	1.74e-12	1.13e-08	5.80e-06	3.66e-04	1.13e-01	5.31e-01	3.55e-01
 2.05055e+23	9.04e-18	1.95e-12	1.26e-08	6.37e-06	3.93e-04	1.18e-01	5.36e-01	3.45e-01
 2.12692e+23	1.04e-17	2.21e-12	1.42e-08	7.08e-06	4.28e-04	1.25e-01	5.42e-01	3.33e-01
 2.21323e+23	1.23e-17	2.58e-12	1.63e-08	8.00e-06	4.70e-04	1.32e-01	5.48e-01	3.19e-01
 2.29711e+23	1.46e-17	2.99e-12	1.87e-08	9.01e-06	5.16e-04	1.40e-01	5.53e-01	3.06e-01
 2.37288e+23	1.67e-17	3.38e-12	2.08e-08	9.92e-06	5.56e-04	1.47e-01	5.57e-01	2.96e-01
 2.44107e+23	1.85e-17	3.70e-12	2.25e-08	1.06e-05	5.87e-04	1.52e-01	5.60e-01	2.88e-01
 2.50245e+23	2.03e-17	4.00e-12	2.41e-08	1.13e-05	6.16e-04	1.56e-01	5.62e-01	2.81e-01
 2.55768e+23	2.19e-17	4.28e-12	2.56e-08	1.19e-05	6.42e-04	1.61e-01	5.64e-01	2.75e-01
 2.60740e+23	2.35e-17	4.55e-12	2.71e-08	1.25e-05	6.69e-04	1.65e-01	5.65e-01	2.69e-01
 2.65214e+23	2.48e-17	4.78e-12	2.83e-08	1.31e-05	6.91e-04	1.68e-01	5.66e-01	2.65e-01
 2.69241e+23	2.60e-17	4.98e-12	2.94e-08	1.35e-05	7.08e-04	1.71e-01	5.67e-01	2.61e-01
 2.72865e+23	2.70e-17	5.15e-12	3.02e-08	1.38e-05	7.24e-04	1.73e-01	5.68e-01	2.58e-01
 2.76126e+23	2.79e-17	5.31e-12	3.11e-08	1.42e-05	7.38e-04	1.76e-01	5.68e-01	2.55e-01
 2.79199e+23	2.86e-17	5.42e-12	3.16e-08	1.44e-05	7.49e-04	1.77e-01	5.69e-01	2.53e-01
 2.82254e+23	2.91e-17	5.51e-12	3.21e-08	1.46e-05	7.58e-04	1.79e-01	5.69e-01	2.51e-01
 2.85309e+23	2.98e-17	5.62e-12	3.27e-08	1.49e-05	7.70e-04	1.81e-01	5.69e-01	2.49e-01
 2.88363e+23	3.06e-17	5.74e-12	3.33e-08	1.51e-05	7.78e-04	1.82e-01	5.70e-01	2.47e-01
 2.91418e+23	3.11e-17	5.84e-12	3.39e-08	1.53e-05	7.90e-04	1.84e-01	5.70e-01	2.45e-01
 2.94473e+23	3.16e-17	5.92e-12	3.43e-08	1.55e-05	7.99e-04	1.86e-01	5.70e-01	2.43e-01
 2.97528e+23	3.20e-17	5.99e-12	3.47e-08	1.57e-05	8.07e-04	1.87e-01	5.70e-01	2.42e-01
 3.00583e+23	3.25e-17	6.07e-12	3.52e-08	1.59e-05	8.16e-04	1.89e-01	5.70e-01	2.40e-01
 3.03637e+23	3.30e-17	6.17e-12	3.58e-08	1.62e-05	8.29e-04	1.91e-01	5.70e-01	2.38e-01
 3.05323e+23	3.52e-17	6.50e-12	3.74e-08	1.68e-05	8.52e-04	1.95e-01	5.69e-01	2.35e-01
