#depth	S	S+	S+2	S+3	S+4	S+5	S+6	S+7	S+8	S+9	S+10	S+11	S+12	S+13	S+14	S+15	S+16
 1.54284e+19	0.00e+00	0.00e+00	0.00e+00	0.00e+00	0.00e+00	0.00e+00	5.56e-39	1.05e-32	1.13e-26	2.21e-21	1.78e-17	4.75e-14	1.01e-10	1.57e-07	3.69e-04	3.47e-02	9.65e-01
 9.25702e+19	0.00e+00	0.00e+00	0.00e+00	0.00e+00	0.00e+00	0.00e+00	0.00e+00	1.63e-32	1.67e-26	3.11e-21	2.40e-17	6.07e-14	1.23e-10	1.81e-07	4.07e-04	3.64e-02	9.63e-01
 2.19083e+20	0.00e+00	0.00e+00	0.00e+00	0.00e+00	0.00e+00	0.00e+00	2.14e-38	3.48e-32	3.25e-26	5.57e-21	3.99e-17	9.27e-14	1.71e-10	2.32e-07	4.78e-04	3.94e-02	9.60e-01
 3.51273e+20	0.00e+00	0.00e+00	0.00e+00	0.00e+00	0.00e+00	0.00e+00	0.00e+00	7.34e-32	6.25e-26	9.85e-21	6.55e-17	1.40e-13	2.37e-10	2.95e-07	5.61e-04	4.26e-02	9.57e-01
 4.65778e+20	0.00e+00	0.00e+00	0.00e+00	0.00e+00	0.00e+00	0.00e+00	1.01e-37	1.40e-31	1.11e-25	1.62e-20	1.01e-16	2.00e-13	3.13e-10	3.64e-07	6.43e-04	4.56e-02	9.54e-01
 5.52029e+20	0.00e+00	0.00e+00	0.00e+00	0.00e+00	0.00e+00	0.00e+00	0.00e+00	2.23e-31	1.66e-25	2.30e-20	1.37e-16	2.58e-13	3.83e-10	4.23e-07	7.11e-04	4.79e-02	9.51e-01
 6.42047e+20	0.00e+00	0.00e+00	0.00e+00	0.00e+00	0.00e+00	0.00e+00	2.84e-37	3.52e-31	2.48e-25	3.25e-20	1.85e-16	3.32e-13	4.67e-10	4.92e-07	7.86e-04	5.03e-02	9.49e-01
 7.42949e+20	0.00e+00	0.00e+00	0.00e+00	0.00e+00	0.00e+00	0.00e+00	0.00e+00	5.96e-31	3.93e-25	4.86e-20	2.62e-16	4.44e-13	5.86e-10	5.83e-07	8.79e-04	5.31e-02	9.46e-01
 8.36894e+20	0.00e+00	0.00e+00	0.00e+00	0.00e+00	0.00e+00	0.00e+00	8.81e-37	9.66e-31	6.01e-25	7.02e-20	3.61e-16	5.78e-13	7.21e-10	6.80e-07	9.72e-04	5.57e-02	9.43e-01
 9.24166e+20	0.00e+00	0.00e+00	0.00e+00	0.00e+00	0.00e+00	0.00e+00	0.00e+00	0.00e+00	8.85e-25	9.81e-20	4.82e-16	7.35e-13	8.70e-10	7.82e-07	1.07e-03	5.83e-02	9.41e-01
 1.02387e+21	0.00e+00	0.00e+00	0.00e+00	0.00e+00	0.00e+00	0.00e+00	0.00e+00	2.45e-30	1.36e-24	1.42e-19	6.66e-16	9.61e-13	1.07e-09	9.16e-07	1.18e-03	6.13e-02	9.38e-01
 1.13572e+21	0.00e+00	0.00e+00	0.00e+00	0.00e+00	0.00e+00	0.00e+00	4.58e-36	4.21e-30	2.19e-24	2.15e-19	9.50e-16	1.29e-12	1.35e-09	1.09e-06	1.32e-03	6.47e-02	9.34e-01
 1.23792e+21	0.00e+00	0.00e+00	0.00e+00	0.00e+00	0.00e+00	0.00e+00	0.00e+00	0.00e+00	3.36e-24	3.11e-19	1.31e-15	1.68e-12	1.66e-09	1.27e-06	1.46e-03	6.79e-02	9.31e-01
 1.32956e+21	0.00e+00	0.00e+00	0.00e+00	0.00e+00	0.00e+00	0.00e+00	0.00e+00	1.07e-29	4.95e-24	4.35e-19	1.75e-15	2.13e-12	2.00e-09	1.45e-06	1.60e-03	7.08e-02	9.28e-01
 1.43289e+21	0.00e+00	0.00e+00	0.00e+00	0.00e+00	0.00e+00	0.00e+00	2.22e-35	1.72e-29	7.53e-24	6.24e-19	2.39e-15	2.77e-12	2.45e-09	1.69e-06	1.76e-03	7.43e-02	9.24e-01
 1.54968e+21	0.00e+00	0.00e+00	0.00e+00	0.00e+00	0.00e+00	0.00e+00	0.00e+00	0.00e+00	1.20e-23	9.33e-19	3.38e-15	3.69e-12	3.07e-09	2.00e-06	1.97e-03	7.83e-02	9.20e-01
 1.66099e+21	0.00e+00	0.00e+00	0.00e+00	0.00e+00	0.00e+00	0.00e+00	0.00e+00	4.72e-29	1.82e-23	1.33e-18	4.60e-15	4.77e-12	3.77e-09	2.33e-06	2.18e-03	8.22e-02	9.16e-01
 1.76215e+21	0.00e+00	0.00e+00	0.00e+00	0.00e+00	0.00e+00	0.00e+00	1.13e-34	7.34e-29	2.68e-23	1.86e-18	6.12e-15	6.04e-12	4.53e-09	2.67e-06	2.38e-03	8.58e-02	9.12e-01
 1.87311e+21	0.00e+00	0.00e+00	0.00e+00	0.00e+00	0.00e+00	0.00e+00	0.00e+00	0.00e+00	4.07e-23	2.66e-18	8.34e-15	7.81e-12	5.54e-09	3.11e-06	2.63e-03	8.99e-02	9.08e-01
 1.98758e+21	0.00e+00	0.00e+00	0.00e+00	0.00e+00	0.00e+00	0.00e+00	0.00e+00	1.92e-28	6.21e-23	3.83e-18	1.14e-14	1.01e-11	6.79e-09	3.61e-06	2.90e-03	9.41e-02	9.03e-01
 2.08177e+21	0.00e+00	0.00e+00	0.00e+00	0.00e+00	0.00e+00	0.00e+00	5.17e-34	2.85e-28	8.78e-23	5.16e-18	1.47e-14	1.25e-11	8.01e-09	4.08e-06	3.14e-03	9.78e-02	8.99e-01
 2.17941e+21	0.00e+00	0.00e+00	0.00e+00	0.00e+00	0.00e+00	0.00e+00	0.00e+00	0.00e+00	1.25e-22	6.97e-18	1.91e-14	1.55e-11	9.47e-09	4.63e-06	3.41e-03	1.02e-01	8.95e-01
 2.30633e+21	0.00e+00	0.00e+00	0.00e+00	0.00e+00	0.00e+00	0.00e+00	0.00e+00	7.22e-28	1.98e-22	1.04e-17	2.68e-14	2.05e-11	1.18e-08	5.44e-06	3.78e-03	1.07e-01	8.90e-01
 2.43496e+21	0.00e+00	0.00e+00	0.00e+00	0.00e+00	0.00e+00	0.00e+00	2.61e-33	1.21e-27	3.11e-22	1.53e-17	3.73e-14	2.71e-11	1.46e-08	6.38e-06	4.19e-03	1.12e-01	8.84e-01
 2.53407e+21	0.00e+00	0.00e+00	0.00e+00	0.00e+00	0.00e+00	0.00e+00	0.00e+00	1.75e-27	4.30e-22	2.02e-17	4.74e-14	3.30e-11	1.71e-08	7.18e-06	4.53e-03	1.16e-01	8.79e-01
 2.63118e+21	0.00e+00	0.00e+00	0.00e+00	0.00e+00	0.00e+00	0.00e+00	6.02e-33	2.55e-27	5.96e-22	2.67e-17	6.02e-14	4.03e-11	2.00e-08	8.06e-06	4.88e-03	1.20e-01	8.75e-01
 2.75741e+21	0.00e+00	0.00e+00	0.00e+00	0.00e+00	0.00e+00	1.13e-38	1.05e-32	4.18e-27	9.22e-22	3.88e-17	8.28e-14	5.24e-11	2.46e-08	9.37e-06	5.38e-03	1.26e-01	8.69e-01
 2.88739e+21	0.00e+00	0.00e+00	0.00e+00	0.00e+00	0.00e+00	0.00e+00	0.00e+00	6.83e-27	1.42e-21	5.60e-17	1.13e-13	6.80e-11	3.01e-08	1.09e-05	5.93e-03	1.32e-01	8.62e-01
 2.99357e+21	0.00e+00	0.00e+00	0.00e+00	0.00e+00	0.00e+00	0.00e+00	2.79e-32	9.97e-27	1.97e-21	7.43e-17	1.45e-13	8.33e-11	3.53e-08	1.23e-05	6.42e-03	1.36e-01	8.57e-01
 3.08219e+21	0.00e+00	0.00e+00	0.00e+00	0.00e+00	0.00e+00	5.11e-38	4.05e-32	1.39e-26	2.64e-21	9.54e-17	1.79e-13	9.93e-11	4.05e-08	1.36e-05	6.84e-03	1.40e-01	8.53e-01
 3.17664e+21	0.00e+00	0.00e+00	0.00e+00	0.00e+00	0.00e+00	0.00e+00	0.00e+00	1.94e-26	3.53e-21	1.22e-16	2.21e-13	1.19e-10	4.66e-08	1.51e-05	7.32e-03	1.45e-01	8.48e-01
 3.29943e+21	0.00e+00	0.00e+00	0.00e+00	0.00e+00	0.00e+00	0.00e+00	9.72e-32	3.04e-26	5.23e-21	1.71e-16	2.94e-13	1.50e-10	5.60e-08	1.73e-05	7.99e-03	1.51e-01	8.41e-01
 3.42389e+21	0.00e+00	0.00e+00	0.00e+00	0.00e+00	0.00e+00	2.30e-37	1.59e-31	4.72e-26	7.69e-21	2.38e-16	3.90e-13	1.90e-10	6.73e-08	1.98e-05	8.71e-03	1.57e-01	8.35e-01
 3.52250e+21	0.00e+00	0.00e+00	0.00e+00	0.00e+00	0.00e+00	0.00e+00	0.00e+00	6.56e-26	1.03e-20	3.04e-16	4.81e-13	2.26e-10	7.73e-08	2.20e-05	9.32e-03	1.62e-01	8.29e-01
 3.62268e+21	0.00e+00	0.00e+00	0.00e+00	0.00e+00	0.00e+00	0.00e+00	3.38e-31	9.23e-26	1.38e-20	3.93e-16	5.97e-13	2.71e-10	8.90e-08	2.44e-05	9.97e-03	1.67e-01	8.23e-01
 3.73569e+21	0.00e+00	0.00e+00	0.00e+00	0.00e+00	0.00e+00	8.68e-37	5.25e-31	1.37e-25	1.96e-20	5.28e-16	7.69e-13	3.34e-10	1.05e-07	2.75e-05	1.08e-02	1.72e-01	8.17e-01
 3.84133e+21	0.00e+00	0.00e+00	0.00e+00	0.00e+00	0.00e+00	0.00e+00	0.00e+00	1.93e-25	2.64e-20	6.83e-16	9.57e-13	4.01e-10	1.21e-07	3.06e-05	1.15e-02	1.78e-01	8.11e-01
 3.93823e+21	0.00e+00	0.00e+00	0.00e+00	0.00e+00	0.00e+00	0.00e+00	1.11e-30	2.68e-25	3.52e-20	8.73e-16	1.18e-12	4.77e-10	1.38e-07	3.38e-05	1.23e-02	1.83e-01	8.05e-01
 4.04785e+21	0.00e+00	0.00e+00	0.00e+00	0.00e+00	0.00e+00	3.12e-36	1.66e-30	3.83e-25	4.82e-20	1.14e-15	1.48e-12	5.76e-10	1.61e-07	3.77e-05	1.31e-02	1.88e-01	7.99e-01
 4.16237e+21	0.00e+00	0.00e+00	0.00e+00	0.00e+00	0.00e+00	0.00e+00	0.00e+00	5.56e-25	6.68e-20	1.51e-15	1.87e-12	7.02e-10	1.87e-07	4.22e-05	1.41e-02	1.94e-01	7.91e-01
 4.25797e+21	0.00e+00	0.00e+00	0.00e+00	0.00e+00	0.00e+00	0.00e+00	3.51e-30	7.47e-25	8.65e-20	1.88e-15	2.26e-12	8.22e-10	2.12e-07	4.63e-05	1.50e-02	1.99e-01	7.86e-01
 4.35696e+21	0.00e+00	0.00e+00	0.00e+00	0.00e+00	0.00e+00	1.05e-35	4.97e-30	1.02e-24	1.13e-19	2.37e-15	2.75e-12	9.68e-10	2.41e-07	5.09e-05	1.59e-02	2.05e-01	7.79e-01
 4.48565e+21	0.00e+00	0.00e+00	0.00e+00	0.00e+00	0.00e+00	0.00e+00	0.00e+00	1.53e-24	1.62e-19	3.22e-15	3.57e-12	1.20e-09	2.85e-07	5.75e-05	1.72e-02	2.12e-01	7.71e-01
 4.61541e+21	0.00e+00	0.00e+00	0.00e+00	0.00e+00	0.00e+00	0.00e+00	1.23e-29	2.28e-24	2.31e-19	4.34e-15	4.61e-12	1.49e-09	3.37e-07	6.50e-05	1.86e-02	2.19e-01	7.63e-01
 4.71709e+21	0.00e+00	0.00e+00	0.00e+00	0.00e+00	0.00e+00	4.15e-35	1.73e-29	3.11e-24	3.02e-19	5.46e-15	5.60e-12	1.75e-09	3.83e-07	7.14e-05	1.97e-02	2.24e-01	7.56e-01
 4.81980e+21	0.00e+00	0.00e+00	0.00e+00	0.00e+00	0.00e+00	0.00e+00	0.00e+00	4.18e-24	3.93e-19	6.82e-15	6.77e-12	2.05e-09	4.34e-07	7.84e-05	2.09e-02	2.30e-01	7.49e-01
 4.93498e+21	0.00e+00	0.00e+00	0.00e+00	0.00e+00	0.00e+00	0.00e+00	3.57e-29	5.93e-24	5.34e-19	8.86e-15	8.45e-12	2.47e-09	5.01e-07	8.70e-05	2.23e-02	2.36e-01	7.41e-01
 5.04290e+21	0.00e+00	0.00e+00	0.00e+00	0.00e+00	0.00e+00	1.36e-34	5.07e-29	8.12e-24	7.04e-19	1.12e-14	1.03e-11	2.92e-09	5.71e-07	9.58e-05	2.37e-02	2.42e-01	7.34e-01
 5.14279e+21	0.00e+00	0.00e+00	0.00e+00	0.00e+00	0.00e+00	0.00e+00	0.00e+00	1.08e-23	9.01e-19	1.38e-14	1.24e-11	3.39e-09	6.42e-07	1.05e-04	2.51e-02	2.48e-01	7.27e-01
 5.25568e+21	0.00e+00	0.00e+00	0.00e+00	0.00e+00	0.00e+00	0.00e+00	1.00e-28	1.49e-23	1.20e-18	1.77e-14	1.52e-11	4.03e-09	7.34e-07	1.15e-04	2.66e-02	2.54e-01	7.19e-01
 5.38231e+21	0.00e+00	0.00e+00	0.00e+00	0.00e+00	0.00e+00	4.43e-34	1.49e-28	2.13e-23	1.65e-18	2.31e-14	1.91e-11	4.88e-09	8.52e-07	1.28e-04	2.85e-02	2.61e-01	7.10e-01
 5.49558e+21	0.00e+00	0.00e+00	0.00e+00	0.00e+00	0.00e+00	0.00e+00	0.00e+00	2.92e-23	2.17e-18	2.93e-14	2.33e-11	5.77e-09	9.72e-07	1.41e-04	3.02e-02	2.67e-01	7.02e-01
 5.59279e+21	0.00e+00	0.00e+00	0.00e+00	0.00e+00	0.00e+00	0.00e+00	2.83e-28	3.78e-23	2.73e-18	3.56e-14	2.76e-11	6.64e-09	1.08e-06	1.53e-04	3.18e-02	2.73e-01	6.95e-01
 5.70032e+21	0.00e+00	0.00e+00	0.00e+00	0.00e+00	0.00e+00	1.30e-33	3.94e-28	5.09e-23	3.54e-18	4.44e-14	3.32e-11	7.76e-09	1.22e-06	1.67e-04	3.36e-02	2.79e-01	6.88e-01
 5.84011e+21	0.00e+00	0.00e+00	0.00e+00	0.00e+00	0.00e+00	0.00e+00	0.00e+00	7.38e-23	4.92e-18	5.87e-14	4.21e-11	9.47e-09	1.43e-06	1.87e-04	3.60e-02	2.86e-01	6.77e-01
 5.98261e+21	0.00e+00	0.00e+00	0.00e+00	0.00e+00	0.00e+00	0.00e+00	9.10e-28	1.08e-22	6.87e-18	7.79e-14	5.37e-11	1.16e-08	1.67e-06	2.10e-04	3.86e-02	2.94e-01	6.67e-01
 6.09632e+21	0.00e+00	0.00e+00	0.00e+00	0.00e+00	0.00e+00	4.67e-33	1.26e-27	1.45e-22	8.92e-18	9.72e-14	6.48e-11	1.36e-08	1.89e-06	2.29e-04	4.08e-02	3.01e-01	6.58e-01
 6.21183e+21	0.00e+00	0.00e+00	0.00e+00	0.00e+00	3.42e-38	6.68e-33	1.75e-27	1.94e-22	1.15e-17	1.21e-13	7.81e-11	1.59e-08	2.14e-06	2.50e-04	4.30e-02	3.07e-01	6.50e-01
 6.34147e+21	0.00e+00	0.00e+00	0.00e+00	0.00e+00	0.00e+00	0.00e+00	2.53e-27	2.69e-22	1.54e-17	1.55e-13	9.64e-11	1.89e-08	2.45e-06	2.76e-04	4.57e-02	3.14e-01	6.40e-01
 6.46248e+21	0.00e+00	0.00e+00	0.00e+00	0.00e+00	0.00e+00	1.44e-32	3.54e-27	3.65e-22	2.02e-17	1.94e-13	1.17e-10	2.23e-08	2.78e-06	3.03e-04	4.83e-02	3.20e-01	6.31e-01
 6.57397e+21	0.00e+00	0.00e+00	0.00e+00	0.00e+00	1.19e-37	2.02e-32	4.80e-27	4.79e-22	2.57e-17	2.39e-13	1.39e-10	2.58e-08	3.11e-06	3.29e-04	5.08e-02	3.26e-01	6.23e-01
 6.70010e+21	0.00e+00	0.00e+00	0.00e+00	0.00e+00	0.00e+00	0.00e+00	6.72e-27	6.49e-22	3.35e-17	2.99e-13	1.69e-10	3.03e-08	3.53e-06	3.60e-04	5.37e-02	3.33e-01	6.13e-01
 6.84197e+21	0.00e+00	0.00e+00	0.00e+00	0.00e+00	0.00e+00	4.38e-32	9.81e-27	9.11e-22	4.53e-17	3.86e-13	2.10e-10	3.64e-08	4.07e-06	3.98e-04	5.70e-02	3.40e-01	6.03e-01
 6.97477e+21	0.00e+00	0.00e+00	0.00e+00	0.00e+00	4.40e-37	6.42e-32	1.39e-26	1.24e-21	5.97e-17	4.89e-13	2.57e-10	4.31e-08	4.63e-06	4.37e-04	6.03e-02	3.47e-01	5.93e-01
 7.09745e+21	0.00e+00	0.00e+00	0.00e+00	0.00e+00	0.00e+00	0.00e+00	1.90e-26	1.65e-21	7.68e-17	6.05e-13	3.08e-10	5.01e-08	5.21e-06	4.75e-04	6.34e-02	3.53e-01	5.83e-01
 7.23650e+21	0.00e+00	0.00e+00	0.00e+00	0.00e+00	0.00e+00	1.32e-31	2.70e-26	2.26e-21	1.01e-16	7.65e-13	3.77e-10	5.93e-08	5.94e-06	5.21e-04	6.71e-02	3.59e-01	5.73e-01
 7.38879e+21	0.00e+00	0.00e+00	0.00e+00	0.00e+00	1.59e-36	2.00e-31	3.95e-26	3.19e-21	1.37e-16	9.90e-13	4.69e-10	7.14e-08	6.85e-06	5.77e-04	7.12e-02	3.66e-01	5.62e-01
 7.52622e+21	0.00e+00	0.00e+00	0.00e+00	0.00e+00	0.00e+00	0.00e+00	5.53e-26	4.31e-21	1.80e-16	1.24e-12	5.70e-10	8.40e-08	7.77e-06	6.31e-04	7.51e-02	3.73e-01	5.51e-01
 7.65027e+21	0.00e+00	0.00e+00	0.00e+00	0.00e+00	0.00e+00	4.01e-31	7.41e-26	5.61e-21	2.27e-16	1.51e-12	6.75e-10	9.67e-08	8.66e-06	6.81e-04	7.86e-02	3.78e-01	5.43e-01
 7.78902e+21	0.00e+00	0.00e+00	0.00e+00	0.00e+00	5.24e-36	5.73e-31	1.03e-25	7.56e-21	2.96e-16	1.90e-12	8.18e-10	1.14e-07	9.80e-06	7.44e-04	8.28e-02	3.84e-01	5.32e-01
 7.94414e+21	0.00e+00	0.00e+00	0.00e+00	0.00e+00	0.00e+00	0.00e+00	1.47e-25	1.04e-20	3.93e-16	2.41e-12	1.00e-09	1.35e-07	1.12e-05	8.16e-04	8.74e-02	3.91e-01	5.21e-01
 8.09175e+21	0.00e+00	0.00e+00	0.00e+00	0.00e+00	0.00e+00	1.23e-30	2.08e-25	1.42e-20	5.18e-16	3.05e-12	1.23e-09	1.59e-07	1.27e-05	8.93e-04	9.21e-02	3.97e-01	5.10e-01
 8.23059e+21	0.00e+00	0.00e+00	0.00e+00	0.00e+00	1.66e-35	1.56e-30	2.84e-25	1.88e-20	6.65e-16	3.76e-12	1.47e-09	1.85e-07	1.43e-05	9.69e-04	9.66e-02	4.02e-01	5.00e-01
 8.38682e+21	0.00e+00	0.00e+00	0.00e+00	0.00e+00	0.00e+00	0.00e+00	3.99e-25	2.56e-20	8.74e-16	4.74e-12	1.79e-09	2.19e-07	1.62e-05	1.06e-03	1.02e-01	4.08e-01	4.89e-01
 8.56038e+21	0.00e+00	0.00e+00	0.00e+00	0.00e+00	0.00e+00	3.72e-30	5.78e-25	3.58e-20	1.18e-15	6.09e-12	2.22e-09	2.61e-07	1.86e-05	1.16e-03	1.07e-01	4.14e-01	4.77e-01
 8.71847e+21	0.00e+00	0.00e+00	0.00e+00	0.00e+00	6.04e-35	4.90e-30	8.15e-25	4.88e-20	1.55e-15	7.70e-12	2.71e-09	3.09e-07	2.12e-05	1.27e-03	1.13e-01	4.20e-01	4.66e-01
 8.85835e+21	0.00e+00	0.00e+00	0.00e+00	0.00e+00	0.00e+00	0.00e+00	1.09e-24	6.34e-20	1.96e-15	9.38e-12	3.21e-09	3.56e-07	2.36e-05	1.37e-03	1.18e-01	4.24e-01	4.56e-01
 9.01258e+21	0.00e+00	0.00e+00	0.00e+00	0.00e+00	0.00e+00	1.04e-29	1.48e-24	8.37e-20	2.51e-15	1.15e-11	3.83e-09	4.12e-07	2.64e-05	1.48e-03	1.23e-01	4.29e-01	4.46e-01
 9.21309e+21	0.00e+00	0.00e+00	0.00e+00	0.00e+00	2.05e-34	1.45e-29	2.23e-24	1.21e-19	3.48e-15	1.52e-11	4.85e-09	5.02e-07	3.07e-05	1.64e-03	1.31e-01	4.35e-01	4.33e-01
 9.41694e+21	0.00e+00	0.00e+00	0.00e+00	0.00e+00	0.00e+00	0.00e+00	3.35e-24	1.75e-19	4.82e-15	2.01e-11	6.14e-09	6.11e-07	3.56e-05	1.82e-03	1.38e-01	4.40e-01	4.20e-01
 9.58120e+21	0.00e+00	0.00e+00	0.00e+00	0.00e+00	0.00e+00	3.53e-29	4.60e-24	2.32e-19	6.22e-15	2.49e-11	7.37e-09	7.11e-07	4.00e-05	1.97e-03	1.44e-01	4.44e-01	4.09e-01
 9.75080e+21	0.00e+00	0.00e+00	0.00e+00	0.00e+00	7.47e-34	4.49e-29	6.32e-24	3.09e-19	8.03e-15	3.08e-11	8.85e-09	8.28e-07	4.49e-05	2.13e-03	1.51e-01	4.48e-01	3.99e-01
 9.97128e+21	0.00e+00	0.00e+00	0.00e+00	0.00e+00	0.00e+00	0.00e+00	9.50e-24	4.47e-19	1.11e-14	4.06e-11	1.12e-08	1.01e-06	5.21e-05	2.36e-03	1.59e-01	4.53e-01	3.85e-01
 1.01964e+22	0.00e+00	0.00e+00	0.00e+00	0.00e+00	0.00e+00	1.20e-28	1.44e-23	6.50e-19	1.56e-14	5.37e-11	1.42e-08	1.23e-06	6.05e-05	2.61e-03	1.68e-01	4.57e-01	3.72e-01
 1.03729e+22	0.00e+00	0.00e+00	0.00e+00	0.00e+00	3.00e-33	1.53e-28	1.97e-23	8.63e-19	2.00e-14	6.64e-11	1.70e-08	1.42e-06	6.78e-05	2.82e-03	1.75e-01	4.60e-01	3.62e-01
 1.05478e+22	0.00e+00	0.00e+00	0.00e+00	0.00e+00	0.00e+00	0.00e+00	2.66e-23	1.13e-18	2.55e-14	8.13e-11	2.02e-08	1.64e-06	7.55e-05	3.03e-03	1.82e-01	4.63e-01	3.52e-01
 1.07751e+22	0.00e+00	0.00e+00	0.00e+00	0.00e+00	0.00e+00	3.57e-28	3.93e-23	1.61e-18	3.49e-14	1.06e-10	2.53e-08	1.97e-06	8.68e-05	3.32e-03	1.91e-01	4.66e-01	3.40e-01
 1.10136e+22	0.00e+00	0.00e+00	0.00e+00	0.00e+00	1.13e-32	4.96e-28	5.89e-23	2.32e-18	4.83e-14	1.39e-10	3.19e-08	2.39e-06	1.00e-04	3.66e-03	2.01e-01	4.68e-01	3.27e-01
 1.12144e+22	0.00e+00	0.00e+00	0.00e+00	2.88e-37	1.72e-32	7.12e-28	8.20e-23	3.13e-18	6.30e-14	1.73e-10	3.85e-08	2.79e-06	1.13e-04	3.95e-03	2.09e-01	4.70e-01	3.16e-01
 1.14234e+22	0.00e+00	0.00e+00	0.00e+00	0.00e+00	0.00e+00	1.02e-27	1.15e-22	4.24e-18	8.24e-14	2.16e-10	4.65e-08	3.26e-06	1.27e-04	4.27e-03	2.18e-01	4.72e-01	3.06e-01
 1.16950e+22	0.00e+00	0.00e+00	0.00e+00	0.00e+00	4.31e-32	1.61e-27	1.76e-22	6.25e-18	1.16e-13	2.88e-10	5.93e-08	3.99e-06	1.47e-04	4.71e-03	2.29e-01	4.73e-01	2.93e-01
 1.19706e+22	0.00e+00	0.00e+00	0.00e+00	1.45e-36	7.32e-32	2.57e-27	2.72e-22	9.25e-18	1.65e-13	3.85e-10	7.59e-08	4.88e-06	1.72e-04	5.20e-03	2.41e-01	4.74e-01	2.80e-01
 1.21788e+22	0.00e+00	0.00e+00	0.00e+00	0.00e+00	0.00e+00	3.65e-27	3.74e-22	1.23e-17	2.13e-13	4.75e-10	9.07e-08	5.65e-06	1.91e-04	5.59e-03	2.50e-01	4.74e-01	2.70e-01
 1.23770e+22	0.00e+00	0.00e+00	0.00e+00	0.00e+00	1.56e-31	4.95e-27	4.95e-22	1.59e-17	2.66e-13	5.74e-10	1.07e-07	6.45e-06	2.11e-04	5.96e-03	2.58e-01	4.74e-01	2.62e-01
 1.26348e+22	0.00e+00	0.00e+00	0.00e+00	5.65e-36	2.48e-31	7.50e-27	7.35e-22	2.26e-17	3.65e-13	7.41e-10	1.32e-07	7.69e-06	2.41e-04	6.48e-03	2.68e-01	4.74e-01	2.51e-01
 1.29073e+22	0.00e+00	0.00e+00	0.00e+00	0.00e+00	0.00e+00	1.15e-26	1.10e-21	3.25e-17	5.03e-13	9.64e-10	1.65e-07	9.23e-06	2.76e-04	7.07e-03	2.80e-01	4.73e-01	2.40e-01
 1.31392e+22	0.00e+00	0.00e+00	0.00e+00	0.00e+00	6.10e-31	1.65e-26	1.53e-21	4.37e-17	6.55e-13	1.20e-09	1.98e-07	1.07e-05	3.08e-04	7.59e-03	2.89e-01	4.72e-01	2.31e-01
 1.33810e+22	0.00e+00	0.00e+00	0.00e+00	2.17e-35	8.17e-31	2.37e-26	2.14e-21	5.92e-17	8.55e-13	1.49e-09	2.39e-07	1.25e-05	3.45e-04	8.15e-03	2.99e-01	4.70e-01	2.22e-01
 1.36953e+22	0.00e+00	0.00e+00	0.00e+00	0.00e+00	0.00e+00	3.74e-26	3.30e-21	8.76e-17	1.21e-12	1.97e-09	3.03e-07	1.51e-05	3.98e-04	8.92e-03	3.12e-01	4.68e-01	2.11e-01
 1.40138e+22	0.00e+00	0.00e+00	0.00e+00	0.00e+00	2.62e-30	6.00e-26	5.11e-21	1.30e-16	1.72e-12	2.62e-09	3.85e-07	1.84e-05	4.60e-04	9.77e-03	3.25e-01	4.65e-01	2.00e-01
 1.42651e+22	0.00e+00	0.00e+00	0.00e+00	1.12e-34	3.56e-30	8.65e-26	7.13e-21	1.75e-16	2.24e-12	3.24e-09	4.62e-07	2.13e-05	5.12e-04	1.05e-02	3.35e-01	4.62e-01	1.92e-01
 1.44806e+22	0.00e+00	0.00e+00	0.00e+00	0.00e+00	0.00e+00	1.16e-25	9.30e-21	2.23e-16	2.76e-12	3.86e-09	5.35e-07	2.40e-05	5.60e-04	1.11e-02	3.44e-01	4.60e-01	1.85e-01
 1.47225e+22	0.00e+00	0.00e+00	0.00e+00	0.00e+00	8.29e-30	1.64e-25	1.30e-20	3.00e-16	3.59e-12	4.75e-09	6.37e-07	2.77e-05	6.20e-04	1.18e-02	3.53e-01	4.57e-01	1.77e-01
 1.50370e+22	0.00e+00	0.00e+00	0.00e+00	4.26e-34	1.18e-29	2.50e-25	1.94e-20	4.30e-16	4.93e-12	6.12e-09	7.88e-07	3.29e-05	7.04e-04	1.27e-02	3.66e-01	4.52e-01	1.69e-01
 1.53637e+22	0.00e+00	0.00e+00	0.00e+00	0.00e+00	0.00e+00	3.94e-25	2.96e-20	6.30e-16	6.91e-12	7.97e-09	9.86e-07	3.94e-05	8.03e-04	1.38e-02	3.78e-01	4.48e-01	1.59e-01
 1.56328e+22	0.00e+00	0.00e+00	0.00e+00	0.00e+00	3.39e-29	5.66e-25	4.12e-20	8.49e-16	8.98e-12	9.83e-09	1.18e-06	4.54e-05	8.91e-04	1.47e-02	3.88e-01	4.44e-01	1.52e-01
 1.59090e+22	0.00e+00	0.00e+00	0.00e+00	1.90e-33	4.51e-29	8.11e-25	5.78e-20	1.15e-15	1.17e-11	1.21e-08	1.40e-06	5.23e-05	9.88e-04	1.57e-02	3.99e-01	4.39e-01	1.46e-01
 1.62682e+22	0.00e+00	0.00e+00	0.00e+00	0.00e+00	0.00e+00	1.29e-24	8.98e-20	1.71e-15	1.66e-11	1.58e-08	1.76e-06	6.28e-05	1.13e-03	1.70e-02	4.12e-01	4.33e-01	1.37e-01
 1.66393e+22	0.00e+00	0.00e+00	0.00e+00	0.00e+00	1.48e-28	2.09e-24	1.41e-19	2.56e-15	2.37e-11	2.09e-08	2.22e-06	7.58e-05	1.29e-03	1.84e-02	4.25e-01	4.26e-01	1.29e-01
 1.69449e+22	0.00e+00	0.00e+00	0.00e+00	1.03e-32	2.05e-28	3.09e-24	2.02e-19	3.54e-15	3.14e-11	2.61e-08	2.67e-06	8.79e-05	1.44e-03	1.96e-02	4.36e-01	4.21e-01	1.22e-01
 1.72608e+22	0.00e+00	0.00e+00	5.85e-37	1.68e-32	3.19e-28	4.56e-24	2.91e-19	4.91e-15	4.19e-11	3.25e-08	3.22e-06	1.02e-04	1.60e-03	2.09e-02	4.46e-01	4.15e-01	1.16e-01
 1.76716e+22	0.00e+00	0.00e+00	0.00e+00	0.00e+00	0.00e+00	7.54e-24	4.72e-19	7.57e-15	6.12e-11	4.32e-08	4.09e-06	1.23e-04	1.84e-03	2.27e-02	4.60e-01	4.07e-01	1.09e-01
 1.80890e+22	0.00e+00	0.00e+00	0.00e+00	0.00e+00	1.15e-27	1.27e-23	7.67e-19	1.17e-14	8.98e-11	5.76e-08	5.21e-06	1.50e-04	2.11e-03	2.46e-02	4.73e-01	3.99e-01	1.01e-01
 1.84054e+22	0.00e+00	0.00e+00	0.00e+00	1.00e-31	1.58e-27	1.87e-23	1.09e-18	1.61e-14	1.18e-10	7.11e-08	6.21e-06	1.72e-04	2.33e-03	2.61e-02	4.83e-01	3.92e-01	9.60e-02
 1.87072e+22	0.00e+00	0.00e+00	6.82e-36	1.57e-31	2.37e-27	2.66e-23	1.53e-18	2.17e-14	1.54e-10	8.63e-08	7.30e-06	1.96e-04	2.56e-03	2.76e-02	4.92e-01	3.86e-01	9.13e-02
 1.90995e+22	0.00e+00	0.00e+00	0.00e+00	0.00e+00	3.97e-27	4.22e-23	2.37e-18	3.22e-14	2.17e-10	1.11e-07	9.02e-06	2.32e-04	2.88e-03	2.95e-02	5.04e-01	3.78e-01	8.56e-02
 1.95149e+22	0.00e+00	0.00e+00	0.00e+00	5.13e-31	6.91e-27	6.87e-23	3.76e-18	4.87e-14	3.11e-10	1.45e-07	1.13e-05	2.77e-04	3.27e-03	3.17e-02	5.16e-01	3.69e-01	7.98e-02
 1.98705e+22	0.00e+00	0.00e+00	4.44e-35	8.68e-31	1.10e-26	1.03e-22	5.48e-18	6.82e-14	4.17e-10	1.80e-07	1.35e-05	3.20e-04	3.62e-03	3.37e-02	5.25e-01	3.62e-01	7.53e-02
 2.02428e+22	0.00e+00	0.00e+00	0.00e+00	0.00e+00	1.78e-26	1.58e-22	8.20e-18	9.79e-14	5.71e-10	2.25e-07	1.63e-05	3.71e-04	4.02e-03	3.57e-02	5.35e-01	3.54e-01	7.08e-02
 2.07269e+22	0.00e+00	0.00e+00	0.00e+00	2.85e-30	3.23e-26	2.68e-22	1.37e-17	1.55e-13	8.51e-10	3.00e-07	2.07e-05	4.49e-04	4.60e-03	3.85e-02	5.47e-01	3.44e-01	6.54e-02
 2.11811e+22	0.00e+00	0.00e+00	3.32e-34	5.45e-30	5.77e-26	4.44e-22	2.19e-17	2.37e-13	1.23e-09	3.93e-07	2.59e-05	5.37e-04	5.21e-03	4.13e-02	5.58e-01	3.34e-01	6.06e-02
 2.14785e+22	0.00e+00	0.00e+00	0.00e+00	0.00e+00	8.64e-26	6.27e-22	3.01e-17	3.14e-13	1.57e-09	4.67e-07	3.00e-05	6.02e-04	5.65e-03	4.32e-02	5.65e-01	3.28e-01	5.76e-02
 2.17471e+22	0.00e+00	0.00e+00	0.00e+00	1.22e-29	1.18e-25	8.19e-22	3.86e-17	3.92e-13	1.90e-09	5.39e-07	3.38e-05	6.61e-04	6.03e-03	4.48e-02	5.71e-01	3.23e-01	5.52e-02
 2.20963e+22	0.00e+00	0.00e+00	1.32e-33	1.91e-29	1.77e-25	1.18e-21	5.51e-17	5.38e-13	2.50e-09	6.53e-07	3.96e-05	7.49e-04	6.59e-03	4.70e-02	5.78e-01	3.16e-01	5.22e-02
 2.25503e+22	0.00e+00	0.00e+00	0.00e+00	0.00e+00	2.95e-25	1.86e-21	8.53e-17	7.96e-13	3.51e-09	8.39e-07	4.88e-05	8.83e-04	7.39e-03	5.01e-02	5.87e-01	3.06e-01	4.84e-02
 2.30093e+22	0.00e+00	0.00e+00	0.00e+00	6.16e-29	5.07e-25	2.97e-21	1.33e-16	1.19e-12	4.94e-09	1.08e-06	6.01e-05	1.04e-03	8.28e-03	5.33e-02	5.96e-01	2.97e-01	4.48e-02
 2.33625e+22	0.00e+00	0.00e+00	8.01e-33	9.85e-29	7.67e-25	4.25e-21	1.86e-16	1.59e-12	6.35e-09	1.30e-06	7.02e-05	1.18e-03	9.02e-03	5.58e-02	6.02e-01	2.90e-01	4.23e-02
 2.36514e+22	0.00e+00	9.53e-38	1.24e-32	1.46e-28	1.09e-24	5.74e-21	2.47e-16	2.05e-12	7.90e-09	1.52e-06	7.98e-05	1.30e-03	9.67e-03	5.79e-02	6.07e-01	2.84e-01	4.03e-02
 2.39693e+22	0.00e+00	0.00e+00	0.00e+00	0.00e+00	1.53e-24	7.75e-21	3.29e-16	2.65e-12	9.81e-09	1.78e-06	9.11e-05	1.44e-03	1.04e-02	6.02e-02	6.12e-01	2.78e-01	3.83e-02
 2.43826e+22	0.00e+00	0.00e+00	0.00e+00	3.46e-28	2.36e-24	1.13e-20	4.77e-16	3.68e-12	1.30e-08	2.19e-06	1.08e-04	1.65e-03	1.14e-02	6.33e-02	6.18e-01	2.70e-01	3.58e-02
 2.48143e+22	0.00e+00	0.00e+00	5.70e-32	5.87e-28	3.79e-24	1.71e-20	7.06e-16	5.22e-12	1.75e-08	2.73e-06	1.30e-04	1.91e-03	1.26e-02	6.67e-02	6.24e-01	2.62e-01	3.33e-02
 2.51641e+22	0.00e+00	8.40e-37	9.22e-32	9.06e-28	5.56e-24	2.38e-20	9.60e-16	6.85e-12	2.20e-08	3.25e-06	1.50e-04	2.14e-03	1.36e-02	6.94e-02	6.28e-01	2.55e-01	3.14e-02
 2.55133e+22	0.00e+00	0.00e+00	0.00e+00	1.36e-27	8.00e-24	3.26e-20	1.30e-15	8.94e-12	2.75e-08	3.84e-06	1.73e-04	2.38e-03	1.47e-02	7.22e-02	6.32e-01	2.49e-01	2.97e-02
 2.59672e+22	0.00e+00	0.00e+00	2.54e-31	2.28e-27	1.27e-23	4.88e-20	1.93e-15	1.27e-11	3.69e-08	4.78e-06	2.07e-04	2.74e-03	1.62e-02	7.59e-02	6.37e-01	2.40e-01	2.76e-02
 2.64372e+22	0.00e+00	4.89e-36	4.67e-31	3.96e-27	2.08e-23	7.48e-20	2.91e-15	1.82e-11	4.99e-08	6.01e-06	2.49e-04	3.18e-03	1.79e-02	8.00e-02	6.41e-01	2.32e-01	2.55e-02
 2.68133e+22	0.00e+00	0.00e+00	0.00e+00	6.25e-27	3.11e-23	1.05e-19	4.00e-15	2.41e-11	6.30e-08	7.17e-06	2.89e-04	3.56e-03	1.93e-02	8.32e-02	6.45e-01	2.25e-01	2.39e-02
 2.71211e+22	0.00e+00	0.00e+00	1.16e-30	8.96e-27	4.27e-23	1.38e-19	5.16e-15	3.01e-11	7.57e-08	8.25e-06	3.24e-04	3.90e-03	2.06e-02	8.59e-02	6.47e-01	2.20e-01	2.27e-02
 2.74547e+22	0.00e+00	2.04e-35	1.75e-30	1.30e-26	5.96e-23	1.85e-19	6.83e-15	3.85e-11	9.26e-08	9.61e-06	3.68e-04	4.30e-03	2.20e-02	8.88e-02	6.49e-01	2.14e-01	2.15e-02
 2.78883e+22	0.00e+00	0.00e+00	0.00e+00	2.08e-26	9.05e-23	2.66e-19	9.76e-15	5.25e-11	1.19e-07	1.17e-05	4.31e-04	4.88e-03	2.39e-02	9.27e-02	6.51e-01	2.07e-01	2.00e-02
 2.83413e+22	0.00e+00	0.00e+00	5.14e-30	3.47e-26	1.43e-22	3.93e-19	1.42e-14	7.28e-11	1.56e-07	1.43e-05	5.10e-04	5.56e-03	2.61e-02	9.69e-02	6.53e-01	1.99e-01	1.86e-02
 2.87102e+22	0.00e+00	1.11e-34	8.35e-30	5.39e-26	2.10e-22	5.46e-19	1.93e-14	9.51e-11	1.93e-07	1.69e-05	5.85e-04	6.19e-03	2.81e-02	1.00e-01	6.54e-01	1.93e-01	1.74e-02
 2.90804e+22	0.00e+00	0.00e+00	0.00e+00	8.06e-26	3.00e-22	7.41e-19	2.59e-14	1.22e-10	2.37e-07	1.98e-05	6.66e-04	6.84e-03	3.01e-02	1.04e-01	6.55e-01	1.88e-01	1.64e-02
 2.95616e+22	0.00e+00	0.00e+00	2.29e-29	1.34e-25	4.74e-22	1.10e-18	3.82e-14	1.71e-10	3.09e-07	2.43e-05	7.87e-04	7.79e-03	3.28e-02	1.08e-01	6.55e-01	1.80e-01	1.51e-02
 3.00308e+22	0.00e+00	6.29e-34	4.13e-29	2.29e-25	7.62e-22	1.65e-18	5.61e-14	2.38e-10	4.00e-07	2.97e-05	9.29e-04	8.87e-03	3.58e-02	1.13e-01	6.55e-01	1.73e-01	1.39e-02
 3.03669e+22	0.00e+00	0.00e+00	0.00e+00	3.41e-25	1.08e-21	2.20e-18	7.29e-14	2.98e-10	4.79e-07	3.42e-05	1.04e-03	9.70e-03	3.80e-02	1.16e-01	6.54e-01	1.68e-01	1.32e-02
 3.06864e+22	0.00e+00	0.00e+00	9.43e-29	4.83e-25	1.47e-21	2.87e-18	9.37e-14	3.69e-10	5.65e-07	3.89e-05	1.16e-03	1.05e-02	4.02e-02	1.19e-01	6.53e-01	1.63e-01	1.25e-02
 3.11017e+22	0.00e+00	2.60e-33	1.53e-28	7.52e-25	2.18e-21	4.04e-18	1.31e-13	4.89e-10	7.02e-07	4.60e-05	1.33e-03	1.17e-02	4.32e-02	1.23e-01	6.51e-01	1.57e-01	1.16e-02
 3.15563e+22	0.00e+00	0.00e+00	0.00e+00	1.24e-24	3.39e-21	5.89e-18	1.88e-13	6.64e-10	8.86e-07	5.52e-05	1.54e-03	1.32e-02	4.66e-02	1.28e-01	6.49e-01	1.51e-01	1.07e-02
 3.19582e+22	0.00e+00	0.00e+00	4.41e-28	1.96e-24	5.08e-21	8.30e-18	2.58e-13	8.67e-10	1.08e-06	6.46e-05	1.75e-03	1.45e-02	4.98e-02	1.32e-01	6.47e-01	1.45e-01	1.00e-02
 3.23189e+22	0.00e+00	1.32e-32	6.89e-28	2.93e-24	7.27e-21	1.12e-17	3.42e-13	1.10e-09	1.29e-06	7.41e-05	1.96e-03	1.58e-02	5.28e-02	1.35e-01	6.44e-01	1.41e-01	9.41e-03
 3.27298e+22	1.73e-41	2.21e-32	1.11e-27	4.53e-24	1.07e-20	1.57e-17	4.69e-13	1.43e-09	1.57e-06	8.63e-05	2.22e-03	1.74e-02	5.62e-02	1.39e-01	6.41e-01	1.35e-01	8.77e-03
 3.31824e+22	0.00e+00	0.00e+00	1.92e-27	7.44e-24	1.66e-20	2.28e-17	6.69e-13	1.92e-09	1.95e-06	1.02e-04	2.55e-03	1.94e-02	6.03e-02	1.44e-01	6.36e-01	1.30e-01	8.10e-03
 3.35860e+22	0.00e+00	6.84e-32	3.17e-27	1.18e-23	2.49e-20	3.22e-17	9.17e-13	2.49e-09	2.35e-06	1.18e-04	2.87e-03	2.13e-02	6.41e-02	1.47e-01	6.32e-01	1.25e-01	7.54e-03
 3.39329e+22	8.88e-41	1.09e-31	4.90e-27	1.74e-23	3.53e-20	4.32e-17	1.20e-12	3.10e-09	2.74e-06	1.34e-04	3.16e-03	2.29e-02	6.74e-02	1.51e-01	6.28e-01	1.20e-01	7.09e-03
 3.43093e+22	0.00e+00	0.00e+00	7.58e-27	2.59e-23	5.04e-20	5.85e-17	1.59e-12	3.91e-09	3.23e-06	1.52e-04	3.51e-03	2.49e-02	7.10e-02	1.54e-01	6.24e-01	1.16e-01	6.65e-03
 3.47987e+22	0.00e+00	3.19e-31	1.33e-26	4.32e-23	7.96e-20	8.70e-17	2.32e-12	5.29e-09	3.98e-06	1.80e-04	4.01e-03	2.75e-02	7.59e-02	1.58e-01	6.17e-01	1.11e-01	6.11e-03
 3.53024e+22	5.18e-40	6.11e-31	2.43e-26	7.51e-23	1.30e-19	1.32e-16	3.40e-12	7.23e-09	4.94e-06	2.13e-04	4.59e-03	3.06e-02	8.12e-02	1.63e-01	6.10e-01	1.05e-01	5.58e-03
 3.57047e+22	0.00e+00	0.00e+00	3.97e-26	1.17e-22	1.93e-19	1.84e-16	4.55e-12	9.17e-09	5.82e-06	2.42e-04	5.09e-03	3.31e-02	8.55e-02	1.66e-01	6.04e-01	1.01e-01	5.20e-03
 3.61076e+22	0.00e+00	1.69e-30	6.26e-26	1.78e-22	2.80e-19	2.53e-16	6.08e-12	1.16e-08	6.80e-06	2.74e-04	5.62e-03	3.57e-02	8.98e-02	1.69e-01	5.97e-01	9.70e-02	4.85e-03
 3.66314e+22	2.75e-39	3.13e-30	1.11e-25	3.01e-22	4.50e-19	3.82e-16	8.93e-12	1.57e-08	8.33e-06	3.22e-04	6.38e-03	3.93e-02	9.56e-02	1.74e-01	5.88e-01	9.20e-02	4.43e-03
 3.71859e+22	0.00e+00	0.00e+00	2.09e-25	5.35e-22	7.51e-19	5.93e-16	1.33e-11	2.17e-08	1.03e-05	3.80e-04	7.28e-03	4.35e-02	1.02e-01	1.78e-01	5.78e-01	8.68e-02	4.02e-03
 3.76492e+22	0.00e+00	1.07e-29	3.51e-25	8.60e-22	1.14e-18	8.46e-16	1.81e-11	2.78e-08	1.22e-05	4.34e-04	8.09e-03	4.71e-02	1.07e-01	1.81e-01	5.70e-01	8.27e-02	3.71e-03
 3.81204e+22	1.65e-38	1.82e-29	5.73e-25	1.35e-21	1.71e-18	1.19e-15	2.47e-11	3.57e-08	1.43e-05	4.94e-04	8.97e-03	5.09e-02	1.13e-01	1.84e-01	5.61e-01	7.88e-02	3.42e-03
 3.87329e+22	0.00e+00	0.00e+00	1.06e-24	2.37e-21	2.85e-18	1.87e-15	3.71e-11	4.95e-08	1.77e-05	5.85e-04	1.02e-02	5.63e-02	1.20e-01	1.88e-01	5.48e-01	7.39e-02	3.08e-03
 3.93415e+22	0.00e+00	6.95e-29	2.00e-24	4.23e-21	4.78e-18	2.91e-15	5.48e-11	6.79e-08	2.19e-05	6.90e-04	1.17e-02	6.21e-02	1.27e-01	1.91e-01	5.35e-01	6.92e-02	2.77e-03
 3.97946e+22	1.06e-37	1.14e-28	3.17e-24	6.43e-21	6.92e-18	3.97e-15	7.15e-11	8.44e-08	2.53e-05	7.75e-04	1.28e-02	6.64e-02	1.32e-01	1.93e-01	5.26e-01	6.59e-02	2.56e-03
 4.02333e+22	0.00e+00	0.00e+00	4.72e-24	9.26e-21	9.58e-18	5.26e-15	9.17e-11	1.03e-07	2.90e-05	8.63e-04	1.39e-02	7.06e-02	1.38e-01	1.95e-01	5.16e-01	6.30e-02	2.38e-03
 4.08035e+22	0.00e+00	2.98e-28	7.76e-24	1.46e-20	1.44e-17	7.51e-15	1.26e-10	1.34e-07	3.44e-05	9.90e-04	1.54e-02	7.64e-02	1.44e-01	1.98e-01	5.04e-01	5.93e-02	2.16e-03
 4.14158e+22	5.08e-37	5.29e-28	1.32e-23	2.38e-20	2.23e-17	1.09e-14	1.76e-10	1.76e-07	4.14e-05	1.14e-03	1.72e-02	8.31e-02	1.51e-01	2.00e-01	4.90e-01	5.54e-02	1.94e-03
 4.19435e+22	0.00e+00	0.00e+00	2.07e-23	3.57e-20	3.20e-17	1.48e-14	2.28e-10	2.18e-07	4.81e-05	1.29e-03	1.89e-02	8.89e-02	1.58e-01	2.01e-01	4.78e-01	5.23e-02	1.78e-03
 4.24901e+22	0.00e+00	1.34e-27	3.14e-23	5.22e-20	4.49e-17	1.99e-14	2.95e-10	2.70e-07	5.57e-05	1.45e-03	2.07e-02	9.49e-02	1.64e-01	2.02e-01	4.66e-01	4.94e-02	1.63e-03
 4.32006e+22	2.30e-36	2.35e-27	5.27e-23	8.38e-20	6.85e-17	2.87e-14	4.08e-10	3.53e-07	6.72e-05	1.68e-03	2.31e-02	1.03e-01	1.71e-01	2.03e-01	4.50e-01	4.58e-02	1.45e-03
 4.38652e+22	0.00e+00	4.03e-27	8.70e-23	1.32e-19	1.03e-16	4.06e-14	5.47e-10	4.50e-07	7.99e-05	1.93e-03	2.56e-02	1.11e-01	1.79e-01	2.04e-01	4.35e-01	4.25e-02	1.29e-03
 4.43057e+22	5.70e-36	5.72e-27	1.20e-22	1.77e-19	1.33e-16	5.04e-14	6.55e-10	5.24e-07	8.91e-05	2.10e-03	2.73e-02	1.16e-01	1.83e-01	2.04e-01	4.25e-01	4.05e-02	1.20e-03
 4.47142e+22	0.00e+00	7.40e-27	1.52e-22	2.20e-19	1.60e-16	5.91e-14	7.50e-10	5.89e-07	9.75e-05	2.25e-03	2.88e-02	1.21e-01	1.87e-01	2.04e-01	4.17e-01	3.89e-02	1.13e-03
 4.52451e+22	1.08e-35	1.07e-26	2.15e-22	3.00e-19	2.12e-16	7.56e-14	9.32e-10	7.04e-07	1.10e-04	2.48e-03	3.10e-02	1.27e-01	1.92e-01	2.04e-01	4.05e-01	3.68e-02	1.04e-03
 4.59354e+22	0.00e+00	1.68e-26	3.25e-22	4.38e-19	2.96e-16	1.01e-13	1.19e-09	8.69e-07	1.29e-04	2.81e-03	3.39e-02	1.35e-01	1.99e-01	2.04e-01	3.90e-01	3.41e-02	9.30e-04
 4.66558e+22	2.74e-35	2.69e-26	5.02e-22	6.49e-19	4.19e-16	1.36e-13	1.53e-09	1.07e-06	1.51e-04	3.17e-03	3.71e-02	1.44e-01	2.05e-01	2.03e-01	3.75e-01	3.16e-02	8.29e-04
 4.72510e+22	0.00e+00	3.91e-26	7.09e-22	8.86e-19	5.51e-16	1.71e-13	1.86e-09	1.27e-06	1.71e-04	3.49e-03	3.99e-02	1.52e-01	2.10e-01	2.02e-01	3.62e-01	2.96e-02	7.55e-04
 4.78603e+22	5.71e-35	5.55e-26	9.79e-22	1.18e-18	7.12e-16	2.13e-13	2.25e-09	1.48e-06	1.92e-04	3.84e-03	4.27e-02	1.59e-01	2.15e-01	2.01e-01	3.50e-01	2.78e-02	6.88e-04
 4.86523e+22	0.00e+00	8.56e-26	1.46e-21	1.70e-18	9.80e-16	2.80e-13	2.84e-09	1.81e-06	2.24e-04	4.32e-03	4.65e-02	1.68e-01	2.20e-01	1.99e-01	3.35e-01	2.56e-02	6.10e-04
 4.94962e+22	1.42e-34	1.37e-25	2.24e-21	2.51e-18	1.38e-15	3.75e-13	3.62e-09	2.23e-06	2.62e-04	4.88e-03	5.07e-02	1.78e-01	2.26e-01	1.97e-01	3.18e-01	2.34e-02	5.36e-04
 5.02204e+22	0.00e+00	2.02e-25	3.21e-21	3.47e-18	1.84e-15	4.79e-13	4.43e-09	2.65e-06	3.00e-04	5.41e-03	5.47e-02	1.88e-01	2.31e-01	1.95e-01	3.04e-01	2.16e-02	4.79e-04
 5.09749e+22	3.06e-34	2.91e-25	4.50e-21	4.69e-18	2.39e-15	6.00e-13	5.36e-09	3.11e-06	3.40e-04	5.97e-03	5.86e-02	1.96e-01	2.35e-01	1.92e-01	2.91e-01	2.00e-02	4.29e-04
 5.18017e+22	0.00e+00	4.36e-25	6.51e-21	6.56e-18	3.21e-15	7.71e-13	6.59e-09	3.71e-06	3.90e-04	6.63e-03	6.31e-02	2.06e-01	2.40e-01	1.89e-01	2.77e-01	1.83e-02	3.80e-04
 5.25318e+22	6.55e-34	6.19e-25	8.97e-21	8.75e-18	4.12e-15	9.54e-13	7.85e-09	4.31e-06	4.38e-04	7.24e-03	6.71e-02	2.14e-01	2.43e-01	1.86e-01	2.65e-01	1.70e-02	3.41e-04
 5.31912e+22	0.00e+00	8.31e-25	1.18e-20	1.12e-17	5.10e-15	1.14e-12	9.11e-09	4.89e-06	4.84e-04	7.82e-03	7.07e-02	2.21e-01	2.45e-01	1.84e-01	2.54e-01	1.59e-02	3.10e-04
 5.39491e+22	1.22e-33	1.14e-24	1.58e-20	1.45e-17	6.41e-15	1.39e-12	1.07e-08	5.63e-06	5.41e-04	8.50e-03	7.49e-02	2.29e-01	2.48e-01	1.81e-01	2.43e-01	1.47e-02	2.79e-04
 5.49343e+22	0.00e+00	1.71e-24	2.28e-20	2.02e-17	8.57e-15	1.78e-12	1.32e-08	6.71e-06	6.21e-04	9.44e-03	8.04e-02	2.39e-01	2.51e-01	1.77e-01	2.29e-01	1.33e-02	2.44e-04
 5.59652e+22	2.81e-33	2.62e-24	3.37e-20	2.88e-17	1.17e-14	2.31e-12	1.63e-08	8.03e-06	7.15e-04	1.05e-02	8.64e-02	2.50e-01	2.54e-01	1.72e-01	2.15e-01	1.20e-02	2.11e-04
 5.67574e+22	0.00e+00	3.63e-24	4.54e-20	3.76e-17	1.47e-14	2.81e-12	1.91e-08	9.17e-06	7.95e-04	1.14e-02	9.11e-02	2.58e-01	2.55e-01	1.69e-01	2.04e-01	1.11e-02	1.88e-04
 5.74894e+22	5.03e-33	4.69e-24	5.74e-20	4.63e-17	1.76e-14	3.28e-12	2.17e-08	1.02e-05	8.66e-04	1.21e-02	9.50e-02	2.64e-01	2.56e-01	1.65e-01	1.96e-01	1.04e-02	1.72e-04
 5.84409e+22	0.00e+00	6.63e-24	7.87e-20	6.15e-17	2.26e-14	4.06e-12	2.59e-08	1.19e-05	9.75e-04	1.32e-02	1.01e-01	2.73e-01	2.57e-01	1.61e-01	1.85e-01	9.43e-03	1.51e-04
 5.94159e+22	1.02e-32	9.47e-24	1.09e-19	8.25e-17	2.92e-14	5.03e-12	3.07e-08	1.37e-05	1.09e-03	1.44e-02	1.06e-01	2.81e-01	2.58e-01	1.57e-01	1.74e-01	8.57e-03	1.33e-04
 6.02184e+22	0.00e+00	1.25e-23	1.40e-19	1.03e-16	3.54e-14	5.92e-12	3.51e-08	1.53e-05	1.20e-03	1.54e-02	1.11e-01	2.88e-01	2.58e-01	1.53e-01	1.66e-01	7.95e-03	1.20e-04
 6.10585e+22	1.76e-32	1.64e-23	1.80e-19	1.29e-16	4.30e-14	7.00e-12	4.02e-08	1.72e-05	1.31e-03	1.65e-02	1.16e-01	2.94e-01	2.58e-01	1.49e-01	1.57e-01	7.33e-03	1.07e-04
 6.21505e+22	0.00e+00	2.30e-23	2.46e-19	1.71e-16	5.48e-14	8.61e-12	4.77e-08	1.99e-05	1.47e-03	1.79e-02	1.22e-01	3.02e-01	2.57e-01	1.44e-01	1.48e-01	6.64e-03	9.41e-05
 6.32684e+22	3.57e-32	3.32e-23	3.44e-19	2.30e-16	7.12e-14	1.07e-11	5.68e-08	2.30e-05	1.65e-03	1.95e-02	1.29e-01	3.10e-01	2.56e-01	1.39e-01	1.38e-01	5.97e-03	8.15e-05
 6.41129e+22	0.00e+00	4.33e-23	4.38e-19	2.86e-16	8.58e-14	1.26e-11	6.44e-08	2.55e-05	1.80e-03	2.07e-02	1.34e-01	3.16e-01	2.55e-01	1.36e-01	1.31e-01	5.52e-03	7.34e-05
 6.49039e+22	5.81e-32	5.40e-23	5.36e-19	3.43e-16	1.00e-13	1.43e-11	7.20e-08	2.80e-05	1.94e-03	2.18e-02	1.38e-01	3.21e-01	2.54e-01	1.32e-01	1.25e-01	5.15e-03	6.69e-05
 6.59323e+22	0.00e+00	7.21e-23	6.98e-19	4.34e-16	1.23e-13	1.71e-11	8.30e-08	3.16e-05	2.13e-03	2.34e-02	1.44e-01	3.27e-01	2.53e-01	1.28e-01	1.17e-01	4.70e-03	5.92e-05
 6.69765e+22	1.05e-31	9.79e-23	9.23e-19	5.58e-16	1.53e-13	2.05e-11	9.61e-08	3.57e-05	2.34e-03	2.50e-02	1.50e-01	3.33e-01	2.51e-01	1.24e-01	1.10e-01	4.28e-03	5.23e-05
 6.78459e+22	0.00e+00	1.24e-22	1.14e-18	6.76e-16	1.81e-13	2.36e-11	1.08e-07	3.92e-05	2.53e-03	2.64e-02	1.55e-01	3.38e-01	2.49e-01	1.20e-01	1.05e-01	3.96e-03	4.73e-05
 6.87808e+22	1.68e-31	1.57e-22	1.42e-18	8.19e-16	2.14e-13	2.73e-11	1.21e-07	4.32e-05	2.73e-03	2.79e-02	1.60e-01	3.42e-01	2.47e-01	1.17e-01	9.93e-02	3.66e-03	4.26e-05
 6.99961e+22	0.00e+00	2.12e-22	1.87e-18	1.05e-15	2.65e-13	3.28e-11	1.41e-07	4.90e-05	3.02e-03	2.99e-02	1.67e-01	3.48e-01	2.44e-01	1.12e-01	9.26e-02	3.31e-03	3.72e-05
 7.11973e+22	3.13e-31	2.91e-22	2.50e-18	1.36e-15	3.33e-13	3.96e-11	1.63e-07	5.54e-05	3.33e-03	3.21e-02	1.74e-01	3.53e-01	2.41e-01	1.08e-01	8.63e-02	2.98e-03	3.25e-05
 7.21756e+22	0.00e+00	3.69e-22	3.10e-18	1.65e-15	3.92e-13	4.56e-11	1.83e-07	6.09e-05	3.59e-03	3.38e-02	1.79e-01	3.57e-01	2.38e-01	1.04e-01	8.16e-02	2.75e-03	2.92e-05
 7.32430e+22	5.02e-31	4.69e-22	3.86e-18	2.01e-15	4.64e-13	5.27e-11	2.06e-07	6.73e-05	3.88e-03	3.57e-02	1.85e-01	3.60e-01	2.35e-01	1.01e-01	7.70e-02	2.52e-03	2.61e-05
 7.43888e+22	0.00e+00	6.16e-22	4.95e-18	2.51e-15	5.64e-13	6.22e-11	2.35e-07	7.50e-05	4.21e-03	3.78e-02	1.91e-01	3.64e-01	2.32e-01	9.66e-02	7.21e-02	2.30e-03	2.31e-05
 7.54060e+22	8.30e-31	7.75e-22	6.10e-18	3.03e-15	6.64e-13	7.14e-11	2.63e-07	8.21e-05	4.53e-03	3.97e-02	1.96e-01	3.67e-01	2.29e-01	9.34e-02	6.81e-02	2.12e-03	2.08e-05
 7.64976e+22	0.00e+00	9.78e-22	7.54e-18	3.66e-15	7.82e-13	8.22e-11	2.95e-07	9.04e-05	4.88e-03	4.18e-02	2.02e-01	3.70e-01	2.26e-01	8.99e-02	6.42e-02	1.95e-03	1.86e-05
 7.76988e+22	1.36e-30	1.27e-21	9.58e-18	4.54e-15	9.44e-13	9.63e-11	3.35e-07	1.00e-04	5.29e-03	4.42e-02	2.08e-01	3.73e-01	2.22e-01	8.63e-02	6.00e-02	1.77e-03	1.65e-05
 7.88289e+22	0.00e+00	1.61e-21	1.19e-17	5.49e-15	1.11e-12	1.11e-10	3.75e-07	1.10e-04	5.70e-03	4.65e-02	2.13e-01	3.75e-01	2.18e-01	8.30e-02	5.64e-02	1.62e-03	1.47e-05
 8.00848e+22	2.18e-30	2.04e-21	1.48e-17	6.68e-15	1.32e-12	1.28e-10	4.24e-07	1.22e-04	6.16e-03	4.90e-02	2.19e-01	3.77e-01	2.14e-01	7.95e-02	5.28e-02	1.48e-03	1.31e-05
 8.14486e+22	0.00e+00	2.71e-21	1.91e-17	8.43e-15	1.62e-12	1.52e-10	4.86e-07	1.36e-04	6.70e-03	5.19e-02	2.26e-01	3.79e-01	2.10e-01	7.58e-02	4.90e-02	1.33e-03	1.14e-05
 8.26951e+22	3.68e-30	3.45e-21	2.38e-17	1.03e-14	1.92e-12	1.76e-10	5.46e-07	1.50e-04	7.22e-03	5.46e-02	2.32e-01	3.81e-01	2.06e-01	7.26e-02	4.59e-02	1.21e-03	1.01e-05
 8.40581e+22	0.00e+00	4.40e-21	2.97e-17	1.25e-14	2.28e-12	2.04e-10	6.18e-07	1.66e-04	7.80e-03	5.75e-02	2.38e-01	3.82e-01	2.01e-01	6.93e-02	4.28e-02	1.10e-03	8.97e-06
 8.55668e+22	6.22e-30	5.85e-21	3.86e-17	1.58e-14	2.79e-12	2.43e-10	7.10e-07	1.86e-04	8.50e-03	6.09e-02	2.45e-01	3.83e-01	1.96e-01	6.57e-02	3.94e-02	9.83e-04	7.76e-06
 8.69989e+22	0.00e+00	7.54e-21	4.86e-17	1.94e-14	3.34e-12	2.83e-10	8.04e-07	2.05e-04	9.18e-03	6.40e-02	2.51e-01	3.84e-01	1.92e-01	6.25e-02	3.66e-02	8.89e-04	6.83e-06
 8.85944e+22	1.04e-29	9.84e-21	6.20e-17	2.42e-14	4.05e-12	3.34e-10	9.22e-07	2.29e-04	9.97e-03	6.76e-02	2.58e-01	3.84e-01	1.87e-01	5.92e-02	3.38e-02	7.96e-04	5.94e-06
 9.03271e+22	0.00e+00	1.33e-20	8.15e-17	3.09e-14	5.02e-12	4.01e-10	1.07e-06	2.58e-04	1.09e-02	7.16e-02	2.65e-01	3.84e-01	1.81e-01	5.58e-02	3.09e-02	7.06e-04	5.10e-06
 9.19879e+22	1.82e-29	1.74e-20	1.04e-16	3.86e-14	6.08e-12	4.72e-10	1.22e-06	2.87e-04	1.18e-02	7.55e-02	2.71e-01	3.84e-01	1.76e-01	5.26e-02	2.85e-02	6.30e-04	4.42e-06
 9.38964e+22	0.00e+00	2.34e-20	1.36e-16	4.91e-14	7.50e-12	5.66e-10	1.42e-06	3.24e-04	1.29e-02	8.00e-02	2.78e-01	3.83e-01	1.70e-01	4.93e-02	2.59e-02	5.55e-04	3.76e-06
 9.59540e+22	3.35e-29	3.24e-20	1.84e-16	6.42e-14	9.48e-12	6.90e-10	1.66e-06	3.68e-04	1.42e-02	8.50e-02	2.86e-01	3.81e-01	1.64e-01	4.59e-02	2.34e-02	4.83e-04	3.16e-06
 9.77633e+22	0.00e+00	4.27e-20	2.36e-16	8.04e-14	1.15e-11	8.15e-10	1.89e-06	4.10e-04	1.54e-02	8.94e-02	2.92e-01	3.80e-01	1.58e-01	4.32e-02	2.14e-02	4.29e-04	2.73e-06
 9.96733e+22	5.61e-29	5.52e-20	2.99e-16	9.92e-14	1.38e-11	9.54e-10	2.16e-06	4.56e-04	1.66e-02	9.39e-02	2.98e-01	3.78e-01	1.53e-01	4.05e-02	1.96e-02	3.81e-04	2.35e-06
 1.02156e+23	0.00e+00	7.68e-20	4.03e-16	1.30e-13	1.75e-11	1.17e-09	2.54e-06	5.20e-04	1.83e-02	9.98e-02	3.05e-01	3.75e-01	1.46e-01	3.74e-02	1.75e-02	3.29e-04	1.95e-06
 1.04671e+23	1.09e-28	1.11e-19	5.64e-16	1.76e-13	2.28e-11	1.46e-09	3.03e-06	5.98e-04	2.03e-02	1.06e-01	3.13e-01	3.71e-01	1.39e-01	3.43e-02	1.55e-02	2.78e-04	1.59e-06
 1.06630e+23	0.00e+00	1.46e-19	7.22e-16	2.19e-13	2.76e-11	1.72e-09	3.45e-06	6.65e-04	2.19e-02	1.11e-01	3.18e-01	3.67e-01	1.34e-01	3.20e-02	1.41e-02	2.45e-04	1.36e-06
 1.08578e+23	1.75e-28	1.83e-19	8.86e-16	2.63e-13	3.24e-11	1.97e-09	3.88e-06	7.29e-04	2.35e-02	1.16e-01	3.23e-01	3.64e-01	1.29e-01	3.01e-02	1.30e-02	2.19e-04	1.18e-06
 1.11111e+23	0.00e+00	2.46e-19	1.16e-15	3.36e-13	4.01e-11	2.37e-09	4.50e-06	8.21e-04	2.56e-02	1.22e-01	3.29e-01	3.60e-01	1.23e-01	2.78e-02	1.16e-02	1.90e-04	9.86e-07
 1.14403e+23	3.25e-28	3.53e-19	1.62e-15	4.52e-13	5.20e-11	2.96e-09	5.38e-06	9.47e-04	2.84e-02	1.30e-01	3.35e-01	3.54e-01	1.16e-01	2.51e-02	1.01e-02	1.59e-04	0.00e+00
 1.17809e+23	0.00e+00	5.35e-19	2.36e-15	6.38e-13	7.03e-11	3.82e-09	6.56e-06	1.11e-03	3.18e-02	1.39e-01	3.42e-01	3.46e-01	1.09e-01	2.24e-02	8.69e-03	1.30e-04	0.00e+00
 1.20439e+23	6.33e-28	7.09e-19	3.06e-15	8.04e-13	8.61e-11	4.54e-09	7.53e-06	1.24e-03	3.43e-02	1.45e-01	3.47e-01	3.41e-01	1.03e-01	2.06e-02	7.79e-03	1.12e-04	0.00e+00
 1.22931e+23	0.00e+00	9.15e-19	3.85e-15	9.89e-13	1.03e-10	5.31e-09	8.58e-06	1.37e-03	3.69e-02	1.51e-01	3.50e-01	3.35e-01	9.85e-02	1.91e-02	7.03e-03	9.82e-05	0.00e+00
 1.26172e+23	1.06e-27	1.25e-18	5.12e-15	1.28e-12	1.29e-10	6.45e-09	1.00e-05	1.55e-03	4.03e-02	1.59e-01	3.54e-01	3.28e-01	9.29e-02	1.74e-02	6.19e-03	8.32e-05	0.00e+00
 1.30384e+23	1.48e-27	1.82e-18	7.24e-15	1.75e-12	1.70e-10	8.19e-09	1.21e-05	1.80e-03	4.48e-02	1.68e-01	3.59e-01	3.20e-01	8.62e-02	1.54e-02	5.28e-03	6.78e-05	0.00e+00
 1.34770e+23	2.22e-27	2.82e-18	1.08e-14	2.52e-12	2.35e-10	1.08e-08	1.50e-05	2.13e-03	5.02e-02	1.79e-01	3.63e-01	3.09e-01	7.91e-02	1.34e-02	4.42e-03	5.38e-05	0.00e+00
 1.38164e+23	3.02e-27	3.89e-18	1.45e-14	3.30e-12	2.97e-10	1.31e-08	1.76e-05	2.41e-03	5.47e-02	1.87e-01	3.65e-01	3.01e-01	7.39e-02	1.21e-02	3.86e-03	4.52e-05	0.00e+00
 1.40776e+23	3.67e-27	4.82e-18	1.77e-14	3.93e-12	3.46e-10	1.50e-08	1.96e-05	2.63e-03	5.80e-02	1.93e-01	3.66e-01	2.95e-01	7.04e-02	1.12e-02	3.51e-03	4.00e-05	0.00e+00
