#depth	Mg	Mg+	Mg+2	Mg+3	Mg+4	Mg+5	Mg+6	Mg+7	Mg+8	Mg+9	Mg+10	Mg+11	Mg+12
 1.54284e+19	0.00e+00	0.00e+00	0.00e+00	0.00e+00	0.00e+00	5.39e-35	5.07e-29	2.84e-23	1.60e-17	7.91e-12	5.11e-06	4.18e-03	9.96e-01
 9.25702e+19	0.00e+00	0.00e+00	0.00e+00	0.00e+00	0.00e+00	0.00e+00	7.00e-29	3.72e-23	1.98e-17	9.29e-12	5.65e-06	4.40e-03	9.96e-01
 2.19083e+20	0.00e+00	0.00e+00	0.00e+00	0.00e+00	0.00e+00	1.49e-34	1.22e-28	5.90e-23	2.87e-17	1.23e-11	6.74e-06	4.81e-03	9.95e-01
 3.51273e+20	0.00e+00	0.00e+00	0.00e+00	0.00e+00	0.00e+00	0.00e+00	2.10e-28	9.31e-23	4.14e-17	1.62e-11	8.02e-06	5.25e-03	9.95e-01
 4.65778e+20	0.00e+00	0.00e+00	0.00e+00	0.00e+00	0.00e+00	4.92e-34	3.39e-28	1.39e-22	5.69e-17	2.05e-11	9.33e-06	5.67e-03	9.94e-01
 5.52029e+20	0.00e+00	0.00e+00	0.00e+00	0.00e+00	0.00e+00	0.00e+00	4.78e-28	1.85e-22	7.16e-17	2.44e-11	1.04e-05	6.00e-03	9.94e-01
 6.42047e+20	0.00e+00	0.00e+00	0.00e+00	0.00e+00	0.00e+00	1.10e-33	6.75e-28	2.46e-22	9.01e-17	2.90e-11	1.16e-05	6.33e-03	9.94e-01
 7.42949e+20	0.00e+00	0.00e+00	0.00e+00	0.00e+00	0.00e+00	0.00e+00	1.00e-27	3.42e-22	1.17e-16	3.53e-11	1.31e-05	6.74e-03	9.93e-01
 8.36894e+20	0.00e+00	0.00e+00	0.00e+00	0.00e+00	0.00e+00	2.63e-33	1.43e-27	4.61e-22	1.49e-16	4.22e-11	1.47e-05	7.14e-03	9.93e-01
 9.24166e+20	0.00e+00	0.00e+00	0.00e+00	0.00e+00	4.13e-39	3.86e-33	1.99e-27	6.06e-22	1.85e-16	4.97e-11	1.62e-05	7.52e-03	9.92e-01
 1.02387e+21	0.00e+00	0.00e+00	0.00e+00	0.00e+00	0.00e+00	0.00e+00	2.87e-27	8.24e-22	2.36e-16	5.97e-11	1.82e-05	7.98e-03	9.92e-01
 1.13572e+21	0.00e+00	0.00e+00	0.00e+00	0.00e+00	0.00e+00	9.51e-33	4.31e-27	1.16e-21	3.10e-16	7.30e-11	2.06e-05	8.50e-03	9.91e-01
 1.23792e+21	0.00e+00	0.00e+00	0.00e+00	0.00e+00	1.87e-38	1.46e-32	6.22e-27	1.57e-21	3.95e-16	8.76e-11	2.31e-05	9.01e-03	9.91e-01
 1.32956e+21	0.00e+00	0.00e+00	0.00e+00	0.00e+00	0.00e+00	0.00e+00	8.64e-27	2.06e-21	4.91e-16	1.03e-10	2.56e-05	9.48e-03	9.90e-01
 1.43289e+21	0.00e+00	0.00e+00	0.00e+00	0.00e+00	0.00e+00	3.25e-32	1.24e-26	2.79e-21	6.25e-16	1.23e-10	2.86e-05	1.00e-02	9.90e-01
 1.54968e+21	0.00e+00	0.00e+00	0.00e+00	0.00e+00	7.95e-38	5.18e-32	1.85e-26	3.88e-21	8.14e-16	1.50e-10	3.23e-05	1.07e-02	9.89e-01
 1.66099e+21	0.00e+00	0.00e+00	0.00e+00	0.00e+00	0.00e+00	0.00e+00	2.67e-26	5.27e-21	1.04e-15	1.80e-10	3.61e-05	1.13e-02	9.89e-01
 1.76215e+21	0.00e+00	0.00e+00	0.00e+00	0.00e+00	0.00e+00	1.17e-31	3.73e-26	6.96e-21	1.29e-15	2.12e-10	4.00e-05	1.19e-02	9.88e-01
 1.87311e+21	0.00e+00	0.00e+00	0.00e+00	0.00e+00	3.27e-37	1.79e-31	5.37e-26	9.42e-21	1.64e-15	2.53e-10	4.46e-05	1.26e-02	9.87e-01
 1.98758e+21	0.00e+00	0.00e+00	0.00e+00	0.00e+00	0.00e+00	0.00e+00	7.77e-26	1.28e-20	2.10e-15	3.03e-10	4.99e-05	1.33e-02	9.87e-01
 2.08177e+21	0.00e+00	0.00e+00	0.00e+00	0.00e+00	0.00e+00	3.91e-31	1.05e-25	1.64e-20	2.56e-15	3.51e-10	5.46e-05	1.39e-02	9.86e-01
 2.17941e+21	0.00e+00	0.00e+00	0.00e+00	0.00e+00	1.20e-36	5.59e-31	1.43e-25	2.12e-20	3.13e-15	4.07e-10	5.99e-05	1.46e-02	9.85e-01
 2.30633e+21	0.00e+00	0.00e+00	0.00e+00	0.00e+00	0.00e+00	0.00e+00	2.13e-25	2.96e-20	4.07e-15	4.95e-10	6.75e-05	1.55e-02	9.84e-01
 2.43496e+21	0.00e+00	0.00e+00	0.00e+00	0.00e+00	0.00e+00	1.41e-30	3.16e-25	4.10e-20	5.28e-15	6.00e-10	7.60e-05	1.65e-02	9.83e-01
 2.53407e+21	0.00e+00	0.00e+00	0.00e+00	0.00e+00	5.07e-36	1.98e-30	4.23e-25	5.23e-20	6.40e-15	6.91e-10	8.29e-05	1.72e-02	9.83e-01
 2.63118e+21	0.00e+00	0.00e+00	0.00e+00	0.00e+00	0.00e+00	0.00e+00	5.64e-25	6.64e-20	7.73e-15	7.94e-10	9.03e-05	1.80e-02	9.82e-01
 2.75741e+21	0.00e+00	0.00e+00	0.00e+00	0.00e+00	0.00e+00	4.32e-30	8.23e-25	9.09e-20	9.91e-15	9.53e-10	1.01e-04	1.91e-02	9.81e-01
 2.88739e+21	0.00e+00	0.00e+00	0.00e+00	0.00e+00	2.03e-35	6.71e-30	1.20e-24	1.24e-19	1.27e-14	1.14e-09	1.13e-04	2.02e-02	9.80e-01
 2.99357e+21	0.00e+00	0.00e+00	0.00e+00	0.00e+00	0.00e+00	0.00e+00	1.62e-24	1.59e-19	1.54e-14	1.32e-09	1.23e-04	2.11e-02	9.79e-01
 3.08219e+21	0.00e+00	0.00e+00	0.00e+00	0.00e+00	0.00e+00	1.28e-29	2.09e-24	1.97e-19	1.82e-14	1.49e-09	1.33e-04	2.19e-02	9.78e-01
 3.17664e+21	0.00e+00	0.00e+00	0.00e+00	0.00e+00	6.03e-35	1.74e-29	2.72e-24	2.45e-19	2.17e-14	1.70e-09	1.44e-04	2.28e-02	9.77e-01
 3.29943e+21	0.00e+00	0.00e+00	0.00e+00	0.00e+00	0.00e+00	0.00e+00	3.85e-24	3.27e-19	2.72e-14	2.00e-09	1.59e-04	2.40e-02	9.76e-01
 3.42389e+21	0.00e+00	0.00e+00	0.00e+00	0.00e+00	0.00e+00	3.88e-29	5.41e-24	4.33e-19	3.40e-14	2.36e-09	1.76e-04	2.52e-02	9.75e-01
 3.52250e+21	0.00e+00	0.00e+00	0.00e+00	0.00e+00	2.13e-34	5.27e-29	7.04e-24	5.39e-19	4.03e-14	2.68e-09	1.90e-04	2.62e-02	9.74e-01
 3.62268e+21	0.00e+00	0.00e+00	0.00e+00	0.00e+00	0.00e+00	0.00e+00	9.21e-24	6.73e-19	4.80e-14	3.04e-09	2.06e-04	2.73e-02	9.73e-01
 3.73569e+21	0.00e+00	0.00e+00	0.00e+00	0.00e+00	0.00e+00	1.03e-28	1.25e-23	8.68e-19	5.87e-14	3.52e-09	2.25e-04	2.85e-02	9.71e-01
 3.84133e+21	0.00e+00	0.00e+00	0.00e+00	0.00e+00	6.59e-34	1.42e-28	1.64e-23	1.09e-18	7.02e-14	4.02e-09	2.44e-04	2.97e-02	9.70e-01
 3.93823e+21	0.00e+00	0.00e+00	0.00e+00	0.00e+00	0.00e+00	0.00e+00	2.12e-23	1.35e-18	8.29e-14	4.54e-09	2.62e-04	3.08e-02	9.69e-01
 4.04785e+21	0.00e+00	0.00e+00	0.00e+00	0.00e+00	0.00e+00	2.65e-28	2.82e-23	1.70e-18	9.97e-14	5.20e-09	2.85e-04	3.21e-02	9.68e-01
 4.16237e+21	0.00e+00	0.00e+00	0.00e+00	0.00e+00	1.99e-33	3.73e-28	3.78e-23	2.17e-18	1.21e-13	5.98e-09	3.11e-04	3.35e-02	9.66e-01
 4.25797e+21	0.00e+00	0.00e+00	0.00e+00	0.00e+00	0.00e+00	4.93e-28	4.80e-23	2.65e-18	1.41e-13	6.70e-09	3.33e-04	3.47e-02	9.65e-01
 4.35696e+21	0.00e+00	0.00e+00	0.00e+00	0.00e+00	3.79e-33	6.57e-28	6.14e-23	3.24e-18	1.66e-13	7.54e-09	3.58e-04	3.60e-02	9.64e-01
 4.48565e+21	0.00e+00	0.00e+00	0.00e+00	1.04e-38	5.81e-33	9.55e-28	8.47e-23	4.24e-18	2.04e-13	8.80e-09	3.93e-04	3.77e-02	9.62e-01
 4.61541e+21	0.00e+00	0.00e+00	0.00e+00	0.00e+00	0.00e+00	1.39e-27	1.17e-22	5.53e-18	2.52e-13	1.03e-08	4.31e-04	3.95e-02	9.60e-01
 4.71709e+21	0.00e+00	0.00e+00	0.00e+00	0.00e+00	1.23e-32	1.85e-27	1.49e-22	6.78e-18	2.96e-13	1.15e-08	4.62e-04	4.09e-02	9.59e-01
 4.81980e+21	0.00e+00	0.00e+00	0.00e+00	3.49e-38	1.70e-32	2.45e-27	1.90e-22	8.28e-18	3.46e-13	1.29e-08	4.96e-04	4.23e-02	9.57e-01
 4.93498e+21	0.00e+00	0.00e+00	0.00e+00	0.00e+00	0.00e+00	3.38e-27	2.51e-22	1.04e-17	4.15e-13	1.48e-08	5.37e-04	4.40e-02	9.55e-01
 5.04290e+21	0.00e+00	0.00e+00	0.00e+00	0.00e+00	3.44e-32	4.54e-27	3.23e-22	1.29e-17	4.89e-13	1.67e-08	5.78e-04	4.57e-02	9.54e-01
 5.14279e+21	0.00e+00	0.00e+00	0.00e+00	1.08e-37	4.67e-32	5.93e-27	4.06e-22	1.56e-17	5.68e-13	1.86e-08	6.18e-04	4.72e-02	9.52e-01
 5.25568e+21	0.00e+00	0.00e+00	0.00e+00	0.00e+00	0.00e+00	8.04e-27	5.28e-22	1.94e-17	6.74e-13	2.11e-08	6.66e-04	4.90e-02	9.50e-01
 5.38231e+21	0.00e+00	0.00e+00	0.00e+00	0.00e+00	9.68e-32	1.13e-26	7.05e-22	2.46e-17	8.13e-13	2.42e-08	7.23e-04	5.10e-02	9.48e-01
 5.49558e+21	0.00e+00	0.00e+00	0.00e+00	3.60e-37	1.36e-31	1.52e-26	9.10e-22	3.04e-17	9.61e-13	2.74e-08	7.79e-04	5.29e-02	9.46e-01
 5.59279e+21	0.00e+00	0.00e+00	0.00e+00	0.00e+00	0.00e+00	1.94e-26	1.13e-21	3.64e-17	1.10e-12	3.03e-08	8.28e-04	5.45e-02	9.45e-01
 5.70032e+21	0.00e+00	0.00e+00	0.00e+00	0.00e+00	2.48e-31	2.57e-26	1.43e-21	4.43e-17	1.29e-12	3.40e-08	8.86e-04	5.63e-02	9.43e-01
 5.84011e+21	0.00e+00	0.00e+00	0.00e+00	1.11e-36	3.70e-31	3.65e-26	1.94e-21	5.70e-17	1.57e-12	3.93e-08	9.67e-04	5.88e-02	9.40e-01
 5.98261e+21	0.00e+00	0.00e+00	0.00e+00	0.00e+00	0.00e+00	5.23e-26	2.64e-21	7.38e-17	1.92e-12	4.55e-08	1.06e-03	6.14e-02	9.38e-01
 6.09632e+21	0.00e+00	0.00e+00	0.00e+00	0.00e+00	7.69e-31	6.93e-26	3.37e-21	9.02e-17	2.25e-12	5.11e-08	1.13e-03	6.35e-02	9.35e-01
 6.21183e+21	0.00e+00	0.00e+00	0.00e+00	3.60e-36	1.06e-30	9.17e-26	4.28e-21	1.10e-16	2.64e-12	5.74e-08	1.21e-03	6.56e-02	9.33e-01
 6.34147e+21	0.00e+00	0.00e+00	0.00e+00	0.00e+00	0.00e+00	1.25e-25	5.61e-21	1.38e-16	3.14e-12	6.53e-08	1.31e-03	6.81e-02	9.31e-01
 6.46248e+21	0.00e+00	0.00e+00	0.00e+00	0.00e+00	2.10e-30	1.67e-25	7.19e-21	1.70e-16	3.69e-12	7.35e-08	1.40e-03	7.05e-02	9.28e-01
 6.57397e+21	0.00e+00	0.00e+00	0.00e+00	1.09e-35	2.83e-30	2.18e-25	9.02e-21	2.05e-16	4.28e-12	8.19e-08	1.50e-03	7.27e-02	9.26e-01
 6.70010e+21	0.00e+00	0.00e+00	0.00e+00	0.00e+00	0.00e+00	2.91e-25	1.16e-20	2.52e-16	5.04e-12	9.22e-08	1.61e-03	7.52e-02	9.23e-01
 6.84197e+21	0.00e+00	0.00e+00	0.00e+00	0.00e+00	5.72e-30	4.03e-25	1.53e-20	3.18e-16	6.05e-12	1.05e-07	1.74e-03	7.81e-02	9.20e-01
 6.97477e+21	0.00e+00	0.00e+00	0.00e+00	3.51e-35	8.05e-30	5.44e-25	1.99e-20	3.95e-16	7.16e-12	1.19e-07	1.87e-03	8.09e-02	9.17e-01
 7.09745e+21	0.00e+00	0.00e+00	0.00e+00	0.00e+00	0.00e+00	7.15e-25	2.51e-20	4.80e-16	8.34e-12	1.33e-07	2.00e-03	8.35e-02	9.14e-01
 7.23650e+21	0.00e+00	0.00e+00	0.00e+00	0.00e+00	1.55e-29	9.66e-25	3.26e-20	5.96e-16	9.88e-12	1.51e-07	2.15e-03	8.65e-02	9.11e-01
 7.38879e+21	0.00e+00	0.00e+00	0.00e+00	1.12e-34	2.26e-29	1.34e-24	4.33e-20	7.55e-16	1.19e-11	1.73e-07	2.33e-03	8.98e-02	9.08e-01
 7.52622e+21	0.00e+00	0.00e+00	0.00e+00	0.00e+00	0.00e+00	1.80e-24	5.57e-20	9.31e-16	1.40e-11	1.95e-07	2.50e-03	9.29e-02	9.05e-01
 7.65027e+21	0.00e+00	0.00e+00	0.00e+00	0.00e+00	4.19e-29	2.32e-24	6.92e-20	1.12e-15	1.61e-11	2.17e-07	2.66e-03	9.56e-02	9.02e-01
 7.78902e+21	0.00e+00	0.00e+00	0.00e+00	3.24e-34	5.83e-29	3.09e-24	8.88e-20	1.37e-15	1.90e-11	2.44e-07	2.85e-03	9.88e-02	8.98e-01
 7.94414e+21	0.00e+00	0.00e+00	0.00e+00	0.00e+00	0.00e+00	4.21e-24	1.16e-19	1.71e-15	2.26e-11	2.77e-07	3.07e-03	1.02e-01	8.95e-01
 8.09175e+21	0.00e+00	0.00e+00	0.00e+00	0.00e+00	1.17e-28	5.68e-24	1.50e-19	2.13e-15	2.67e-11	3.13e-07	3.30e-03	1.06e-01	8.91e-01
 8.23059e+21	0.00e+00	0.00e+00	0.00e+00	9.97e-34	1.59e-28	7.45e-24	1.89e-19	2.58e-15	3.11e-11	3.50e-07	3.52e-03	1.09e-01	8.87e-01
 8.38682e+21	0.00e+00	0.00e+00	0.00e+00	0.00e+00	0.00e+00	1.00e-23	2.45e-19	3.20e-15	3.67e-11	3.96e-07	3.78e-03	1.13e-01	8.83e-01
 8.56038e+21	0.00e+00	0.00e+00	0.00e+00	0.00e+00	3.20e-28	1.38e-23	3.23e-19	4.02e-15	4.39e-11	4.51e-07	4.08e-03	1.17e-01	8.79e-01
 8.71847e+21	0.00e+00	0.00e+00	0.00e+00	3.22e-33	4.51e-28	1.86e-23	4.18e-19	4.99e-15	5.20e-11	5.11e-07	4.38e-03	1.21e-01	8.75e-01
 8.85835e+21	0.00e+00	0.00e+00	6.96e-39	4.46e-33	6.02e-28	2.40e-23	5.21e-19	5.99e-15	6.00e-11	5.66e-07	4.66e-03	1.24e-01	8.71e-01
 9.01258e+21	0.00e+00	0.00e+00	0.00e+00	0.00e+00	8.13e-28	3.13e-23	6.54e-19	7.25e-15	6.96e-11	6.32e-07	4.96e-03	1.28e-01	8.67e-01
 9.21309e+21	0.00e+00	0.00e+00	0.00e+00	9.83e-33	1.22e-27	4.46e-23	8.89e-19	9.36e-15	8.49e-11	7.31e-07	5.40e-03	1.33e-01	8.61e-01
 9.41694e+21	0.00e+00	0.00e+00	2.75e-38	1.54e-32	1.82e-27	6.35e-23	1.21e-18	1.21e-14	1.04e-10	8.45e-07	5.87e-03	1.38e-01	8.56e-01
 9.58120e+21	0.00e+00	0.00e+00	0.00e+00	0.00e+00	2.49e-27	8.37e-23	1.53e-18	1.47e-14	1.21e-10	9.46e-07	6.26e-03	1.42e-01	8.51e-01
 9.75080e+21	0.00e+00	0.00e+00	0.00e+00	3.12e-32	3.41e-27	1.10e-22	1.94e-18	1.79e-14	1.41e-10	1.06e-06	6.68e-03	1.47e-01	8.47e-01
 9.97128e+21	0.00e+00	0.00e+00	9.87e-38	4.89e-32	5.09e-27	1.57e-22	2.63e-18	2.31e-14	1.72e-10	1.22e-06	7.26e-03	1.52e-01	8.40e-01
 1.01964e+22	0.00e+00	0.00e+00	0.00e+00	0.00e+00	7.66e-27	2.24e-22	3.59e-18	2.99e-14	2.10e-10	1.42e-06	7.89e-03	1.58e-01	8.34e-01
 1.03729e+22	0.00e+00	0.00e+00	0.00e+00	1.09e-31	1.04e-26	2.95e-22	4.54e-18	3.64e-14	2.45e-10	1.58e-06	8.41e-03	1.63e-01	8.29e-01
 1.05478e+22	0.00e+00	0.00e+00	3.48e-37	1.53e-31	1.41e-26	3.83e-22	5.69e-18	4.40e-14	2.84e-10	1.76e-06	8.94e-03	1.67e-01	8.24e-01
 1.07751e+22	0.00e+00	0.00e+00	0.00e+00	0.00e+00	2.06e-26	5.36e-22	7.61e-18	5.60e-14	3.43e-10	2.02e-06	9.66e-03	1.73e-01	8.17e-01
 1.10136e+22	0.00e+00	0.00e+00	0.00e+00	3.67e-31	3.07e-26	7.61e-22	1.03e-17	7.22e-14	4.18e-10	2.34e-06	1.05e-02	1.80e-01	8.10e-01
 1.12144e+22	0.00e+00	0.00e+00	1.38e-36	5.30e-31	4.26e-26	1.01e-21	1.32e-17	8.88e-14	4.90e-10	2.63e-06	1.12e-02	1.85e-01	8.04e-01
 1.14234e+22	0.00e+00	0.00e+00	0.00e+00	0.00e+00	5.92e-26	1.36e-21	1.70e-17	1.09e-13	5.77e-10	2.96e-06	1.19e-02	1.90e-01	7.98e-01
 1.16950e+22	0.00e+00	0.00e+00	0.00e+00	1.23e-30	9.05e-26	1.97e-21	2.34e-17	1.43e-13	7.11e-10	3.44e-06	1.30e-02	1.97e-01	7.90e-01
 1.19706e+22	0.00e+00	0.00e+00	5.96e-36	1.99e-30	1.39e-25	2.87e-21	3.25e-17	1.88e-13	8.79e-10	4.01e-06	1.41e-02	2.05e-01	7.81e-01
 1.21788e+22	0.00e+00	0.00e+00	0.00e+00	0.00e+00	1.90e-25	3.77e-21	4.12e-17	2.29e-13	1.02e-09	4.49e-06	1.50e-02	2.10e-01	7.75e-01
 1.23770e+22	0.00e+00	0.00e+00	0.00e+00	3.86e-30	2.50e-25	4.81e-21	5.08e-17	2.73e-13	1.17e-09	4.95e-06	1.59e-02	2.15e-01	7.69e-01
 1.26348e+22	0.00e+00	0.00e+00	2.00e-35	5.95e-30	3.69e-25	6.78e-21	6.83e-17	3.49e-13	1.42e-09	5.69e-06	1.71e-02	2.22e-01	7.61e-01
 1.29073e+22	0.00e+00	0.00e+00	0.00e+00	0.00e+00	5.47e-25	9.59e-21	9.23e-17	4.49e-13	1.73e-09	6.55e-06	1.85e-02	2.29e-01	7.52e-01
 1.31392e+22	0.00e+00	0.00e+00	0.00e+00	1.33e-29	7.58e-25	1.28e-20	1.18e-16	5.52e-13	2.03e-09	7.36e-06	1.97e-02	2.36e-01	7.45e-01
 1.33810e+22	0.00e+00	0.00e+00	7.34e-35	1.93e-29	1.06e-24	1.71e-20	1.52e-16	6.81e-13	2.39e-09	8.28e-06	2.09e-02	2.42e-01	7.37e-01
 1.36953e+22	0.00e+00	0.00e+00	0.00e+00	0.00e+00	1.62e-24	2.50e-20	2.12e-16	8.96e-13	2.96e-09	9.66e-06	2.27e-02	2.50e-01	7.27e-01
 1.40138e+22	0.00e+00	0.00e+00	0.00e+00	5.07e-29	2.50e-24	3.66e-20	2.95e-16	1.18e-12	3.67e-09	1.13e-05	2.46e-02	2.58e-01	7.17e-01
 1.42651e+22	0.00e+00	0.00e+00	3.20e-34	7.33e-29	3.48e-24	4.90e-20	3.79e-16	1.46e-12	4.32e-09	1.27e-05	2.61e-02	2.65e-01	7.09e-01
 1.44806e+22	0.00e+00	0.00e+00	0.00e+00	0.00e+00	4.53e-24	6.17e-20	4.63e-16	1.72e-12	4.91e-09	1.39e-05	2.75e-02	2.70e-01	7.02e-01
 1.47225e+22	0.00e+00	0.00e+00	0.00e+00	1.42e-28	6.29e-24	8.26e-20	5.96e-16	2.12e-12	5.80e-09	1.57e-05	2.91e-02	2.77e-01	6.94e-01
 1.50370e+22	0.00e+00	0.00e+00	1.08e-33	2.22e-28	9.37e-24	1.17e-19	8.09e-16	2.74e-12	7.06e-09	1.80e-05	3.13e-02	2.84e-01	6.84e-01
 1.53637e+22	0.00e+00	0.00e+00	0.00e+00	0.00e+00	1.43e-23	1.70e-19	1.12e-15	3.59e-12	8.72e-09	2.10e-05	3.36e-02	2.93e-01	6.74e-01
 1.56328e+22	0.00e+00	0.00e+00	0.00e+00	5.12e-28	1.99e-23	2.28e-19	1.44e-15	4.43e-12	1.03e-08	2.36e-05	3.57e-02	2.99e-01	6.65e-01
 1.59090e+22	0.00e+00	0.00e+00	4.10e-33	7.44e-28	2.78e-23	3.07e-19	1.86e-15	5.50e-12	1.21e-08	2.66e-05	3.78e-02	3.06e-01	6.56e-01
 1.62682e+22	0.00e+00	3.23e-39	7.01e-33	1.21e-27	4.32e-23	4.53e-19	2.62e-15	7.31e-12	1.52e-08	3.12e-05	4.07e-02	3.15e-01	6.45e-01
 1.66393e+22	0.00e+00	0.00e+00	0.00e+00	2.01e-27	6.78e-23	6.76e-19	3.71e-15	9.77e-12	1.90e-08	3.67e-05	4.39e-02	3.24e-01	6.32e-01
 1.69449e+22	0.00e+00	0.00e+00	1.88e-32	2.99e-27	9.70e-23	9.27e-19	4.88e-15	1.23e-11	2.27e-08	4.16e-05	4.66e-02	3.31e-01	6.22e-01
 1.72608e+22	0.00e+00	1.54e-38	2.95e-32	4.49e-27	1.40e-22	1.28e-18	6.48e-15	1.56e-11	2.73e-08	4.74e-05	4.95e-02	3.38e-01	6.12e-01
 1.76716e+22	0.00e+00	0.00e+00	0.00e+00	7.67e-27	2.27e-22	1.97e-18	9.42e-15	2.13e-11	3.49e-08	5.66e-05	5.34e-02	3.47e-01	5.99e-01
 1.80890e+22	0.00e+00	0.00e+00	9.56e-32	1.32e-26	3.70e-22	3.04e-18	1.37e-14	2.93e-11	4.47e-08	6.75e-05	5.76e-02	3.57e-01	5.86e-01
 1.84054e+22	0.00e+00	8.75e-38	1.47e-31	1.95e-26	5.27e-22	4.17e-18	1.81e-14	3.68e-11	5.34e-08	7.65e-05	6.09e-02	3.64e-01	5.75e-01
 1.87072e+22	0.00e+00	0.00e+00	0.00e+00	2.83e-26	7.38e-22	5.62e-18	2.35e-14	4.58e-11	6.33e-08	8.64e-05	6.42e-02	3.70e-01	5.66e-01
 1.90995e+22	0.00e+00	0.00e+00	3.78e-31	4.64e-26	1.15e-21	8.36e-18	3.32e-14	6.13e-11	7.96e-08	1.02e-04	6.85e-02	3.78e-01	5.53e-01
 1.95149e+22	0.00e+00	4.43e-37	6.61e-31	7.74e-26	1.83e-21	1.26e-17	4.77e-14	8.29e-11	1.01e-07	1.20e-04	7.34e-02	3.86e-01	5.40e-01
 1.98705e+22	0.00e+00	0.00e+00	0.00e+00	1.18e-25	2.68e-21	1.77e-17	6.40e-14	1.06e-10	1.22e-07	1.37e-04	7.77e-02	3.93e-01	5.29e-01
 2.02428e+22	0.00e+00	0.00e+00	1.71e-30	1.85e-25	4.02e-21	2.55e-17	8.81e-14	1.39e-10	1.51e-07	1.60e-04	8.22e-02	4.00e-01	5.17e-01
 2.07269e+22	0.00e+00	2.40e-36	3.18e-30	3.27e-25	6.74e-21	4.04e-17	1.32e-13	1.95e-10	1.96e-07	1.93e-04	8.84e-02	4.09e-01	5.02e-01
 2.11811e+22	0.00e+00	0.00e+00	0.00e+00	5.54e-25	1.09e-20	6.18e-17	1.92e-13	2.66e-10	2.50e-07	2.28e-04	9.46e-02	4.17e-01	4.88e-01
 2.14785e+22	0.00e+00	0.00e+00	8.31e-30	7.90e-25	1.50e-20	8.24e-17	2.47e-13	3.29e-10	2.95e-07	2.56e-04	9.88e-02	4.22e-01	4.79e-01
 2.17471e+22	0.00e+00	9.42e-36	1.13e-29	1.04e-24	1.93e-20	1.03e-16	2.99e-13	3.86e-10	3.34e-07	2.79e-04	1.02e-01	4.26e-01	4.71e-01
 2.20963e+22	0.00e+00	0.00e+00	0.00e+00	1.55e-24	2.77e-20	1.42e-16	3.97e-13	4.89e-10	4.02e-07	3.17e-04	1.07e-01	4.31e-01	4.61e-01
 2.25503e+22	0.00e+00	0.00e+00	2.96e-29	2.54e-24	4.33e-20	2.11e-16	5.62e-13	6.53e-10	5.02e-07	3.69e-04	1.14e-01	4.38e-01	4.47e-01
 2.30093e+22	0.00e+00	4.79e-35	5.12e-29	4.20e-24	6.83e-20	3.18e-16	8.02e-13	8.79e-10	6.31e-07	4.31e-04	1.21e-01	4.45e-01	4.34e-01
 2.33625e+22	0.00e+00	0.00e+00	0.00e+00	6.09e-24	9.56e-20	4.28e-16	1.04e-12	1.09e-09	7.44e-07	4.82e-04	1.27e-01	4.49e-01	4.23e-01
 2.36514e+22	0.00e+00	0.00e+00	1.09e-28	8.41e-24	1.28e-19	5.57e-16	1.31e-12	1.32e-09	8.64e-07	5.33e-04	1.32e-01	4.53e-01	4.15e-01
 2.39693e+22	0.00e+00	1.57e-34	1.55e-28	1.16e-23	1.72e-19	7.24e-16	1.65e-12	1.60e-09	9.97e-07	5.86e-04	1.37e-01	4.57e-01	4.06e-01
 2.43826e+22	0.00e+00	0.00e+00	0.00e+00	1.77e-23	2.52e-19	1.02e-15	2.21e-12	2.04e-09	1.20e-06	6.62e-04	1.44e-01	4.61e-01	3.94e-01
 2.48143e+22	0.00e+00	0.00e+00	3.96e-28	2.76e-23	3.78e-19	1.46e-15	3.03e-12	2.65e-09	1.46e-06	7.53e-04	1.51e-01	4.66e-01	3.82e-01
 2.51641e+22	0.00e+00	6.48e-34	5.79e-28	3.92e-23	5.18e-19	1.93e-15	3.88e-12	3.24e-09	1.71e-06	8.30e-04	1.57e-01	4.69e-01	3.73e-01
 2.55133e+22	0.00e+00	0.00e+00	8.42e-28	5.53e-23	7.09e-19	2.55e-15	4.94e-12	3.96e-09	1.98e-06	9.14e-04	1.63e-01	4.72e-01	3.63e-01
 2.59672e+22	0.00e+00	1.63e-33	1.38e-27	8.70e-23	1.07e-18	3.69e-15	6.81e-12	5.16e-09	2.42e-06	1.04e-03	1.72e-01	4.76e-01	3.51e-01
 2.64372e+22	0.00e+00	0.00e+00	2.28e-27	1.39e-22	1.64e-18	5.39e-15	9.48e-12	6.77e-09	2.97e-06	1.18e-03	1.80e-01	4.79e-01	3.39e-01
 2.68133e+22	0.00e+00	4.32e-33	3.41e-27	2.01e-22	2.30e-18	7.28e-15	1.23e-11	8.40e-09	3.48e-06	1.30e-03	1.88e-01	4.82e-01	3.29e-01
 2.71211e+22	4.80e-40	6.06e-33	4.69e-27	2.70e-22	3.00e-18	9.22e-15	1.51e-11	9.94e-09	3.94e-06	1.40e-03	1.94e-01	4.83e-01	3.22e-01
 2.74547e+22	0.00e+00	0.00e+00	6.67e-27	3.74e-22	4.04e-18	1.20e-14	1.91e-11	1.20e-08	4.54e-06	1.52e-03	2.00e-01	4.85e-01	3.13e-01
 2.78883e+22	0.00e+00	1.42e-32	1.04e-26	5.66e-22	5.90e-18	1.69e-14	2.56e-11	1.53e-08	5.41e-06	1.68e-03	2.09e-01	4.87e-01	3.03e-01
 2.83413e+22	1.99e-39	2.36e-32	1.68e-26	8.80e-22	8.82e-18	2.41e-14	3.50e-11	1.97e-08	6.52e-06	1.88e-03	2.18e-01	4.88e-01	2.92e-01
 2.87102e+22	0.00e+00	0.00e+00	2.47e-26	1.26e-21	1.22e-17	3.23e-14	4.51e-11	2.42e-08	7.58e-06	2.04e-03	2.25e-01	4.89e-01	2.83e-01
 2.90804e+22	0.00e+00	5.28e-32	3.58e-26	1.78e-21	1.68e-17	4.29e-14	5.76e-11	2.95e-08	8.77e-06	2.22e-03	2.33e-01	4.90e-01	2.75e-01
 2.95616e+22	8.40e-39	8.91e-32	5.88e-26	2.82e-21	2.56e-17	6.26e-14	8.00e-11	3.85e-08	1.06e-05	2.46e-03	2.43e-01	4.91e-01	2.64e-01
 3.00308e+22	0.00e+00	0.00e+00	9.62e-26	4.47e-21	3.91e-17	9.12e-14	1.11e-10	5.03e-08	1.29e-05	2.73e-03	2.53e-01	4.91e-01	2.53e-01
 3.03669e+22	0.00e+00	2.14e-31	1.34e-25	6.10e-21	5.19e-17	1.18e-13	1.38e-10	6.01e-08	1.46e-05	2.92e-03	2.60e-01	4.90e-01	2.46e-01
 3.06864e+22	3.14e-38	3.01e-31	1.85e-25	8.24e-21	6.85e-17	1.51e-13	1.72e-10	7.15e-08	1.66e-05	3.12e-03	2.67e-01	4.90e-01	2.40e-01
 3.11017e+22	0.00e+00	0.00e+00	2.85e-25	1.23e-20	9.95e-17	2.10e-13	2.30e-10	9.03e-08	1.96e-05	3.39e-03	2.76e-01	4.89e-01	2.31e-01
 3.15563e+22	0.00e+00	7.74e-31	4.56e-25	1.92e-20	1.49e-16	3.03e-13	3.15e-10	1.17e-07	2.35e-05	3.71e-03	2.86e-01	4.88e-01	2.22e-01
 3.19582e+22	1.11e-37	9.41e-31	6.91e-25	2.83e-20	2.14e-16	4.18e-13	4.17e-10	1.46e-07	2.75e-05	4.02e-03	2.95e-01	4.87e-01	2.14e-01
 3.23189e+22	0.00e+00	0.00e+00	9.99e-25	4.00e-20	2.94e-16	5.57e-13	5.36e-10	1.79e-07	3.17e-05	4.30e-03	3.03e-01	4.85e-01	2.07e-01
 3.27298e+22	0.00e+00	2.72e-30	1.51e-24	5.91e-20	4.23e-16	7.71e-13	7.12e-10	2.24e-07	3.72e-05	4.63e-03	3.12e-01	4.83e-01	2.00e-01
 3.31824e+22	4.55e-37	3.47e-30	2.41e-24	9.17e-20	6.35e-16	1.11e-12	9.80e-10	2.90e-07	4.45e-05	5.03e-03	3.22e-01	4.81e-01	1.91e-01
 3.35860e+22	0.00e+00	0.00e+00	3.65e-24	1.36e-19	9.15e-16	1.55e-12	1.31e-09	3.65e-07	5.23e-05	5.40e-03	3.32e-01	4.79e-01	1.84e-01
 3.39329e+22	0.00e+00	9.87e-30	5.20e-24	1.90e-19	1.25e-15	2.05e-12	1.67e-09	4.44e-07	5.99e-05	5.74e-03	3.39e-01	4.76e-01	1.78e-01
 3.43093e+22	1.65e-36	1.14e-29	7.57e-24	2.71e-19	1.74e-15	2.76e-12	2.17e-09	5.47e-07	6.92e-05	6.11e-03	3.48e-01	4.74e-01	1.72e-01
 3.47987e+22	0.00e+00	0.00e+00	1.25e-23	4.35e-19	2.71e-15	4.12e-12	3.07e-09	7.23e-07	8.39e-05	6.62e-03	3.58e-01	4.70e-01	1.65e-01
 3.53024e+22	0.00e+00	4.15e-29	2.08e-23	7.07e-19	4.26e-15	6.22e-12	4.41e-09	9.64e-07	1.02e-04	7.18e-03	3.70e-01	4.66e-01	1.57e-01
 3.57047e+22	7.94e-36	4.87e-29	3.06e-23	1.02e-18	6.01e-15	8.49e-12	5.78e-09	1.20e-06	1.19e-04	7.65e-03	3.78e-01	4.63e-01	1.51e-01
 3.61076e+22	0.00e+00	0.00e+00	4.50e-23	1.47e-18	8.47e-15	1.16e-11	7.59e-09	1.49e-06	1.38e-04	8.12e-03	3.87e-01	4.59e-01	1.46e-01
 3.66314e+22	0.00e+00	1.56e-28	7.50e-23	2.40e-18	1.34e-14	1.76e-11	1.09e-08	1.99e-06	1.69e-04	8.77e-03	3.98e-01	4.54e-01	1.39e-01
 3.71859e+22	3.86e-35	2.11e-28	1.27e-22	3.97e-18	2.15e-14	2.70e-11	1.59e-08	2.70e-06	2.08e-04	9.50e-03	4.10e-01	4.49e-01	1.31e-01
 3.76492e+22	0.00e+00	0.00e+00	1.92e-22	5.89e-18	3.10e-14	3.77e-11	2.14e-08	3.41e-06	2.44e-04	1.01e-02	4.20e-01	4.44e-01	1.26e-01
 3.81204e+22	0.00e+00	6.26e-28	2.89e-22	8.71e-18	4.48e-14	5.26e-11	2.87e-08	4.31e-06	2.87e-04	1.08e-02	4.29e-01	4.39e-01	1.20e-01
 3.87329e+22	1.73e-34	8.48e-28	4.94e-22	1.46e-17	7.26e-14	8.18e-11	4.22e-08	5.88e-06	3.54e-04	1.17e-02	4.41e-01	4.33e-01	1.14e-01
 3.93415e+22	0.00e+00	1.44e-27	8.25e-22	2.38e-17	1.15e-13	1.25e-10	6.11e-08	7.91e-06	4.35e-04	1.26e-02	4.53e-01	4.26e-01	1.07e-01
 3.97946e+22	4.52e-34	2.06e-27	1.17e-21	3.32e-17	1.58e-13	1.66e-10	7.84e-08	9.67e-06	4.99e-04	1.33e-02	4.62e-01	4.21e-01	1.03e-01
 4.02333e+22	0.00e+00	2.87e-27	1.62e-21	4.54e-17	2.12e-13	2.16e-10	9.91e-08	1.17e-05	5.68e-04	1.40e-02	4.70e-01	4.17e-01	9.89e-02
 4.08035e+22	1.03e-33	4.42e-27	2.47e-21	6.81e-17	3.10e-13	3.06e-10	1.34e-07	1.49e-05	6.71e-04	1.49e-02	4.80e-01	4.10e-01	9.40e-02
 4.14158e+22	0.00e+00	6.88e-27	3.81e-21	1.03e-16	4.57e-13	4.35e-10	1.83e-07	1.91e-05	7.96e-04	1.60e-02	4.91e-01	4.03e-01	8.88e-02
 4.19435e+22	2.44e-33	9.79e-27	5.38e-21	1.43e-16	6.23e-13	5.75e-10	2.34e-07	2.32e-05	9.12e-04	1.69e-02	5.00e-01	3.97e-01	8.47e-02
 4.24901e+22	0.00e+00	1.38e-26	7.54e-21	1.98e-16	8.44e-13	7.57e-10	2.97e-07	2.82e-05	1.04e-03	1.79e-02	5.09e-01	3.91e-01	8.08e-02
 4.32006e+22	5.67e-33	2.14e-26	1.16e-20	2.99e-16	1.24e-12	1.07e-09	4.03e-07	3.59e-05	1.23e-03	1.92e-02	5.20e-01	3.84e-01	7.59e-02
 4.38652e+22	0.00e+00	3.18e-26	1.71e-20	4.34e-16	1.76e-12	1.47e-09	5.30e-07	4.48e-05	1.43e-03	2.05e-02	5.31e-01	3.76e-01	7.15e-02
 4.43057e+22	1.14e-32	4.07e-26	2.17e-20	5.46e-16	2.18e-12	1.78e-09	6.26e-07	5.12e-05	1.57e-03	2.13e-02	5.37e-01	3.71e-01	6.88e-02
 4.47142e+22	0.00e+00	4.87e-26	2.59e-20	6.45e-16	2.55e-12	2.04e-09	7.04e-07	5.63e-05	1.68e-03	2.20e-02	5.43e-01	3.67e-01	6.66e-02
 4.52451e+22	1.91e-32	6.56e-26	3.47e-20	8.54e-16	3.31e-12	2.59e-09	8.65e-07	6.63e-05	1.87e-03	2.30e-02	5.50e-01	3.61e-01	6.38e-02
 4.59354e+22	0.00e+00	9.16e-26	4.84e-20	1.17e-15	4.46e-12	3.38e-09	1.09e-06	7.98e-05	2.13e-03	2.44e-02	5.59e-01	3.54e-01	6.02e-02
 4.66558e+22	4.01e-32	1.29e-25	6.78e-20	1.62e-15	6.03e-12	4.43e-09	1.37e-06	9.61e-05	2.42e-03	2.59e-02	5.69e-01	3.46e-01	5.66e-02
 4.72510e+22	0.00e+00	1.69e-25	8.80e-20	2.08e-15	7.59e-12	5.44e-09	1.64e-06	1.11e-04	2.66e-03	2.71e-02	5.76e-01	3.40e-01	5.40e-02
 4.78603e+22	7.07e-32	2.18e-25	1.13e-19	2.65e-15	9.53e-12	6.66e-09	1.95e-06	1.27e-04	2.93e-03	2.84e-02	5.83e-01	3.34e-01	5.14e-02
 4.86523e+22	0.00e+00	3.01e-25	1.56e-19	3.58e-15	1.26e-11	8.56e-09	2.41e-06	1.51e-04	3.29e-03	3.00e-02	5.92e-01	3.26e-01	4.84e-02
 4.94962e+22	1.45e-31	4.22e-25	2.17e-19	4.92e-15	1.69e-11	1.11e-08	3.01e-06	1.80e-04	3.72e-03	3.18e-02	6.01e-01	3.18e-01	4.53e-02
 5.02204e+22	0.00e+00	5.56e-25	2.84e-19	6.36e-15	2.15e-11	1.37e-08	3.60e-06	2.07e-04	4.10e-03	3.34e-02	6.08e-01	3.11e-01	4.28e-02
 5.09749e+22	2.60e-31	7.24e-25	3.69e-19	8.16e-15	2.71e-11	1.68e-08	4.28e-06	2.38e-04	4.50e-03	3.50e-02	6.15e-01	3.04e-01	4.05e-02
 5.18017e+22	0.00e+00	9.69e-25	4.91e-19	1.07e-14	3.48e-11	2.10e-08	5.17e-06	2.77e-04	4.99e-03	3.69e-02	6.23e-01	2.97e-01	3.81e-02
 5.25318e+22	4.66e-31	1.24e-24	6.26e-19	1.35e-14	4.31e-11	2.54e-08	6.06e-06	3.14e-04	5.44e-03	3.85e-02	6.29e-01	2.90e-01	3.61e-02
 5.31912e+22	0.00e+00	1.53e-24	7.70e-19	1.64e-14	5.17e-11	2.98e-08	6.93e-06	3.49e-04	5.85e-03	4.00e-02	6.35e-01	2.85e-01	3.44e-02
 5.39491e+22	7.86e-31	1.93e-24	9.67e-19	2.04e-14	6.32e-11	3.56e-08	8.04e-06	3.93e-04	6.33e-03	4.17e-02	6.41e-01	2.78e-01	3.26e-02
 5.49343e+22	0.00e+00	2.58e-24	1.29e-18	2.69e-14	8.15e-11	4.45e-08	9.68e-06	4.55e-04	7.00e-03	4.39e-02	6.48e-01	2.71e-01	3.05e-02
 5.59652e+22	1.50e-30	3.50e-24	1.74e-18	3.56e-14	1.06e-10	5.59e-08	1.17e-05	5.29e-04	7.76e-03	4.64e-02	6.55e-01	2.62e-01	2.83e-02
 5.67574e+22	0.00e+00	4.39e-24	2.16e-18	4.40e-14	1.28e-10	6.62e-08	1.35e-05	5.91e-04	8.37e-03	4.83e-02	6.60e-01	2.56e-01	2.68e-02
 5.74894e+22	2.32e-30	5.28e-24	2.60e-18	5.22e-14	1.50e-10	7.58e-08	1.51e-05	6.46e-04	8.89e-03	4.98e-02	6.64e-01	2.51e-01	2.56e-02
 5.84409e+22	0.00e+00	6.79e-24	3.33e-18	6.61e-14	1.87e-10	9.19e-08	1.77e-05	7.32e-04	9.67e-03	5.21e-02	6.69e-01	2.44e-01	2.41e-02
 5.94159e+22	4.01e-30	8.73e-24	4.26e-18	8.35e-14	2.31e-10	1.11e-07	2.06e-05	8.27e-04	1.05e-02	5.45e-02	6.74e-01	2.37e-01	2.26e-02
 6.02184e+22	0.00e+00	1.06e-23	5.13e-18	9.95e-14	2.72e-10	1.27e-07	2.31e-05	9.05e-04	1.12e-02	5.63e-02	6.78e-01	2.32e-01	2.15e-02
 6.10585e+22	6.07e-30	1.28e-23	6.22e-18	1.20e-13	3.22e-10	1.48e-07	2.61e-05	9.96e-04	1.19e-02	5.83e-02	6.82e-01	2.27e-01	2.03e-02
 6.21505e+22	0.00e+00	1.64e-23	7.93e-18	1.50e-13	3.97e-10	1.77e-07	3.04e-05	1.12e-03	1.29e-02	6.08e-02	6.86e-01	2.20e-01	1.91e-02
 6.32684e+22	1.05e-29	2.12e-23	1.02e-17	1.91e-13	4.93e-10	2.14e-07	3.54e-05	1.26e-03	1.40e-02	6.35e-02	6.90e-01	2.13e-01	1.78e-02
 6.41129e+22	0.00e+00	2.56e-23	1.22e-17	2.26e-13	5.75e-10	2.45e-07	3.95e-05	1.38e-03	1.48e-02	6.55e-02	6.93e-01	2.08e-01	1.69e-02
 6.49039e+22	1.51e-29	3.00e-23	1.43e-17	2.62e-13	6.58e-10	2.75e-07	4.34e-05	1.48e-03	1.56e-02	6.73e-02	6.96e-01	2.04e-01	1.62e-02
 6.59323e+22	0.00e+00	3.68e-23	1.75e-17	3.17e-13	7.85e-10	3.21e-07	4.92e-05	1.64e-03	1.66e-02	6.98e-02	6.98e-01	1.98e-01	1.52e-02
 6.69765e+22	2.40e-29	4.59e-23	2.16e-17	3.87e-13	9.40e-10	3.75e-07	5.59e-05	1.81e-03	1.78e-02	7.23e-02	7.01e-01	1.93e-01	1.44e-02
 6.78459e+22	0.00e+00	5.41e-23	2.53e-17	4.50e-13	1.08e-09	4.22e-07	6.14e-05	1.94e-03	1.87e-02	7.42e-02	7.03e-01	1.88e-01	1.37e-02
 6.87808e+22	3.45e-29	6.40e-23	2.99e-17	5.25e-13	1.24e-09	4.77e-07	6.78e-05	2.10e-03	1.97e-02	7.64e-02	7.05e-01	1.84e-01	1.30e-02
 6.99961e+22	0.00e+00	7.98e-23	3.70e-17	6.43e-13	1.49e-09	5.59e-07	7.72e-05	2.33e-03	2.11e-02	7.92e-02	7.07e-01	1.78e-01	1.22e-02
 7.11973e+22	5.59e-29	9.96e-23	4.58e-17	7.85e-13	1.79e-09	6.54e-07	8.75e-05	2.57e-03	2.25e-02	8.20e-02	7.09e-01	1.73e-01	1.14e-02
 7.21756e+22	0.00e+00	1.17e-22	5.38e-17	9.12e-13	2.05e-09	7.35e-07	9.61e-05	2.76e-03	2.37e-02	8.42e-02	7.10e-01	1.69e-01	1.09e-02
 7.32430e+22	8.08e-29	1.40e-22	6.38e-17	1.07e-12	2.37e-09	8.32e-07	1.06e-04	2.98e-03	2.49e-02	8.66e-02	7.11e-01	1.64e-01	1.03e-02
 7.43888e+22	0.00e+00	1.71e-22	7.73e-17	1.28e-12	2.78e-09	9.57e-07	1.19e-04	3.26e-03	2.64e-02	8.93e-02	7.11e-01	1.60e-01	9.73e-03
 7.54060e+22	1.20e-28	2.01e-22	9.02e-17	1.48e-12	3.17e-09	1.07e-06	1.30e-04	3.49e-03	2.77e-02	9.16e-02	7.12e-01	1.56e-01	9.25e-03
 7.64976e+22	0.00e+00	2.39e-22	1.07e-16	1.73e-12	3.64e-09	1.21e-06	1.43e-04	3.77e-03	2.92e-02	9.40e-02	7.12e-01	1.52e-01	8.78e-03
 7.76988e+22	1.78e-28	2.88e-22	1.28e-16	2.04e-12	4.24e-09	1.37e-06	1.59e-04	4.08e-03	3.08e-02	9.67e-02	7.13e-01	1.47e-01	8.29e-03
 7.88289e+22	0.00e+00	3.38e-22	1.49e-16	2.36e-12	4.82e-09	1.54e-06	1.74e-04	4.38e-03	3.23e-02	9.91e-02	7.13e-01	1.44e-01	7.86e-03
 8.00848e+22	2.59e-28	4.04e-22	1.77e-16	2.76e-12	5.57e-09	1.74e-06	1.92e-04	4.73e-03	3.40e-02	1.02e-01	7.12e-01	1.40e-01	7.44e-03
 8.14486e+22	0.00e+00	4.95e-22	2.15e-16	3.32e-12	6.57e-09	2.00e-06	2.15e-04	5.17e-03	3.61e-02	1.05e-01	7.11e-01	1.35e-01	6.98e-03
 8.26951e+22	3.94e-28	5.87e-22	2.53e-16	3.85e-12	7.51e-09	2.25e-06	2.36e-04	5.55e-03	3.79e-02	1.08e-01	7.11e-01	1.31e-01	6.61e-03
 8.40581e+22	4.77e-28	7.01e-22	3.00e-16	4.52e-12	8.67e-09	2.54e-06	2.61e-04	6.00e-03	3.99e-02	1.11e-01	7.10e-01	1.27e-01	6.24e-03
 8.55668e+22	5.98e-28	8.56e-22	3.64e-16	5.41e-12	1.02e-08	2.92e-06	2.92e-04	6.55e-03	4.24e-02	1.14e-01	7.08e-01	1.23e-01	5.83e-03
 8.69989e+22	7.29e-28	1.03e-21	4.34e-16	6.37e-12	1.18e-08	3.31e-06	3.23e-04	7.08e-03	4.47e-02	1.17e-01	7.06e-01	1.19e-01	5.49e-03
 8.85944e+22	9.05e-28	1.26e-21	5.26e-16	7.61e-12	1.39e-08	3.80e-06	3.62e-04	7.73e-03	4.75e-02	1.21e-01	7.03e-01	1.15e-01	5.15e-03
 9.03271e+22	1.14e-27	1.56e-21	6.45e-16	9.20e-12	1.65e-08	4.40e-06	4.07e-04	8.49e-03	5.07e-02	1.24e-01	7.00e-01	1.11e-01	4.79e-03
 9.19879e+22	1.41e-27	1.89e-21	7.76e-16	1.09e-11	1.92e-08	5.03e-06	4.54e-04	9.23e-03	5.37e-02	1.28e-01	6.97e-01	1.07e-01	4.48e-03
 9.38964e+22	1.78e-27	2.34e-21	9.53e-16	1.33e-11	2.29e-08	5.84e-06	5.12e-04	1.01e-02	5.73e-02	1.32e-01	6.93e-01	1.03e-01	4.16e-03
 9.59540e+22	2.27e-27	2.94e-21	1.18e-15	1.62e-11	2.74e-08	6.82e-06	5.81e-04	1.12e-02	6.13e-02	1.36e-01	6.89e-01	9.83e-02	3.83e-03
 9.77633e+22	2.82e-27	3.58e-21	1.43e-15	1.93e-11	3.21e-08	7.79e-06	6.46e-04	1.22e-02	6.49e-02	1.40e-01	6.84e-01	9.46e-02	3.57e-03
 9.96733e+22	3.40e-27	4.28e-21	1.71e-15	2.28e-11	3.72e-08	8.84e-06	7.17e-04	1.32e-02	6.86e-02	1.43e-01	6.80e-01	9.10e-02	3.33e-03
 1.02156e+23	4.35e-27	5.41e-21	2.14e-15	2.81e-11	4.50e-08	1.04e-05	8.17e-04	1.46e-02	7.35e-02	1.48e-01	6.73e-01	8.67e-02	3.05e-03
 1.04671e+23	5.64e-27	6.88e-21	2.69e-15	3.50e-11	5.48e-08	1.23e-05	9.36e-04	1.62e-02	7.90e-02	1.53e-01	6.66e-01	8.21e-02	2.77e-03
 1.06630e+23	6.85e-27	8.22e-21	3.20e-15	4.11e-11	6.33e-08	1.39e-05	1.03e-03	1.75e-02	8.33e-02	1.57e-01	6.60e-01	7.87e-02	2.57e-03
 1.08578e+23	7.99e-27	9.52e-21	3.70e-15	4.72e-11	7.19e-08	1.55e-05	1.13e-03	1.87e-02	8.73e-02	1.60e-01	6.55e-01	7.58e-02	2.40e-03
 1.11111e+23	9.73e-27	1.15e-20	4.48e-15	5.65e-11	8.47e-08	1.78e-05	1.27e-03	2.05e-02	9.27e-02	1.64e-01	6.47e-01	7.21e-02	2.21e-03
 1.14403e+23	1.22e-26	1.44e-20	5.58e-15	6.98e-11	1.03e-07	2.10e-05	1.45e-03	2.27e-02	9.95e-02	1.69e-01	6.37e-01	6.79e-02	1.99e-03
 1.17809e+23	1.60e-26	1.86e-20	7.15e-15	8.84e-11	1.27e-07	2.53e-05	1.68e-03	2.54e-02	1.07e-01	1.75e-01	6.26e-01	6.33e-02	1.76e-03
 1.20439e+23	1.93e-26	2.23e-20	8.48e-15	1.04e-10	1.47e-07	2.85e-05	1.86e-03	2.75e-02	1.13e-01	1.78e-01	6.17e-01	6.03e-02	1.62e-03
 1.22931e+23	2.24e-26	2.58e-20	9.89e-15	1.20e-10	1.69e-07	3.21e-05	2.04e-03	2.95e-02	1.19e-01	1.82e-01	6.09e-01	5.74e-02	1.49e-03
 1.26172e+23	2.65e-26	3.05e-20	1.17e-14	1.42e-10	1.97e-07	3.68e-05	2.28e-03	3.22e-02	1.26e-01	1.87e-01	5.98e-01	5.41e-02	1.35e-03
 1.30384e+23	3.20e-26	3.71e-20	1.43e-14	1.74e-10	2.38e-07	4.32e-05	2.60e-03	3.56e-02	1.35e-01	1.92e-01	5.84e-01	5.02e-02	1.19e-03
 1.34770e+23	4.07e-26	4.71e-20	1.81e-14	2.18e-10	2.94e-07	5.18e-05	3.02e-03	3.99e-02	1.45e-01	1.97e-01	5.68e-01	4.62e-02	1.04e-03
 1.38164e+23	4.90e-26	5.65e-20	2.17e-14	2.59e-10	3.43e-07	5.92e-05	3.37e-03	4.33e-02	1.53e-01	2.01e-01	5.55e-01	4.33e-02	9.35e-04
 1.40776e+23	5.56e-26	6.43e-20	2.46e-14	2.92e-10	3.83e-07	6.50e-05	3.63e-03	4.59e-02	1.59e-01	2.03e-01	5.46e-01	4.14e-02	8.69e-04
 1.43589e+23	6.03e-26	7.08e-20	2.72e-14	3.24e-10	4.23e-07	7.09e-05	3.90e-03	4.85e-02	1.65e-01	2.06e-01	5.37e-01	3.94e-02	8.05e-04
 1.47245e+23	6.64e-26	7.92e-20	3.06e-14	3.67e-10	4.77e-07	7.89e-05	4.25e-03	5.19e-02	1.72e-01	2.09e-01	5.25e-01	3.71e-02	7.31e-04
 1.51998e+23	7.41e-26	9.06e-20	3.53e-14	4.26e-10	5.51e-07	8.95e-05	4.72e-03	5.62e-02	1.81e-01	2.13e-01	5.10e-01	3.45e-02	6.50e-04
 1.57106e+23	8.76e-26	1.09e-19	4.24e-14	5.12e-10	6.56e-07	1.04e-04	5.34e-03	6.16e-02	1.92e-01	2.17e-01	4.92e-01	3.16e-02	5.66e-04
 1.61237e+23	1.02e-25	1.28e-19	4.94e-14	5.96e-10	7.55e-07	1.17e-04	5.89e-03	6.63e-02	2.01e-01	2.19e-01	4.78e-01	2.94e-02	5.06e-04
 1.64559e+23	1.12e-25	1.42e-19	5.47e-14	6.58e-10	8.28e-07	1.27e-04	6.28e-03	6.96e-02	2.07e-01	2.21e-01	4.68e-01	2.81e-02	4.70e-04
 1.68266e+23	1.16e-25	1.52e-19	5.90e-14	7.17e-10	9.04e-07	1.37e-04	6.71e-03	7.32e-02	2.14e-01	2.23e-01	4.57e-01	2.65e-02	4.31e-04
 1.73087e+23	1.22e-25	1.66e-19	6.49e-14	7.96e-10	1.00e-06	1.51e-04	7.24e-03	7.75e-02	2.21e-01	2.25e-01	4.44e-01	2.48e-02	3.89e-04
 1.79353e+23	1.30e-25	1.86e-19	7.26e-14	9.00e-10	1.13e-06	1.68e-04	7.92e-03	8.29e-02	2.31e-01	2.27e-01	4.28e-01	2.30e-02	3.45e-04
 1.86614e+23	1.42e-25	2.15e-19	8.37e-14	1.05e-09	1.32e-06	1.92e-04	8.81e-03	8.98e-02	2.42e-01	2.29e-01	4.09e-01	2.08e-02	2.98e-04
 1.93372e+23	1.60e-25	2.52e-19	9.72e-14	1.22e-09	1.52e-06	2.17e-04	9.75e-03	9.67e-02	2.52e-01	2.30e-01	3.91e-01	1.90e-02	2.60e-04
 1.99029e+23	1.76e-25	2.86e-19	1.09e-13	1.37e-09	1.70e-06	2.40e-04	1.05e-02	1.02e-01	2.61e-01	2.31e-01	3.77e-01	1.77e-02	2.33e-04
 2.05055e+23	1.78e-25	3.05e-19	1.16e-13	1.48e-09	1.84e-06	2.57e-04	1.12e-02	1.07e-01	2.67e-01	2.32e-01	3.66e-01	1.66e-02	2.13e-04
 2.12692e+23	1.81e-25	3.30e-19	1.25e-13	1.61e-09	2.01e-06	2.79e-04	1.19e-02	1.12e-01	2.75e-01	2.32e-01	3.53e-01	1.55e-02	1.92e-04
 2.21323e+23	1.91e-25	3.70e-19	1.39e-13	1.80e-09	2.24e-06	3.07e-04	1.29e-02	1.19e-01	2.83e-01	2.32e-01	3.38e-01	1.43e-02	1.70e-04
 2.29711e+23	2.04e-25	4.18e-19	1.55e-13	2.01e-09	2.50e-06	3.39e-04	1.40e-02	1.26e-01	2.92e-01	2.32e-01	3.23e-01	1.31e-02	1.51e-04
 2.37288e+23	2.16e-25	4.64e-19	1.70e-13	2.21e-09	2.74e-06	3.67e-04	1.49e-02	1.31e-01	2.99e-01	2.31e-01	3.11e-01	1.22e-02	1.37e-04
 2.44107e+23	2.26e-25	5.03e-19	1.82e-13	2.37e-09	2.93e-06	3.89e-04	1.56e-02	1.36e-01	3.04e-01	2.31e-01	3.02e-01	1.16e-02	1.27e-04
 2.50245e+23	2.33e-25	5.40e-19	1.93e-13	2.52e-09	3.10e-06	4.10e-04	1.63e-02	1.40e-01	3.08e-01	2.30e-01	2.94e-01	1.11e-02	1.19e-04
 2.55768e+23	2.37e-25	5.70e-19	2.02e-13	2.64e-09	3.26e-06	4.28e-04	1.69e-02	1.44e-01	3.12e-01	2.29e-01	2.87e-01	1.06e-02	1.12e-04
 2.60740e+23	2.44e-25	6.03e-19	2.12e-13	2.77e-09	3.41e-06	4.47e-04	1.74e-02	1.47e-01	3.16e-01	2.29e-01	2.81e-01	1.02e-02	1.06e-04
 2.65214e+23	2.47e-25	6.28e-19	2.19e-13	2.88e-09	3.54e-06	4.62e-04	1.79e-02	1.50e-01	3.18e-01	2.28e-01	2.75e-01	9.91e-03	1.02e-04
 2.69241e+23	2.50e-25	6.51e-19	2.26e-13	2.97e-09	3.65e-06	4.74e-04	1.83e-02	1.52e-01	3.21e-01	2.28e-01	2.71e-01	9.66e-03	9.82e-05
 2.72865e+23	2.53e-25	6.69e-19	2.31e-13	3.04e-09	3.74e-06	4.84e-04	1.86e-02	1.54e-01	3.23e-01	2.27e-01	2.67e-01	9.45e-03	9.53e-05
 2.76126e+23	2.55e-25	6.87e-19	2.37e-13	3.11e-09	3.82e-06	4.94e-04	1.89e-02	1.56e-01	3.25e-01	2.27e-01	2.64e-01	9.26e-03	9.27e-05
 2.79199e+23	2.54e-25	6.98e-19	2.40e-13	3.15e-09	3.87e-06	5.01e-04	1.91e-02	1.57e-01	3.26e-01	2.27e-01	2.61e-01	9.12e-03	9.09e-05
 2.82254e+23	2.52e-25	7.06e-19	2.42e-13	3.19e-09	3.92e-06	5.06e-04	1.93e-02	1.58e-01	3.27e-01	2.26e-01	2.59e-01	9.01e-03	8.95e-05
 2.85309e+23	2.52e-25	7.15e-19	2.45e-13	3.23e-09	3.97e-06	5.13e-04	1.96e-02	1.60e-01	3.29e-01	2.26e-01	2.57e-01	8.87e-03	8.76e-05
 2.88363e+23	2.54e-25	7.25e-19	2.47e-13	3.27e-09	4.02e-06	5.18e-04	1.97e-02	1.61e-01	3.30e-01	2.26e-01	2.55e-01	8.77e-03	8.64e-05
 2.91418e+23	2.53e-25	7.30e-19	2.49e-13	3.30e-09	4.06e-06	5.24e-04	1.99e-02	1.62e-01	3.31e-01	2.25e-01	2.52e-01	8.63e-03	8.46e-05
 2.94473e+23	2.52e-25	7.37e-19	2.50e-13	3.32e-09	4.10e-06	5.30e-04	2.01e-02	1.63e-01	3.33e-01	2.25e-01	2.50e-01	8.53e-03	8.34e-05
 2.97528e+23	2.53e-25	7.45e-19	2.53e-13	3.36e-09	4.15e-06	5.35e-04	2.03e-02	1.65e-01	3.34e-01	2.25e-01	2.47e-01	8.43e-03	8.22e-05
 3.00583e+23	2.54e-25	7.52e-19	2.55e-13	3.39e-09	4.19e-06	5.42e-04	2.06e-02	1.66e-01	3.36e-01	2.24e-01	2.44e-01	8.30e-03	8.08e-05
 3.03637e+23	2.57e-25	7.59e-19	2.57e-13	3.43e-09	4.25e-06	5.49e-04	2.08e-02	1.68e-01	3.38e-01	2.24e-01	2.41e-01	8.16e-03	7.91e-05
 3.05323e+23	2.86e-25	8.18e-19	2.74e-13	3.63e-09	4.46e-06	5.72e-04	2.15e-02	1.72e-01	3.41e-01	2.22e-01	2.36e-01	7.90e-03	7.59e-05
