#depth	Si	Si+	Si+2	Si+3	Si+4	Si+5	Si+6	Si+7	Si+8	Si+9	Si+10	Si+11	Si+12	Si+13	Si+14
 1.54284e+19	0.00e+00	0.00e+00	0.00e+00	0.00e+00	0.00e+00	0.00e+00	0.00e+00	4.12e-28	2.46e-22	5.29e-17	1.24e-12	6.41e-09	5.68e-05	1.41e-02	9.86e-01
 9.25702e+19	0.00e+00	0.00e+00	0.00e+00	0.00e+00	0.00e+00	0.00e+00	7.13e-34	5.97e-28	3.38e-22	6.82e-17	1.51e-12	7.44e-09	6.27e-05	1.48e-02	9.85e-01
 2.19083e+20	0.00e+00	0.00e+00	0.00e+00	0.00e+00	0.00e+00	0.00e+00	0.00e+00	1.12e-27	5.81e-22	1.05e-16	2.12e-12	9.58e-09	7.40e-05	1.61e-02	9.84e-01
 3.51273e+20	0.00e+00	0.00e+00	0.00e+00	0.00e+00	0.00e+00	0.00e+00	2.98e-33	2.08e-27	9.86e-22	1.61e-16	2.96e-12	1.23e-08	8.71e-05	1.74e-02	9.82e-01
 4.65778e+20	0.00e+00	0.00e+00	0.00e+00	0.00e+00	0.00e+00	4.06e-39	5.53e-33	3.57e-27	1.56e-21	2.33e-16	3.95e-12	1.52e-08	1.00e-04	1.87e-02	9.81e-01
 5.52029e+20	0.00e+00	0.00e+00	0.00e+00	0.00e+00	0.00e+00	0.00e+00	8.61e-33	5.25e-27	2.17e-21	3.03e-16	4.85e-12	1.78e-08	1.11e-04	1.97e-02	9.80e-01
 6.42047e+20	0.00e+00	0.00e+00	0.00e+00	0.00e+00	0.00e+00	1.10e-38	1.34e-32	7.70e-27	3.01e-21	3.93e-16	5.94e-12	2.07e-08	1.23e-04	2.07e-02	9.79e-01
 7.42949e+20	0.00e+00	0.00e+00	0.00e+00	0.00e+00	0.00e+00	0.00e+00	2.21e-32	1.19e-26	4.37e-21	5.29e-16	7.50e-12	2.47e-08	1.38e-04	2.19e-02	9.78e-01
 8.36894e+20	0.00e+00	0.00e+00	0.00e+00	0.00e+00	0.00e+00	3.26e-38	3.50e-32	1.78e-26	6.16e-21	6.95e-16	9.30e-12	2.89e-08	1.53e-04	2.31e-02	9.77e-01
 9.24166e+20	0.00e+00	0.00e+00	0.00e+00	0.00e+00	0.00e+00	0.00e+00	0.00e+00	2.57e-26	8.41e-21	8.90e-16	1.13e-11	3.34e-08	1.69e-04	2.42e-02	9.76e-01
 1.02387e+21	0.00e+00	0.00e+00	0.00e+00	0.00e+00	0.00e+00	0.00e+00	8.52e-32	3.87e-26	1.19e-20	1.17e-15	1.40e-11	3.93e-08	1.88e-04	2.55e-02	9.74e-01
 1.13572e+21	0.00e+00	0.00e+00	0.00e+00	0.00e+00	0.00e+00	1.59e-37	1.43e-31	6.06e-26	1.74e-20	1.59e-15	1.78e-11	4.70e-08	2.11e-04	2.70e-02	9.73e-01
 1.23792e+21	0.00e+00	0.00e+00	0.00e+00	0.00e+00	0.00e+00	0.00e+00	0.00e+00	9.08e-26	2.46e-20	2.09e-15	2.21e-11	5.52e-08	2.34e-04	2.84e-02	9.71e-01
 1.32956e+21	0.00e+00	0.00e+00	0.00e+00	0.00e+00	0.00e+00	0.00e+00	3.45e-31	1.31e-25	3.36e-20	2.67e-15	2.70e-11	6.37e-08	2.57e-04	2.97e-02	9.70e-01
 1.43289e+21	0.00e+00	0.00e+00	0.00e+00	0.00e+00	0.00e+00	7.22e-37	5.46e-31	1.94e-25	4.70e-20	3.48e-15	3.33e-11	7.46e-08	2.85e-04	3.13e-02	9.68e-01
 1.54968e+21	0.00e+00	0.00e+00	0.00e+00	0.00e+00	0.00e+00	0.00e+00	0.00e+00	3.02e-25	6.83e-20	4.68e-15	4.21e-11	8.88e-08	3.19e-04	3.31e-02	9.67e-01
 1.66099e+21	0.00e+00	0.00e+00	0.00e+00	0.00e+00	0.00e+00	0.00e+00	1.43e-30	4.48e-25	9.55e-20	6.09e-15	5.19e-11	1.04e-07	3.54e-04	3.48e-02	9.65e-01
 1.76215e+21	0.00e+00	0.00e+00	0.00e+00	0.00e+00	0.00e+00	3.44e-36	2.17e-30	6.45e-25	1.30e-19	7.76e-15	6.30e-11	1.20e-07	3.89e-04	3.65e-02	9.63e-01
 1.87311e+21	0.00e+00	0.00e+00	0.00e+00	0.00e+00	0.00e+00	0.00e+00	0.00e+00	9.57e-25	1.82e-19	1.01e-14	7.77e-11	1.41e-07	4.31e-04	3.83e-02	9.61e-01
 1.98758e+21	0.00e+00	0.00e+00	0.00e+00	0.00e+00	0.00e+00	0.00e+00	5.43e-30	1.43e-24	2.55e-19	1.32e-14	9.62e-11	1.65e-07	4.78e-04	4.03e-02	9.59e-01
 2.08177e+21	0.00e+00	0.00e+00	0.00e+00	0.00e+00	0.00e+00	1.48e-35	7.90e-30	1.98e-24	3.36e-19	1.64e-14	1.14e-10	1.87e-07	5.19e-04	4.20e-02	9.57e-01
 2.17941e+21	0.00e+00	0.00e+00	0.00e+00	0.00e+00	0.00e+00	0.00e+00	0.00e+00	2.75e-24	4.44e-19	2.04e-14	1.36e-10	2.13e-07	5.65e-04	4.38e-02	9.56e-01
 2.30633e+21	0.00e+00	0.00e+00	0.00e+00	0.00e+00	0.00e+00	0.00e+00	1.90e-29	4.24e-24	6.41e-19	2.72e-14	1.72e-10	2.54e-07	6.31e-04	4.62e-02	9.53e-01
 2.43496e+21	0.00e+00	0.00e+00	0.00e+00	0.00e+00	0.00e+00	6.99e-35	3.10e-29	6.48e-24	9.17e-19	3.61e-14	2.16e-10	3.00e-07	7.04e-04	4.87e-02	9.51e-01
 2.53407e+21	0.00e+00	0.00e+00	0.00e+00	0.00e+00	0.00e+00	0.00e+00	0.00e+00	8.81e-24	1.19e-18	4.41e-14	2.54e-10	3.39e-07	7.63e-04	5.07e-02	9.49e-01
 2.63118e+21	0.00e+00	0.00e+00	0.00e+00	0.00e+00	0.00e+00	0.00e+00	6.32e-29	1.20e-23	1.54e-18	5.41e-14	2.99e-10	3.83e-07	8.26e-04	5.27e-02	9.47e-01
 2.75741e+21	0.00e+00	0.00e+00	0.00e+00	0.00e+00	0.00e+00	2.66e-34	1.01e-28	1.80e-23	2.17e-18	7.09e-14	3.72e-10	4.50e-07	9.16e-04	5.54e-02	9.44e-01
 2.88739e+21	0.00e+00	0.00e+00	0.00e+00	0.00e+00	0.00e+00	0.00e+00	0.00e+00	2.69e-23	3.05e-18	9.25e-14	4.62e-10	5.28e-07	1.02e-03	5.82e-02	9.41e-01
 2.99357e+21	0.00e+00	0.00e+00	0.00e+00	0.00e+00	0.00e+00	0.00e+00	2.31e-28	3.68e-23	3.97e-18	1.14e-13	5.45e-10	5.99e-07	1.10e-03	6.06e-02	9.38e-01
 3.08219e+21	0.00e+00	0.00e+00	0.00e+00	0.00e+00	0.00e+00	9.68e-34	3.15e-28	4.82e-23	4.99e-18	1.36e-13	6.31e-10	6.67e-07	1.18e-03	6.26e-02	9.36e-01
 3.17664e+21	0.00e+00	0.00e+00	0.00e+00	0.00e+00	0.00e+00	0.00e+00	4.34e-28	6.35e-23	6.29e-18	1.63e-13	7.30e-10	7.44e-07	1.27e-03	6.48e-02	9.34e-01
 3.29943e+21	0.00e+00	0.00e+00	0.00e+00	0.00e+00	0.00e+00	2.25e-33	6.62e-28	9.16e-23	8.58e-18	2.08e-13	8.89e-10	8.60e-07	1.39e-03	6.78e-02	9.31e-01
 3.42389e+21	0.00e+00	0.00e+00	0.00e+00	0.00e+00	0.00e+00	0.00e+00	1.00e-27	1.31e-22	1.16e-17	2.64e-13	1.08e-09	9.94e-07	1.53e-03	7.09e-02	9.28e-01
 3.52250e+21	0.00e+00	0.00e+00	0.00e+00	0.00e+00	0.00e+00	5.14e-33	1.37e-27	1.72e-22	1.46e-17	3.15e-13	1.25e-09	1.11e-06	1.64e-03	7.34e-02	9.25e-01
 3.62268e+21	0.00e+00	0.00e+00	0.00e+00	0.00e+00	1.48e-38	7.42e-33	1.90e-27	2.28e-22	1.85e-17	3.79e-13	1.45e-09	1.24e-06	1.76e-03	7.59e-02	9.22e-01
 3.73569e+21	0.00e+00	0.00e+00	0.00e+00	0.00e+00	0.00e+00	0.00e+00	2.75e-27	3.14e-22	2.43e-17	4.69e-13	1.72e-09	1.41e-06	1.91e-03	7.89e-02	9.19e-01
 3.84133e+21	0.00e+00	0.00e+00	0.00e+00	0.00e+00	0.00e+00	1.64e-32	3.82e-27	4.17e-22	3.08e-17	5.65e-13	2.00e-09	1.58e-06	2.06e-03	8.18e-02	9.16e-01
 3.93823e+21	0.00e+00	0.00e+00	0.00e+00	0.00e+00	5.31e-38	2.33e-32	5.20e-27	5.44e-22	3.86e-17	6.74e-13	2.31e-09	1.76e-06	2.21e-03	8.45e-02	9.13e-01
 4.04785e+21	0.00e+00	0.00e+00	0.00e+00	0.00e+00	0.00e+00	0.00e+00	7.30e-27	7.30e-22	4.94e-17	8.18e-13	2.71e-09	1.97e-06	2.38e-03	8.76e-02	9.10e-01
 4.16237e+21	0.00e+00	0.00e+00	0.00e+00	0.00e+00	0.00e+00	5.10e-32	1.04e-26	9.88e-22	6.38e-17	1.00e-12	3.19e-09	2.23e-06	2.57e-03	9.09e-02	9.07e-01
 4.25797e+21	0.00e+00	0.00e+00	0.00e+00	0.00e+00	1.82e-37	7.03e-32	1.37e-26	1.26e-21	7.84e-17	1.17e-12	3.64e-09	2.46e-06	2.74e-03	9.37e-02	9.04e-01
 4.35696e+21	0.00e+00	0.00e+00	0.00e+00	0.00e+00	0.00e+00	0.00e+00	1.84e-26	1.62e-21	9.70e-17	1.39e-12	4.17e-09	2.73e-06	2.93e-03	9.66e-02	9.00e-01
 4.48565e+21	0.00e+00	0.00e+00	0.00e+00	0.00e+00	0.00e+00	1.52e-31	2.71e-26	2.27e-21	1.29e-16	1.73e-12	4.99e-09	3.11e-06	3.19e-03	1.01e-01	8.96e-01
 4.61541e+21	0.00e+00	0.00e+00	0.00e+00	0.00e+00	6.98e-37	2.33e-31	3.95e-26	3.15e-21	1.70e-16	2.15e-12	5.95e-09	3.55e-06	3.47e-03	1.05e-01	8.92e-01
 4.71709e+21	0.00e+00	0.00e+00	0.00e+00	0.00e+00	0.00e+00	0.00e+00	5.29e-26	4.05e-21	2.10e-16	2.54e-12	6.82e-09	3.93e-06	3.70e-03	1.08e-01	8.88e-01
 4.81980e+21	0.00e+00	0.00e+00	0.00e+00	0.00e+00	0.00e+00	4.49e-31	7.03e-26	5.17e-21	2.58e-16	2.99e-12	7.78e-09	4.35e-06	3.95e-03	1.11e-01	8.85e-01
 4.93498e+21	0.00e+00	0.00e+00	0.00e+00	0.00e+00	2.20e-36	6.51e-31	9.76e-26	6.87e-21	3.28e-16	3.60e-12	9.08e-09	4.87e-06	4.25e-03	1.15e-01	8.81e-01
 5.04290e+21	0.00e+00	0.00e+00	0.00e+00	0.00e+00	0.00e+00	0.00e+00	1.32e-25	8.90e-21	4.08e-16	4.28e-12	1.04e-08	5.40e-06	4.54e-03	1.19e-01	8.77e-01
 5.14279e+21	0.00e+00	0.00e+00	0.00e+00	0.00e+00	0.00e+00	1.24e-30	1.72e-25	1.12e-20	4.97e-16	4.99e-12	1.18e-08	5.94e-06	4.83e-03	1.22e-01	8.73e-01
 5.25568e+21	0.00e+00	0.00e+00	0.00e+00	0.00e+00	6.69e-36	1.76e-30	2.34e-25	1.47e-20	6.22e-16	5.95e-12	1.37e-08	6.61e-06	5.16e-03	1.26e-01	8.69e-01
 5.38231e+21	0.00e+00	0.00e+00	0.00e+00	0.00e+00	0.00e+00	0.00e+00	3.29e-25	1.97e-20	7.97e-16	7.22e-12	1.60e-08	7.44e-06	5.57e-03	1.30e-01	8.64e-01
 5.49558e+21	0.00e+00	0.00e+00	0.00e+00	0.00e+00	0.00e+00	3.63e-30	4.44e-25	2.55e-20	9.93e-16	8.58e-12	1.84e-08	8.26e-06	5.95e-03	1.34e-01	8.60e-01
 5.59279e+21	0.00e+00	0.00e+00	0.00e+00	0.00e+00	2.06e-35	4.82e-30	5.69e-25	3.16e-20	1.19e-15	9.89e-12	2.07e-08	9.02e-06	6.30e-03	1.38e-01	8.56e-01
 5.70032e+21	0.00e+00	0.00e+00	0.00e+00	0.00e+00	0.00e+00	0.00e+00	7.53e-25	4.02e-20	1.46e-15	1.16e-11	2.36e-08	9.93e-06	6.70e-03	1.42e-01	8.51e-01
 5.84011e+21	0.00e+00	0.00e+00	0.00e+00	0.00e+00	0.00e+00	9.89e-30	1.07e-24	5.46e-20	1.89e-15	1.42e-11	2.79e-08	1.12e-05	7.24e-03	1.47e-01	8.46e-01
 5.98261e+21	0.00e+00	0.00e+00	0.00e+00	0.00e+00	7.27e-35	1.49e-29	1.54e-24	7.46e-20	2.47e-15	1.75e-11	3.30e-08	1.27e-05	7.85e-03	1.52e-01	8.40e-01
 6.09632e+21	0.00e+00	0.00e+00	0.00e+00	0.00e+00	0.00e+00	0.00e+00	2.04e-24	9.52e-20	3.03e-15	2.06e-11	3.77e-08	1.41e-05	8.35e-03	1.57e-01	8.35e-01
 6.21183e+21	0.00e+00	0.00e+00	0.00e+00	0.00e+00	0.00e+00	2.81e-29	2.69e-24	1.21e-19	3.72e-15	2.41e-11	4.29e-08	1.55e-05	8.89e-03	1.61e-01	8.30e-01
 6.34147e+21	0.00e+00	0.00e+00	0.00e+00	0.00e+00	2.20e-34	4.01e-29	3.68e-24	1.59e-19	4.68e-15	2.89e-11	4.98e-08	1.73e-05	9.53e-03	1.66e-01	8.24e-01
 6.46248e+21	0.00e+00	0.00e+00	0.00e+00	0.00e+00	0.00e+00	0.00e+00	4.91e-24	2.04e-19	5.78e-15	3.41e-11	5.70e-08	1.91e-05	1.02e-02	1.71e-01	8.19e-01
 6.57397e+21	0.00e+00	0.00e+00	0.00e+00	0.00e+00	0.00e+00	7.47e-29	6.37e-24	2.56e-19	7.01e-15	3.97e-11	6.44e-08	2.10e-05	1.08e-02	1.76e-01	8.14e-01
 6.70010e+21	0.00e+00	0.00e+00	0.00e+00	0.00e+00	6.36e-34	1.04e-28	8.50e-24	3.29e-19	8.67e-15	4.68e-11	7.38e-08	2.32e-05	1.15e-02	1.81e-01	8.08e-01
 6.84197e+21	0.00e+00	0.00e+00	0.00e+00	0.00e+00	0.00e+00	0.00e+00	1.18e-23	4.35e-19	1.10e-14	5.65e-11	8.59e-08	2.60e-05	1.23e-02	1.86e-01	8.01e-01
 6.97477e+21	0.00e+00	0.00e+00	0.00e+00	0.00e+00	0.00e+00	2.10e-28	1.58e-23	5.64e-19	1.37e-14	6.71e-11	9.89e-08	2.88e-05	1.32e-02	1.92e-01	7.95e-01
 7.09745e+21	0.00e+00	0.00e+00	0.00e+00	0.00e+00	1.97e-33	2.86e-28	2.08e-23	7.13e-19	1.67e-14	7.84e-11	1.12e-07	3.17e-05	1.40e-02	1.97e-01	7.89e-01
 7.23650e+21	0.00e+00	0.00e+00	0.00e+00	0.00e+00	0.00e+00	4.01e-28	2.80e-23	9.25e-19	2.09e-14	9.33e-11	1.29e-07	3.52e-05	1.49e-02	2.03e-01	7.82e-01
 7.38879e+21	0.00e+00	0.00e+00	0.00e+00	0.00e+00	4.36e-33	5.82e-28	3.89e-23	1.23e-18	2.66e-14	1.13e-10	1.51e-07	3.94e-05	1.60e-02	2.09e-01	7.75e-01
 7.52622e+21	0.00e+00	0.00e+00	0.00e+00	1.05e-38	6.29e-33	8.08e-28	5.20e-23	1.58e-18	3.29e-14	1.33e-10	1.73e-07	4.36e-05	1.71e-02	2.15e-01	7.68e-01
 7.65027e+21	0.00e+00	0.00e+00	0.00e+00	0.00e+00	0.00e+00	1.07e-27	6.69e-23	1.97e-18	3.96e-14	1.54e-10	1.95e-07	4.76e-05	1.80e-02	2.20e-01	7.62e-01
 7.78902e+21	0.00e+00	0.00e+00	0.00e+00	0.00e+00	1.24e-32	1.49e-27	8.90e-23	2.52e-18	4.90e-14	1.82e-10	2.23e-07	5.26e-05	1.92e-02	2.26e-01	7.55e-01
 7.94414e+21	0.00e+00	0.00e+00	0.00e+00	3.38e-38	1.83e-32	2.10e-27	1.21e-22	3.29e-18	6.14e-14	2.17e-10	2.58e-07	5.84e-05	2.05e-02	2.32e-01	7.47e-01
 8.09175e+21	0.00e+00	0.00e+00	0.00e+00	0.00e+00	0.00e+00	2.94e-27	1.63e-22	4.26e-18	7.65e-14	2.59e-10	2.96e-07	6.48e-05	2.19e-02	2.38e-01	7.40e-01
 8.23059e+21	0.00e+00	0.00e+00	0.00e+00	0.00e+00	3.73e-32	3.99e-27	2.13e-22	5.38e-18	9.34e-14	3.02e-10	3.37e-07	7.11e-05	2.32e-02	2.44e-01	7.33e-01
 8.38682e+21	0.00e+00	0.00e+00	0.00e+00	1.11e-37	5.42e-32	5.58e-27	2.86e-22	6.95e-18	1.16e-13	3.59e-10	3.87e-07	7.87e-05	2.47e-02	2.51e-01	7.25e-01
 8.56038e+21	0.00e+00	0.00e+00	0.00e+00	0.00e+00	0.00e+00	8.00e-27	3.94e-22	9.17e-18	1.47e-13	4.32e-10	4.49e-07	8.78e-05	2.64e-02	2.58e-01	7.16e-01
 8.71847e+21	0.00e+00	0.00e+00	0.00e+00	0.00e+00	1.18e-31	1.12e-26	5.32e-22	1.19e-17	1.84e-13	5.14e-10	5.17e-07	9.73e-05	2.81e-02	2.64e-01	7.07e-01
 8.85835e+21	0.00e+00	0.00e+00	0.00e+00	3.71e-37	1.62e-31	1.49e-26	6.84e-22	1.48e-17	2.22e-13	5.95e-10	5.82e-07	1.06e-04	2.97e-02	2.70e-01	7.00e-01
 9.01258e+21	0.00e+00	0.00e+00	0.00e+00	0.00e+00	0.00e+00	2.01e-26	8.92e-22	1.86e-17	2.69e-13	6.94e-10	6.59e-07	1.16e-04	3.14e-02	2.76e-01	6.92e-01
 9.21309e+21	0.00e+00	0.00e+00	0.00e+00	0.00e+00	3.53e-31	3.00e-26	1.27e-21	2.54e-17	3.51e-13	8.53e-10	7.79e-07	1.31e-04	3.38e-02	2.84e-01	6.82e-01
 9.41694e+21	0.00e+00	0.00e+00	0.00e+00	1.40e-36	5.51e-31	4.48e-26	1.81e-21	3.45e-17	4.56e-13	1.05e-09	9.19e-07	1.48e-04	3.64e-02	2.93e-01	6.71e-01
 9.58120e+21	0.00e+00	0.00e+00	0.00e+00	0.00e+00	0.00e+00	6.11e-26	2.38e-21	4.38e-17	5.59e-13	1.23e-09	1.04e-06	1.62e-04	3.85e-02	2.99e-01	6.62e-01
 9.75080e+21	0.00e+00	0.00e+00	0.00e+00	0.00e+00	1.10e-30	8.34e-26	3.14e-21	5.57e-17	6.86e-13	1.44e-09	1.19e-06	1.78e-04	4.07e-02	3.06e-01	6.54e-01
 9.97128e+21	0.00e+00	0.00e+00	0.00e+00	4.86e-36	1.72e-30	1.24e-25	4.47e-21	7.58e-17	8.93e-13	1.78e-09	1.40e-06	2.00e-04	4.37e-02	3.14e-01	6.42e-01
 1.01964e+22	0.00e+00	0.00e+00	0.00e+00	0.00e+00	0.00e+00	1.87e-25	6.42e-21	1.04e-16	1.17e-12	2.19e-09	1.66e-06	2.25e-04	4.70e-02	3.22e-01	6.30e-01
 1.03729e+22	0.00e+00	0.00e+00	0.00e+00	0.00e+00	3.80e-30	2.55e-25	8.43e-21	1.32e-16	1.43e-12	2.57e-09	1.88e-06	2.47e-04	4.96e-02	3.29e-01	6.21e-01
 1.05478e+22	0.00e+00	0.00e+00	0.00e+00	1.67e-35	5.29e-30	3.43e-25	1.10e-20	1.65e-16	1.74e-12	2.99e-09	2.12e-06	2.69e-04	5.23e-02	3.35e-01	6.12e-01
 1.07751e+22	0.00e+00	0.00e+00	0.00e+00	0.00e+00	0.00e+00	5.03e-25	1.54e-20	2.23e-16	2.24e-12	3.65e-09	2.48e-06	3.00e-04	5.59e-02	3.43e-01	6.01e-01
 1.10136e+22	0.00e+00	0.00e+00	0.00e+00	0.00e+00	1.26e-29	7.51e-25	2.20e-20	3.03e-16	2.92e-12	4.48e-09	2.92e-06	3.37e-04	5.98e-02	3.51e-01	5.88e-01
 1.12144e+22	0.00e+00	0.00e+00	0.00e+00	6.40e-35	1.81e-29	1.04e-24	2.94e-20	3.90e-16	3.62e-12	5.30e-09	3.33e-06	3.70e-04	6.32e-02	3.58e-01	5.78e-01
 1.14234e+22	0.00e+00	0.00e+00	0.00e+00	0.00e+00	0.00e+00	1.45e-24	3.95e-20	5.04e-16	4.50e-12	6.28e-09	3.81e-06	4.06e-04	6.68e-02	3.65e-01	5.68e-01
 1.16950e+22	0.00e+00	0.00e+00	0.00e+00	0.00e+00	4.21e-29	2.22e-24	5.77e-20	7.01e-16	5.98e-12	7.83e-09	4.51e-06	4.57e-04	7.17e-02	3.73e-01	5.54e-01
 1.19706e+22	0.00e+00	0.00e+00	0.00e+00	2.68e-34	6.79e-29	3.42e-24	8.47e-20	9.80e-16	7.95e-12	9.78e-09	5.36e-06	5.15e-04	7.69e-02	3.82e-01	5.41e-01
 1.21788e+22	0.00e+00	0.00e+00	0.00e+00	0.00e+00	0.00e+00	4.69e-24	1.12e-19	1.25e-15	9.79e-12	1.15e-08	6.08e-06	5.62e-04	8.09e-02	3.88e-01	5.31e-01
 1.23770e+22	0.00e+00	0.00e+00	0.00e+00	0.00e+00	1.31e-28	6.18e-24	1.43e-19	1.54e-15	1.17e-11	1.32e-08	6.80e-06	6.09e-04	8.48e-02	3.94e-01	5.21e-01
 1.26348e+22	0.00e+00	0.00e+00	0.00e+00	8.85e-34	2.03e-28	9.22e-24	2.04e-19	2.11e-15	1.53e-11	1.62e-08	7.91e-06	6.75e-04	8.99e-02	4.01e-01	5.09e-01
 1.29073e+22	0.00e+00	0.00e+00	0.00e+00	0.00e+00	0.00e+00	1.38e-23	2.92e-19	2.87e-15	1.99e-11	1.99e-08	9.24e-06	7.51e-04	9.56e-02	4.08e-01	4.96e-01
 1.31392e+22	0.00e+00	0.00e+00	0.00e+00	0.00e+00	4.57e-28	1.91e-23	3.91e-19	3.71e-15	2.48e-11	2.36e-08	1.05e-05	8.20e-04	1.01e-01	4.13e-01	4.85e-01
 1.33810e+22	0.00e+00	0.00e+00	0.00e+00	3.20e-33	6.64e-28	2.68e-23	5.28e-19	4.82e-15	3.10e-11	2.80e-08	1.19e-05	8.96e-04	1.06e-01	4.19e-01	4.74e-01
 1.36953e+22	0.00e+00	0.00e+00	6.18e-38	5.40e-33	1.08e-27	4.17e-23	7.83e-19	6.79e-15	4.16e-11	3.50e-08	1.41e-05	1.00e-03	1.13e-01	4.26e-01	4.60e-01
 1.40138e+22	0.00e+00	0.00e+00	0.00e+00	0.00e+00	1.77e-27	6.51e-23	1.16e-18	9.60e-15	5.59e-11	4.39e-08	1.67e-05	1.12e-03	1.20e-01	4.33e-01	4.46e-01
 1.42651e+22	0.00e+00	0.00e+00	0.00e+00	1.38e-32	2.56e-27	9.12e-23	1.57e-18	1.25e-14	6.98e-11	5.20e-08	1.89e-05	1.22e-03	1.26e-01	4.38e-01	4.35e-01
 1.44806e+22	0.00e+00	0.00e+00	2.54e-37	1.91e-32	3.44e-27	1.19e-22	1.99e-18	1.53e-14	8.30e-11	5.96e-08	2.09e-05	1.31e-03	1.31e-01	4.42e-01	4.26e-01
 1.47225e+22	0.00e+00	0.00e+00	0.00e+00	0.00e+00	5.02e-27	1.68e-22	2.71e-18	2.00e-14	1.05e-10	7.09e-08	2.36e-05	1.42e-03	1.37e-01	4.46e-01	4.15e-01
 1.50370e+22	0.00e+00	0.00e+00	0.00e+00	4.67e-32	7.91e-27	2.54e-22	3.91e-18	2.76e-14	1.37e-10	8.71e-08	2.74e-05	1.57e-03	1.44e-01	4.51e-01	4.02e-01
 1.53637e+22	0.00e+00	0.00e+00	1.21e-36	7.86e-32	1.28e-26	3.94e-22	5.80e-18	3.90e-14	1.85e-10	1.09e-07	3.20e-05	1.74e-03	1.53e-01	4.56e-01	3.89e-01
 1.56328e+22	0.00e+00	0.00e+00	0.00e+00	0.00e+00	1.87e-26	5.55e-22	7.87e-18	5.08e-14	2.32e-10	1.29e-07	3.61e-05	1.89e-03	1.60e-01	4.60e-01	3.78e-01
 1.59090e+22	0.00e+00	0.00e+00	0.00e+00	1.80e-31	2.75e-26	7.88e-22	1.08e-17	6.68e-14	2.92e-10	1.54e-07	4.07e-05	2.05e-03	1.67e-01	4.63e-01	3.68e-01
 1.62682e+22	0.00e+00	0.00e+00	5.51e-36	3.10e-31	4.59e-26	1.25e-21	1.63e-17	9.62e-14	4.00e-10	1.94e-07	4.76e-05	2.27e-03	1.76e-01	4.67e-01	3.54e-01
 1.66393e+22	0.00e+00	0.00e+00	0.00e+00	0.00e+00	7.73e-26	2.02e-21	2.50e-17	1.40e-13	5.50e-10	2.46e-07	5.59e-05	2.52e-03	1.86e-01	4.71e-01	3.40e-01
 1.69449e+22	0.00e+00	0.00e+00	0.00e+00	8.48e-31	1.17e-25	2.93e-21	3.50e-17	1.87e-13	7.05e-10	2.96e-07	6.34e-05	2.74e-03	1.94e-01	4.74e-01	3.30e-01
 1.72608e+22	0.00e+00	0.00e+00	2.27e-35	1.09e-30	1.79e-25	4.33e-21	4.96e-17	2.54e-13	9.14e-10	3.59e-07	7.20e-05	2.98e-03	2.03e-01	4.76e-01	3.19e-01
 1.76716e+22	0.00e+00	0.00e+00	0.00e+00	0.00e+00	3.15e-25	7.27e-21	7.91e-17	3.82e-13	1.30e-09	4.63e-07	8.47e-05	3.31e-03	2.14e-01	4.78e-01	3.05e-01
 1.80890e+22	0.00e+00	0.00e+00	0.00e+00	4.50e-30	5.57e-25	1.23e-20	1.26e-16	5.77e-13	1.85e-09	6.00e-07	9.98e-05	3.69e-03	2.26e-01	4.80e-01	2.91e-01
 1.84054e+22	0.00e+00	0.00e+00	1.42e-34	5.71e-30	8.42e-25	1.79e-20	1.77e-16	7.75e-13	2.38e-09	7.22e-07	1.12e-04	3.99e-03	2.35e-01	4.80e-01	2.81e-01
 1.87072e+22	0.00e+00	0.00e+00	0.00e+00	0.00e+00	1.25e-24	2.57e-20	2.46e-16	1.03e-12	3.03e-09	8.62e-07	1.26e-04	4.28e-03	2.43e-01	4.81e-01	2.72e-01
 1.90995e+22	0.00e+00	0.00e+00	0.00e+00	1.88e-29	2.12e-24	4.17e-20	3.81e-16	1.52e-12	4.23e-09	1.09e-06	1.45e-04	4.69e-03	2.54e-01	4.81e-01	2.60e-01
 1.95149e+22	0.00e+00	0.00e+00	7.89e-34	2.72e-29	3.67e-24	6.89e-20	5.99e-16	2.26e-12	5.94e-09	1.40e-06	1.68e-04	5.16e-03	2.66e-01	4.81e-01	2.48e-01
 1.98705e+22	0.00e+00	0.00e+00	0.00e+00	0.00e+00	5.71e-24	1.04e-19	8.63e-16	3.11e-12	7.79e-09	1.71e-06	1.90e-04	5.59e-03	2.76e-01	4.80e-01	2.38e-01
 2.02428e+22	0.00e+00	0.00e+00	0.00e+00	9.11e-29	9.31e-24	1.62e-19	1.30e-15	4.45e-12	1.06e-08	2.12e-06	2.15e-04	6.05e-03	2.87e-01	4.79e-01	2.28e-01
 2.07269e+22	0.00e+00	0.00e+00	4.78e-33	1.40e-28	1.72e-23	2.86e-19	2.17e-15	6.98e-12	1.56e-08	2.80e-06	2.53e-04	6.69e-03	3.00e-01	4.77e-01	2.16e-01
 2.11811e+22	0.00e+00	7.47e-38	9.29e-33	2.55e-28	3.03e-23	4.80e-19	3.45e-15	1.05e-11	2.20e-08	3.60e-06	2.94e-04	7.36e-03	3.13e-01	4.74e-01	2.05e-01
 2.14785e+22	0.00e+00	0.00e+00	0.00e+00	0.00e+00	4.44e-23	6.84e-19	4.76e-15	1.39e-11	2.80e-08	4.27e-06	3.24e-04	7.82e-03	3.22e-01	4.72e-01	1.97e-01
 2.17471e+22	0.00e+00	0.00e+00	0.00e+00	6.57e-28	5.95e-23	8.94e-19	6.05e-15	1.72e-11	3.34e-08	4.86e-06	3.51e-04	8.22e-03	3.29e-01	4.70e-01	1.92e-01
 2.20963e+22	0.00e+00	0.00e+00	3.40e-32	8.24e-28	9.16e-23	1.33e-18	8.68e-15	2.36e-11	4.37e-08	5.88e-06	3.90e-04	8.78e-03	3.39e-01	4.68e-01	1.84e-01
 2.25503e+22	0.00e+00	5.90e-37	6.19e-32	1.42e-27	1.54e-22	2.15e-18	1.33e-14	3.43e-11	6.00e-08	7.41e-06	4.48e-04	9.57e-03	3.52e-01	4.64e-01	1.74e-01
 2.30093e+22	0.00e+00	0.00e+00	0.00e+00	2.50e-27	2.63e-22	3.51e-18	2.08e-14	5.05e-11	8.31e-08	9.39e-06	5.15e-04	1.04e-02	3.65e-01	4.59e-01	1.65e-01
 2.33625e+22	0.00e+00	0.00e+00	1.84e-31	3.78e-27	3.88e-22	5.02e-18	2.87e-14	6.68e-11	1.05e-07	1.11e-05	5.70e-04	1.11e-02	3.75e-01	4.55e-01	1.58e-01
 2.36514e+22	0.00e+00	3.01e-36	2.76e-31	5.45e-27	5.49e-22	6.92e-18	3.84e-14	8.62e-11	1.30e-07	1.30e-05	6.21e-04	1.17e-02	3.83e-01	4.52e-01	1.52e-01
 2.39693e+22	0.00e+00	0.00e+00	0.00e+00	7.78e-27	7.71e-22	9.46e-18	5.08e-14	1.10e-10	1.59e-07	1.50e-05	6.77e-04	1.23e-02	3.91e-01	4.49e-01	1.47e-01
 2.43826e+22	0.00e+00	0.00e+00	6.78e-31	1.23e-26	1.20e-21	1.42e-17	7.31e-14	1.50e-10	2.06e-07	1.82e-05	7.60e-04	1.32e-02	4.03e-01	4.44e-01	1.40e-01
 2.48143e+22	0.00e+00	1.24e-35	9.91e-31	2.01e-26	1.91e-21	2.18e-17	1.08e-13	2.10e-10	2.72e-07	2.23e-05	8.57e-04	1.42e-02	4.14e-01	4.38e-01	1.32e-01
 2.51641e+22	0.00e+00	0.00e+00	0.00e+00	2.94e-26	2.73e-21	3.03e-17	1.45e-13	2.71e-10	3.35e-07	2.61e-05	9.42e-04	1.50e-02	4.24e-01	4.34e-01	1.27e-01
 2.55133e+22	0.00e+00	0.00e+00	2.71e-30	4.26e-26	3.91e-21	4.21e-17	1.94e-13	3.49e-10	4.12e-07	3.04e-05	1.03e-03	1.59e-02	4.33e-01	4.29e-01	1.22e-01
 2.59672e+22	0.00e+00	5.60e-35	3.93e-30	6.92e-26	6.25e-21	6.50e-17	2.87e-13	4.88e-10	5.41e-07	3.71e-05	1.16e-03	1.71e-02	4.44e-01	4.23e-01	1.15e-01
 2.64372e+22	0.00e+00	0.00e+00	0.00e+00	1.14e-25	1.01e-20	1.01e-16	4.27e-13	6.86e-10	7.13e-07	4.55e-05	1.31e-03	1.83e-02	4.56e-01	4.16e-01	1.08e-01
 2.68133e+22	0.00e+00	0.00e+00	1.27e-29	1.70e-25	1.48e-20	1.43e-16	5.83e-13	8.94e-10	8.82e-07	5.34e-05	1.45e-03	1.94e-02	4.66e-01	4.10e-01	1.03e-01
 2.71211e+22	0.00e+00	2.47e-34	1.52e-29	2.32e-25	1.98e-20	1.88e-16	7.43e-13	1.10e-09	1.04e-06	6.04e-05	1.56e-03	2.03e-02	4.73e-01	4.05e-01	9.93e-02
 2.74547e+22	0.00e+00	0.00e+00	0.00e+00	3.27e-25	2.77e-20	2.56e-16	9.77e-13	1.39e-09	1.25e-06	6.93e-05	1.70e-03	2.13e-02	4.82e-01	4.00e-01	9.52e-02
 2.78883e+22	0.00e+00	0.00e+00	4.25e-29	5.02e-25	4.20e-20	3.75e-16	1.38e-12	1.85e-09	1.57e-06	8.22e-05	1.88e-03	2.27e-02	4.92e-01	3.93e-01	9.01e-02
 2.83413e+22	0.00e+00	1.11e-33	5.98e-29	7.93e-25	6.54e-20	5.64e-16	1.98e-12	2.52e-09	2.00e-06	9.85e-05	2.11e-03	2.42e-02	5.02e-01	3.86e-01	8.50e-02
 2.87102e+22	0.00e+00	0.00e+00	0.00e+00	1.15e-24	9.35e-20	7.85e-16	2.66e-12	3.23e-09	2.42e-06	1.14e-04	2.30e-03	2.54e-02	5.11e-01	3.80e-01	8.10e-02
 2.90804e+22	0.00e+00	0.00e+00	1.60e-28	1.64e-24	1.32e-19	1.08e-15	3.52e-12	4.09e-09	2.90e-06	1.30e-04	2.51e-03	2.67e-02	5.19e-01	3.74e-01	7.73e-02
 2.95616e+22	0.00e+00	4.81e-33	2.26e-28	2.61e-24	2.08e-19	1.64e-15	5.12e-12	5.58e-09	3.67e-06	1.56e-04	2.80e-03	2.85e-02	5.30e-01	3.66e-01	7.26e-02
 3.00308e+22	1.92e-41	8.54e-33	3.81e-28	4.14e-24	3.27e-19	2.49e-15	7.41e-12	7.59e-09	4.63e-06	1.86e-04	3.13e-03	3.03e-02	5.40e-01	3.58e-01	6.82e-02
 3.03669e+22	0.00e+00	0.00e+00	5.45e-28	5.69e-24	4.43e-19	3.29e-15	9.52e-12	9.35e-09	5.42e-06	2.09e-04	3.37e-03	3.16e-02	5.47e-01	3.53e-01	6.53e-02
 3.06864e+22	0.00e+00	1.84e-32	7.63e-28	7.68e-24	5.94e-19	4.32e-15	1.21e-11	1.14e-08	6.27e-06	2.34e-04	3.62e-03	3.29e-02	5.53e-01	3.48e-01	6.27e-02
 3.11017e+22	7.31e-41	2.98e-32	1.19e-27	1.14e-23	8.79e-19	6.20e-15	1.67e-11	1.48e-08	7.61e-06	2.71e-04	3.97e-03	3.47e-02	5.61e-01	3.41e-01	5.93e-02
 3.15563e+22	0.00e+00	0.00e+00	1.92e-27	1.75e-23	1.34e-18	9.17e-15	2.36e-11	1.97e-08	9.36e-06	3.17e-04	4.38e-03	3.66e-02	5.70e-01	3.33e-01	5.58e-02
 3.19582e+22	0.00e+00	8.15e-32	2.95e-27	2.57e-23	1.95e-18	1.30e-14	3.21e-11	2.54e-08	1.12e-05	3.63e-04	4.78e-03	3.84e-02	5.77e-01	3.26e-01	5.29e-02
 3.23189e+22	3.35e-40	1.24e-31	4.31e-27	3.59e-23	2.72e-18	1.76e-14	4.20e-11	3.16e-08	1.31e-05	4.09e-04	5.16e-03	4.01e-02	5.84e-01	3.20e-01	5.04e-02
 3.27298e+22	0.00e+00	0.00e+00	6.55e-27	5.22e-23	3.94e-18	2.48e-14	5.70e-11	4.05e-08	1.56e-05	4.66e-04	5.61e-03	4.20e-02	5.91e-01	3.13e-01	4.78e-02
 3.31824e+22	0.00e+00	3.28e-31	1.05e-26	7.94e-23	5.99e-18	3.65e-14	8.02e-11	5.34e-08	1.88e-05	5.39e-04	6.16e-03	4.42e-02	5.98e-01	3.06e-01	4.49e-02
 3.35860e+22	1.57e-39	5.23e-31	1.60e-26	1.16e-22	8.67e-18	5.15e-14	1.09e-10	6.82e-08	2.23e-05	6.13e-04	6.69e-03	4.63e-02	6.05e-01	2.99e-01	4.26e-02
 3.39329e+22	0.00e+00	0.00e+00	2.29e-26	1.59e-22	1.19e-17	6.89e-14	1.41e-10	8.39e-08	2.56e-05	6.82e-04	7.16e-03	4.80e-02	6.10e-01	2.93e-01	4.06e-02
 3.43093e+22	0.00e+00	1.17e-30	3.32e-26	2.22e-22	1.66e-17	9.39e-14	1.85e-10	1.04e-07	2.96e-05	7.62e-04	7.69e-03	4.99e-02	6.16e-01	2.87e-01	3.87e-02
 3.47987e+22	6.56e-39	2.00e-30	5.41e-26	3.43e-22	2.58e-17	1.41e-13	2.65e-10	1.39e-07	3.58e-05	8.79e-04	8.44e-03	5.25e-02	6.22e-01	2.80e-01	3.62e-02
 3.53024e+22	0.00e+00	0.00e+00	9.01e-26	5.40e-22	4.05e-17	2.15e-13	3.84e-10	1.87e-07	4.34e-05	1.02e-03	9.29e-03	5.53e-02	6.29e-01	2.72e-01	3.39e-02
 3.57047e+22	0.00e+00	5.37e-30	1.33e-25	7.63e-22	5.71e-17	2.96e-13	5.09e-10	2.35e-07	5.03e-05	1.14e-03	1.00e-02	5.75e-02	6.34e-01	2.65e-01	3.21e-02
 3.61076e+22	2.94e-38	8.13e-30	1.94e-25	1.07e-21	8.01e-17	4.05e-13	6.72e-10	2.92e-07	5.79e-05	1.27e-03	1.07e-02	5.97e-02	6.38e-01	2.60e-01	3.05e-02
 3.66314e+22	0.00e+00	0.00e+00	3.18e-25	1.66e-21	1.26e-16	6.15e-13	9.72e-10	3.91e-07	6.94e-05	1.46e-03	1.17e-02	6.27e-02	6.44e-01	2.52e-01	2.85e-02
 3.71859e+22	0.00e+00	2.48e-29	5.35e-25	2.64e-21	2.00e-16	9.48e-13	1.42e-09	5.30e-07	8.40e-05	1.69e-03	1.29e-02	6.59e-02	6.49e-01	2.44e-01	2.64e-02
 3.76492e+22	1.56e-37	3.90e-29	8.07e-25	3.79e-21	2.87e-16	1.33e-12	1.92e-09	6.73e-07	9.78e-05	1.90e-03	1.39e-02	6.86e-02	6.53e-01	2.37e-01	2.49e-02
 3.81204e+22	0.00e+00	0.00e+00	1.20e-24	5.42e-21	4.11e-16	1.86e-12	2.59e-09	8.52e-07	1.13e-04	2.13e-03	1.50e-02	7.14e-02	6.57e-01	2.31e-01	2.35e-02
 3.87329e+22	0.00e+00	1.07e-28	2.02e-24	8.63e-21	6.59e-16	2.89e-12	3.83e-09	1.16e-06	1.37e-04	2.46e-03	1.65e-02	7.50e-02	6.61e-01	2.23e-01	2.17e-02
 3.93415e+22	8.34e-37	1.88e-28	3.37e-24	1.35e-20	1.04e-15	4.43e-12	5.58e-09	1.57e-06	1.66e-04	2.85e-03	1.82e-02	7.89e-02	6.65e-01	2.15e-01	2.01e-02
 3.97946e+22	0.00e+00	0.00e+00	4.80e-24	1.85e-20	1.41e-15	5.91e-12	7.23e-09	1.92e-06	1.89e-04	3.15e-03	1.95e-02	8.17e-02	6.68e-01	2.09e-01	1.89e-02
 4.02333e+22	0.00e+00	3.97e-28	6.62e-24	2.46e-20	1.88e-15	7.75e-12	9.19e-09	2.33e-06	2.14e-04	3.46e-03	2.07e-02	8.43e-02	6.70e-01	2.04e-01	1.80e-02
 4.08035e+22	2.99e-36	6.28e-28	1.00e-23	3.55e-20	2.74e-15	1.10e-11	1.25e-08	2.98e-06	2.50e-04	3.90e-03	2.24e-02	8.78e-02	6.72e-01	1.97e-01	1.68e-02
 4.14158e+22	0.00e+00	1.02e-27	1.54e-23	5.20e-20	4.02e-15	1.58e-11	1.73e-08	3.85e-06	2.95e-04	4.44e-03	2.44e-02	9.17e-02	6.74e-01	1.90e-01	1.56e-02
 4.19435e+22	7.55e-36	1.50e-27	2.19e-23	7.07e-20	5.46e-15	2.10e-11	2.23e-08	4.73e-06	3.38e-04	4.93e-03	2.61e-02	9.50e-02	6.75e-01	1.84e-01	1.46e-02
 4.24901e+22	0.00e+00	2.19e-27	3.08e-23	9.53e-20	7.37e-15	2.79e-11	2.87e-08	5.79e-06	3.87e-04	5.46e-03	2.80e-02	9.83e-02	6.76e-01	1.78e-01	1.37e-02
 4.32006e+22	1.87e-35	3.53e-27	4.73e-23	1.39e-19	1.08e-14	3.99e-11	3.96e-08	7.47e-06	4.58e-04	6.23e-03	3.05e-02	1.03e-01	6.76e-01	1.71e-01	1.26e-02
 4.38652e+22	0.00e+00	5.54e-27	7.09e-23	1.98e-19	1.53e-14	5.54e-11	5.29e-08	9.45e-06	5.38e-04	7.04e-03	3.31e-02	1.07e-01	6.76e-01	1.65e-01	1.17e-02
 4.43057e+22	4.07e-35	7.35e-27	9.12e-23	2.46e-19	1.90e-14	6.78e-11	6.33e-08	1.09e-05	5.94e-04	7.60e-03	3.48e-02	1.10e-01	6.76e-01	1.60e-01	1.11e-02
 4.47142e+22	0.00e+00	9.08e-27	1.10e-22	2.90e-19	2.23e-14	7.88e-11	7.24e-08	1.22e-05	6.45e-04	8.09e-03	3.62e-02	1.12e-01	6.76e-01	1.57e-01	1.06e-02
 4.52451e+22	7.20e-35	1.26e-26	1.48e-22	3.77e-19	2.90e-14	1.01e-10	8.98e-08	1.45e-05	7.22e-04	8.83e-03	3.83e-02	1.15e-01	6.75e-01	1.52e-01	1.00e-02
 4.59354e+22	0.00e+00	1.86e-26	2.09e-22	5.09e-19	3.91e-14	1.33e-10	1.15e-07	1.77e-05	8.35e-04	9.86e-03	4.12e-02	1.19e-01	6.73e-01	1.46e-01	9.29e-03
 4.66558e+22	1.67e-34	2.78e-26	2.99e-22	6.95e-19	5.30e-14	1.77e-10	1.49e-07	2.18e-05	9.66e-04	1.10e-02	4.44e-02	1.23e-01	6.71e-01	1.41e-01	8.58e-03
 4.72510e+22	0.00e+00	3.82e-26	3.97e-22	8.87e-19	6.71e-14	2.21e-10	1.81e-07	2.55e-05	1.08e-03	1.20e-02	4.70e-02	1.27e-01	6.69e-01	1.36e-01	8.05e-03
 4.78603e+22	3.20e-34	5.17e-26	5.20e-22	1.12e-18	8.46e-14	2.74e-10	2.19e-07	2.98e-05	1.21e-03	1.31e-02	4.97e-02	1.30e-01	6.67e-01	1.31e-01	7.56e-03
 4.86523e+22	0.00e+00	7.58e-26	7.32e-22	1.51e-18	1.13e-13	3.59e-10	2.78e-07	3.62e-05	1.39e-03	1.46e-02	5.32e-02	1.34e-01	6.63e-01	1.26e-01	6.98e-03
 4.94962e+22	7.39e-34	1.14e-25	1.05e-21	2.07e-18	1.53e-13	4.76e-10	3.56e-07	4.43e-05	1.62e-03	1.63e-02	5.73e-02	1.39e-01	6.59e-01	1.20e-01	6.39e-03
 5.02204e+22	0.00e+00	1.60e-25	1.42e-21	2.69e-18	1.96e-13	6.00e-10	4.37e-07	5.23e-05	1.83e-03	1.79e-02	6.08e-02	1.43e-01	6.55e-01	1.15e-01	5.94e-03
 5.09749e+22	1.48e-33	2.21e-25	1.90e-21	3.45e-18	2.49e-13	7.51e-10	5.31e-07	6.14e-05	2.06e-03	1.97e-02	6.45e-02	1.47e-01	6.51e-01	1.11e-01	5.52e-03
 5.18017e+22	0.00e+00	3.18e-25	2.62e-21	4.56e-18	3.24e-13	9.58e-10	6.58e-07	7.32e-05	2.35e-03	2.17e-02	6.87e-02	1.51e-01	6.45e-01	1.06e-01	5.09e-03
 5.25318e+22	3.00e-33	4.34e-25	3.46e-21	5.80e-18	4.05e-13	1.18e-09	7.90e-07	8.50e-05	2.63e-03	2.36e-02	7.25e-02	1.54e-01	6.40e-01	1.02e-01	4.74e-03
 5.31912e+22	0.00e+00	5.66e-25	4.38e-21	7.11e-18	4.91e-13	1.41e-09	9.22e-07	9.65e-05	2.89e-03	2.54e-02	7.59e-02	1.57e-01	6.36e-01	9.82e-02	4.45e-03
 5.39491e+22	5.64e-33	7.59e-25	5.68e-21	8.91e-18	6.07e-13	1.71e-09	1.09e-06	1.11e-04	3.22e-03	2.75e-02	7.99e-02	1.61e-01	6.30e-01	9.44e-02	4.15e-03
 5.49343e+22	0.00e+00	1.10e-24	7.91e-21	1.19e-17	7.94e-13	2.20e-09	1.36e-06	1.33e-04	3.68e-03	3.04e-02	8.51e-02	1.65e-01	6.22e-01	8.97e-02	3.79e-03
 5.59652e+22	1.25e-32	1.63e-24	1.12e-20	1.61e-17	1.05e-12	2.84e-09	1.70e-06	1.59e-04	4.22e-03	3.37e-02	9.08e-02	1.69e-01	6.14e-01	8.48e-02	3.45e-03
 5.67574e+22	0.00e+00	2.19e-24	1.46e-20	2.01e-17	1.29e-12	3.43e-09	2.00e-06	1.82e-04	4.68e-03	3.64e-02	9.52e-02	1.72e-01	6.07e-01	8.13e-02	3.20e-03
 5.74894e+22	2.18e-32	2.78e-24	1.80e-20	2.42e-17	1.52e-12	4.00e-09	2.29e-06	2.03e-04	5.08e-03	3.87e-02	9.89e-02	1.75e-01	6.01e-01	7.85e-02	3.01e-03
 5.84409e+22	0.00e+00	3.86e-24	2.41e-20	3.12e-17	1.93e-12	4.96e-09	2.75e-06	2.37e-04	5.71e-03	4.22e-02	1.04e-01	1.78e-01	5.92e-01	7.46e-02	2.77e-03
 5.94159e+22	4.34e-32	5.38e-24	3.24e-20	4.03e-17	2.42e-12	6.12e-09	3.30e-06	2.75e-04	6.39e-03	4.59e-02	1.10e-01	1.81e-01	5.83e-01	7.09e-02	2.54e-03
 6.02184e+22	0.00e+00	6.93e-24	4.06e-20	4.89e-17	2.88e-12	7.17e-09	3.78e-06	3.08e-04	6.96e-03	4.89e-02	1.14e-01	1.84e-01	5.76e-01	6.81e-02	2.37e-03
 6.10585e+22	7.41e-32	9.00e-24	5.12e-20	5.98e-17	3.46e-12	8.49e-09	4.37e-06	3.46e-04	7.63e-03	5.24e-02	1.19e-01	1.86e-01	5.67e-01	6.52e-02	2.21e-03
 6.21505e+22	0.00e+00	1.25e-23	6.84e-20	7.70e-17	4.35e-12	1.04e-08	5.22e-06	4.00e-04	8.52e-03	5.68e-02	1.25e-01	1.89e-01	5.57e-01	6.18e-02	2.02e-03
 6.32684e+22	1.49e-31	1.76e-23	9.31e-20	1.00e-16	5.50e-12	1.29e-08	6.27e-06	4.65e-04	9.55e-03	6.17e-02	1.31e-01	1.92e-01	5.46e-01	5.83e-02	1.84e-03
 6.41129e+22	0.00e+00	2.26e-23	1.16e-19	1.21e-16	6.51e-12	1.51e-08	7.14e-06	5.18e-04	1.04e-02	6.55e-02	1.35e-01	1.94e-01	5.37e-01	5.58e-02	1.71e-03
 6.49039e+22	2.41e-31	2.79e-23	1.40e-19	1.43e-16	7.55e-12	1.72e-08	8.01e-06	5.69e-04	1.11e-02	6.90e-02	1.39e-01	1.95e-01	5.29e-01	5.37e-02	1.61e-03
 6.59323e+22	0.00e+00	3.69e-23	1.80e-19	1.78e-16	9.15e-12	2.05e-08	9.29e-06	6.43e-04	1.22e-02	7.38e-02	1.45e-01	1.97e-01	5.19e-01	5.10e-02	1.48e-03
 6.69765e+22	4.36e-31	4.93e-23	2.33e-19	2.22e-16	1.11e-11	2.45e-08	1.08e-05	7.27e-04	1.34e-02	7.87e-02	1.50e-01	1.99e-01	5.08e-01	4.85e-02	1.37e-03
 6.78459e+22	0.00e+00	6.17e-23	2.85e-19	2.64e-16	1.30e-11	2.81e-08	1.21e-05	7.99e-04	1.44e-02	8.30e-02	1.55e-01	2.00e-01	5.00e-01	4.64e-02	1.28e-03
 6.87808e+22	6.99e-31	7.75e-23	3.48e-19	3.15e-16	1.52e-11	3.24e-08	1.37e-05	8.82e-04	1.55e-02	8.75e-02	1.59e-01	2.01e-01	4.90e-01	4.44e-02	1.19e-03
 6.99961e+22	0.00e+00	1.04e-22	4.53e-19	3.97e-16	1.86e-11	3.89e-08	1.59e-05	1.00e-03	1.70e-02	9.36e-02	1.65e-01	2.02e-01	4.78e-01	4.19e-02	1.09e-03
 7.11973e+22	1.31e-30	1.41e-22	5.93e-19	5.00e-16	2.27e-11	4.65e-08	1.86e-05	1.13e-03	1.87e-02	9.99e-02	1.71e-01	2.03e-01	4.66e-01	3.94e-02	9.89e-04
 7.21756e+22	0.00e+00	1.76e-22	7.23e-19	5.94e-16	2.64e-11	5.32e-08	2.08e-05	1.24e-03	2.01e-02	1.05e-01	1.75e-01	2.04e-01	4.56e-01	3.76e-02	9.20e-04
 7.32430e+22	2.11e-30	2.22e-22	8.90e-19	7.12e-16	3.09e-11	6.14e-08	2.34e-05	1.37e-03	2.16e-02	1.11e-01	1.80e-01	2.04e-01	4.46e-01	3.58e-02	8.53e-04
 7.43888e+22	0.00e+00	2.88e-22	1.13e-18	8.73e-16	3.69e-11	7.19e-08	2.68e-05	1.53e-03	2.34e-02	1.17e-01	1.85e-01	2.04e-01	4.34e-01	3.39e-02	7.85e-04
 7.54060e+22	3.50e-30	3.59e-22	1.37e-18	1.03e-15	4.27e-11	8.19e-08	2.99e-05	1.67e-03	2.50e-02	1.22e-01	1.89e-01	2.04e-01	4.25e-01	3.23e-02	7.29e-04
 7.64976e+22	0.00e+00	4.49e-22	1.67e-18	1.23e-15	4.98e-11	9.40e-08	3.35e-05	1.84e-03	2.68e-02	1.28e-01	1.94e-01	2.04e-01	4.14e-01	3.07e-02	6.76e-04
 7.76988e+22	5.78e-30	5.77e-22	2.09e-18	1.49e-15	5.89e-11	1.09e-07	3.80e-05	2.03e-03	2.89e-02	1.35e-01	1.98e-01	2.04e-01	4.02e-01	2.90e-02	6.21e-04
 7.88289e+22	0.00e+00	7.20e-22	2.54e-18	1.77e-15	6.82e-11	1.24e-07	4.24e-05	2.22e-03	3.10e-02	1.41e-01	2.03e-01	2.03e-01	3.92e-01	2.75e-02	5.73e-04
 8.00848e+22	9.36e-30	9.09e-22	3.13e-18	2.13e-15	8.00e-11	1.43e-07	4.77e-05	2.45e-03	3.32e-02	1.48e-01	2.07e-01	2.03e-01	3.80e-01	2.60e-02	5.28e-04
 8.14486e+22	0.00e+00	1.19e-21	3.98e-18	2.62e-15	9.57e-11	1.68e-07	5.46e-05	2.73e-03	3.60e-02	1.56e-01	2.12e-01	2.01e-01	3.68e-01	2.44e-02	4.80e-04
 8.26951e+22	1.60e-29	1.49e-21	4.88e-18	3.13e-15	1.11e-10	1.92e-07	6.09e-05	2.99e-03	3.85e-02	1.63e-01	2.15e-01	2.00e-01	3.57e-01	2.30e-02	4.41e-04
 8.40581e+22	0.00e+00	1.89e-21	6.01e-18	3.75e-15	1.30e-10	2.21e-07	6.86e-05	3.30e-03	4.13e-02	1.70e-01	2.19e-01	1.99e-01	3.45e-01	2.16e-02	4.04e-04
 8.55668e+22	2.73e-29	2.47e-21	7.65e-18	4.62e-15	1.56e-10	2.59e-07	7.83e-05	3.68e-03	4.47e-02	1.79e-01	2.24e-01	1.97e-01	3.32e-01	2.01e-02	3.65e-04
 8.69989e+22	0.00e+00	3.14e-21	9.48e-18	5.56e-15	1.83e-10	2.99e-07	8.81e-05	4.04e-03	4.78e-02	1.87e-01	2.27e-01	1.95e-01	3.20e-01	1.89e-02	3.33e-04
 8.85944e+22	4.58e-29	4.06e-21	1.19e-17	6.81e-15	2.18e-10	3.49e-07	1.00e-04	4.49e-03	5.16e-02	1.95e-01	2.31e-01	1.93e-01	3.07e-01	1.76e-02	3.01e-04
 9.03271e+22	0.00e+00	5.38e-21	1.53e-17	8.45e-15	2.62e-10	4.10e-07	1.15e-04	5.03e-03	5.58e-02	2.05e-01	2.35e-01	1.90e-01	2.93e-01	1.63e-02	2.69e-04
 9.19879e+22	8.04e-29	6.94e-21	1.92e-17	1.03e-14	3.09e-10	4.76e-07	1.30e-04	5.56e-03	6.00e-02	2.14e-01	2.38e-01	1.87e-01	2.81e-01	1.51e-02	2.42e-04
 9.38964e+22	0.00e+00	9.17e-21	2.46e-17	1.28e-14	3.73e-10	5.61e-07	1.49e-04	6.23e-03	6.49e-02	2.24e-01	2.41e-01	1.84e-01	2.67e-01	1.39e-02	2.15e-04
 9.59540e+22	1.48e-28	1.24e-20	3.22e-17	1.61e-14	4.52e-10	6.66e-07	1.72e-04	7.00e-03	7.04e-02	2.35e-01	2.43e-01	1.80e-01	2.52e-01	1.26e-02	1.89e-04
 9.77633e+22	0.00e+00	1.60e-20	4.05e-17	1.96e-14	5.34e-10	7.70e-07	1.94e-04	7.72e-03	7.53e-02	2.44e-01	2.45e-01	1.76e-01	2.40e-01	1.16e-02	1.69e-04
 9.96733e+22	2.46e-28	2.04e-20	5.01e-17	2.35e-14	6.26e-10	8.86e-07	2.19e-04	8.49e-03	8.05e-02	2.53e-01	2.47e-01	1.72e-01	2.28e-01	1.07e-02	1.51e-04
 1.02156e+23	0.00e+00	2.77e-20	6.57e-17	2.98e-14	7.64e-10	1.05e-06	2.53e-04	9.56e-03	8.72e-02	2.64e-01	2.48e-01	1.67e-01	2.14e-01	9.67e-03	1.31e-04
 1.04671e+23	4.76e-28	3.86e-20	8.83e-17	3.83e-14	9.39e-10	1.26e-06	2.94e-04	1.08e-02	9.48e-02	2.76e-01	2.49e-01	1.62e-01	1.98e-01	8.61e-03	1.12e-04
 1.06630e+23	6.15e-28	4.94e-20	1.10e-16	4.60e-14	1.09e-09	1.45e-06	3.29e-04	1.19e-02	1.01e-01	2.85e-01	2.49e-01	1.57e-01	1.87e-01	7.86e-03	9.91e-05
 1.08578e+23	7.57e-28	6.08e-20	1.31e-16	5.38e-14	1.25e-09	1.63e-06	3.63e-04	1.29e-02	1.06e-01	2.93e-01	2.49e-01	1.53e-01	1.78e-01	7.25e-03	8.89e-05
 1.11111e+23	9.91e-28	7.97e-20	1.67e-16	6.61e-14	1.48e-09	1.89e-06	4.12e-04	1.43e-02	1.14e-01	3.03e-01	2.48e-01	1.48e-01	1.66e-01	6.53e-03	7.72e-05
 1.14403e+23	1.37e-27	1.10e-19	2.22e-16	8.42e-14	1.81e-09	2.25e-06	4.78e-04	1.61e-02	1.23e-01	3.14e-01	2.47e-01	1.42e-01	1.52e-01	5.72e-03	6.48e-05
 1.17809e+23	1.98e-27	1.59e-19	3.07e-16	1.11e-13	2.26e-09	2.74e-06	5.63e-04	1.84e-02	1.34e-01	3.26e-01	2.44e-01	1.34e-01	1.37e-01	4.92e-03	5.31e-05
 1.20439e+23	2.54e-27	2.04e-19	3.82e-16	1.33e-13	2.63e-09	3.12e-06	6.29e-04	2.01e-02	1.42e-01	3.34e-01	2.42e-01	1.29e-01	1.28e-01	4.43e-03	4.62e-05
 1.22931e+23	3.18e-27	2.57e-19	4.67e-16	1.58e-13	3.03e-09	3.53e-06	6.98e-04	2.19e-02	1.49e-01	3.42e-01	2.39e-01	1.24e-01	1.19e-01	3.99e-03	4.03e-05
 1.26172e+23	4.14e-27	3.38e-19	5.93e-16	1.94e-13	3.57e-09	4.09e-06	7.89e-04	2.42e-02	1.59e-01	3.50e-01	2.36e-01	1.18e-01	1.09e-01	3.51e-03	3.41e-05
 1.30384e+23	5.66e-27	4.71e-19	7.92e-16	2.47e-13	4.34e-09	4.86e-06	9.15e-04	2.73e-02	1.71e-01	3.59e-01	2.30e-01	1.11e-01	9.76e-02	3.00e-03	2.78e-05
 1.34770e+23	8.18e-27	6.89e-19	1.10e-15	3.26e-13	5.41e-09	5.89e-06	1.08e-03	3.11e-02	1.84e-01	3.68e-01	2.24e-01	1.03e-01	8.60e-02	2.50e-03	2.20e-05
 1.38164e+23	1.08e-26	9.13e-19	1.41e-15	4.01e-13	6.38e-09	6.80e-06	1.21e-03	3.42e-02	1.95e-01	3.74e-01	2.18e-01	9.74e-02	7.80e-02	2.18e-03	1.84e-05
 1.40776e+23	1.29e-26	1.10e-18	1.66e-15	4.61e-13	7.16e-09	7.50e-06	1.32e-03	3.65e-02	2.02e-01	3.78e-01	2.14e-01	9.34e-02	7.29e-02	1.98e-03	1.63e-05
 1.43589e+23	1.51e-26	1.32e-18	1.95e-15	5.28e-13	7.97e-09	8.25e-06	1.43e-03	3.90e-02	2.09e-01	3.81e-01	2.10e-01	8.94e-02	6.78e-02	1.79e-03	1.43e-05
 1.47245e+23	1.85e-26	1.67e-18	2.38e-15	6.23e-13	9.10e-09	9.28e-06	1.58e-03	4.23e-02	2.19e-01	3.85e-01	2.04e-01	8.46e-02	6.20e-02	1.58e-03	1.22e-05
 1.51998e+23	2.35e-26	2.19e-18	3.03e-15	7.62e-13	1.07e-08	1.07e-05	1.78e-03	4.66e-02	2.30e-01	3.88e-01	1.97e-01	7.90e-02	5.54e-02	1.35e-03	1.00e-05
 1.57106e+23	3.19e-26	3.08e-18	4.06e-15	9.76e-13	1.29e-08	1.26e-05	2.05e-03	5.21e-02	2.44e-01	3.91e-01	1.89e-01	7.26e-02	4.85e-02	1.13e-03	7.94e-06
 1.61237e+23	4.08e-26	4.02e-18	5.13e-15	1.19e-12	1.51e-08	1.44e-05	2.28e-03	5.67e-02	2.55e-01	3.92e-01	1.82e-01	6.77e-02	4.35e-02	9.72e-04	6.59e-06
 1.64559e+23	4.72e-26	4.75e-18	5.93e-15	1.34e-12	1.67e-08	1.57e-05	2.45e-03	6.00e-02	2.62e-01	3.93e-01	1.77e-01	6.45e-02	4.04e-02	8.80e-04	5.82e-06
 1.68266e+23	5.45e-26	5.71e-18	6.96e-15	1.54e-12	1.85e-08	1.72e-05	2.66e-03	6.40e-02	2.70e-01	3.93e-01	1.71e-01	6.11e-02	3.71e-02	7.84e-04	5.03e-06
 1.73087e+23	6.40e-26	7.08e-18	8.39e-15	1.80e-12	2.10e-08	1.92e-05	2.92e-03	6.89e-02	2.80e-01	3.92e-01	1.65e-01	5.73e-02	3.36e-02	6.86e-04	4.25e-06
 1.79353e+23	7.71e-26	9.12e-18	1.05e-14	2.17e-12	2.43e-08	2.19e-05	3.25e-03	7.51e-02	2.91e-01	3.90e-01	1.57e-01	5.29e-02	2.98e-02	5.84e-04	3.49e-06
 1.86614e+23	9.84e-26	1.25e-17	1.38e-14	2.74e-12	2.92e-08	2.55e-05	3.70e-03	8.31e-02	3.04e-01	3.87e-01	1.48e-01	4.80e-02	2.57e-02	4.80e-04	2.73e-06
 1.93372e+23	1.25e-25	1.69e-17	1.79e-14	3.41e-12	3.46e-08	2.96e-05	4.17e-03	9.11e-02	3.17e-01	3.83e-01	1.39e-01	4.36e-02	2.23e-02	3.99e-04	2.17e-06
 1.99029e+23	1.50e-25	2.12e-17	2.18e-14	4.04e-12	3.96e-08	3.32e-05	4.58e-03	9.77e-02	3.26e-01	3.79e-01	1.32e-01	4.03e-02	2.00e-02	3.44e-04	1.81e-06
 2.05055e+23	1.67e-25	2.51e-17	2.53e-14	4.59e-12	4.39e-08	3.63e-05	4.95e-03	1.04e-01	3.34e-01	3.75e-01	1.27e-01	3.78e-02	1.82e-02	3.04e-04	1.56e-06
 2.12692e+23	1.88e-25	3.06e-17	3.02e-14	5.33e-12	4.94e-08	4.02e-05	5.39e-03	1.11e-01	3.42e-01	3.70e-01	1.20e-01	3.51e-02	1.63e-02	2.64e-04	1.31e-06
 2.21323e+23	2.20e-25	3.88e-17	3.71e-14	6.37e-12	5.67e-08	4.53e-05	5.95e-03	1.19e-01	3.52e-01	3.63e-01	1.13e-01	3.20e-02	1.43e-02	2.24e-04	1.07e-06
 2.29711e+23	2.59e-25	4.92e-17	4.58e-14	7.62e-12	6.53e-08	5.11e-05	6.55e-03	1.28e-01	3.61e-01	3.56e-01	1.06e-01	2.93e-02	1.26e-02	1.90e-04	8.76e-07
 2.37288e+23	2.96e-25	5.95e-17	5.42e-14	8.80e-12	7.33e-08	5.64e-05	7.09e-03	1.36e-01	3.68e-01	3.50e-01	1.01e-01	2.71e-02	1.13e-02	1.65e-04	0.00e+00
 2.44107e+23	3.23e-25	6.82e-17	6.11e-14	9.75e-12	7.97e-08	6.06e-05	7.51e-03	1.42e-01	3.73e-01	3.45e-01	9.67e-02	2.55e-02	1.04e-02	1.49e-04	0.00e+00
 2.50245e+23	3.48e-25	7.71e-17	6.80e-14	1.07e-11	8.59e-08	6.47e-05	7.92e-03	1.47e-01	3.77e-01	3.40e-01	9.31e-02	2.42e-02	9.64e-03	1.36e-04	0.00e+00
 2.55768e+23	3.70e-25	8.55e-17	7.46e-14	1.16e-11	9.15e-08	6.83e-05	8.28e-03	1.52e-01	3.81e-01	3.36e-01	9.01e-02	2.31e-02	9.04e-03	1.26e-04	0.00e+00
 2.60740e+23	3.95e-25	9.45e-17	8.15e-14	1.25e-11	9.73e-08	7.20e-05	8.63e-03	1.57e-01	3.84e-01	3.32e-01	8.73e-02	2.21e-02	8.50e-03	1.16e-04	0.00e+00
 2.65214e+23	4.15e-25	1.03e-16	8.76e-14	1.33e-11	1.02e-07	7.52e-05	8.94e-03	1.61e-01	3.87e-01	3.29e-01	8.49e-02	2.13e-02	8.07e-03	1.09e-04	0.00e+00
 2.69241e+23	4.27e-25	1.09e-16	9.24e-14	1.39e-11	1.06e-07	7.77e-05	9.18e-03	1.64e-01	3.89e-01	3.26e-01	8.32e-02	2.06e-02	7.75e-03	1.04e-04	0.00e+00
 2.72865e+23	4.41e-25	1.15e-16	9.68e-14	1.45e-11	1.10e-07	7.99e-05	9.40e-03	1.67e-01	3.91e-01	3.23e-01	8.16e-02	2.01e-02	7.48e-03	9.94e-05	0.00e+00
 2.76126e+23	4.53e-25	1.20e-16	1.01e-13	1.50e-11	1.13e-07	8.20e-05	9.60e-03	1.70e-01	3.92e-01	3.21e-01	8.02e-02	1.96e-02	7.24e-03	9.56e-05	0.00e+00
 2.79199e+23	4.58e-25	1.24e-16	1.04e-13	1.54e-11	1.15e-07	8.35e-05	9.75e-03	1.72e-01	3.94e-01	3.19e-01	7.92e-02	1.92e-02	7.06e-03	9.28e-05	0.00e+00
 2.82254e+23	4.59e-25	1.27e-16	1.06e-13	1.57e-11	1.17e-07	8.48e-05	9.87e-03	1.73e-01	3.95e-01	3.18e-01	7.83e-02	1.89e-02	6.91e-03	9.06e-05	0.00e+00
 2.85309e+23	4.66e-25	1.31e-16	1.09e-13	1.61e-11	1.20e-07	8.64e-05	1.00e-02	1.75e-01	3.96e-01	3.16e-01	7.72e-02	1.86e-02	6.74e-03	8.79e-05	0.00e+00
 2.88363e+23	4.74e-25	1.34e-16	1.11e-13	1.64e-11	1.21e-07	8.76e-05	1.02e-02	1.77e-01	3.97e-01	3.14e-01	7.64e-02	1.83e-02	6.60e-03	8.59e-05	0.00e+00
