#depth	Cl	Cl+	Cl+2	Cl+3	Cl+4	Cl+5	Cl+6	Cl+7	Cl+8	Cl+9	Cl+10	Cl+11	Cl+12	Cl+13	Cl+14	Cl+15	Cl+16	Cl+17
 1.54284e+19	0.00e+00	0.00e+00	0.00e+00	0.00e+00	0.00e+00	0.00e+00	0.00e+00	8.27e-34	5.09e-28	2.22e-23	1.44e-19	4.17e-16	6.27e-13	6.76e-10	5.68e-07	8.80e-04	5.27e-02	9.46e-01
 9.25702e+19	0.00e+00	0.00e+00	0.00e+00	0.00e+00	0.00e+00	0.00e+00	0.00e+00	0.00e+00	7.80e-28	3.23e-23	2.00e-19	5.51e-16	7.94e-13	8.20e-10	6.56e-07	9.68e-04	5.52e-02	9.44e-01
 2.19083e+20	0.00e+00	0.00e+00	0.00e+00	0.00e+00	0.00e+00	0.00e+00	0.00e+00	3.14e-33	1.64e-27	6.19e-23	3.53e-19	8.98e-16	1.20e-12	1.14e-09	8.39e-07	1.14e-03	5.96e-02	9.39e-01
 3.51273e+20	0.00e+00	0.00e+00	0.00e+00	0.00e+00	0.00e+00	0.00e+00	0.00e+00	0.00e+00	3.45e-27	1.19e-22	6.24e-19	1.46e-15	1.79e-12	1.57e-09	1.07e-06	1.33e-03	6.43e-02	9.34e-01
 4.65778e+20	0.00e+00	0.00e+00	0.00e+00	0.00e+00	0.00e+00	0.00e+00	0.00e+00	1.53e-32	6.60e-27	2.11e-22	1.03e-18	2.23e-15	2.55e-12	2.08e-09	1.31e-06	1.52e-03	6.87e-02	9.30e-01
 5.52029e+20	0.00e+00	0.00e+00	0.00e+00	0.00e+00	0.00e+00	0.00e+00	0.00e+00	0.00e+00	1.05e-26	3.19e-22	1.47e-18	3.02e-15	3.28e-12	2.54e-09	1.52e-06	1.68e-03	7.20e-02	9.26e-01
 6.42047e+20	0.00e+00	0.00e+00	0.00e+00	0.00e+00	0.00e+00	0.00e+00	0.00e+00	4.39e-32	1.66e-26	4.75e-22	2.09e-18	4.08e-15	4.21e-12	3.10e-09	1.77e-06	1.85e-03	7.55e-02	9.23e-01
 7.42949e+20	0.00e+00	0.00e+00	0.00e+00	0.00e+00	0.00e+00	0.00e+00	0.00e+00	0.00e+00	2.78e-26	7.49e-22	3.11e-18	5.72e-15	5.60e-12	3.88e-09	2.10e-06	2.07e-03	7.95e-02	9.18e-01
 8.36894e+20	0.00e+00	0.00e+00	0.00e+00	0.00e+00	0.00e+00	0.00e+00	0.00e+00	1.36e-31	4.47e-26	1.14e-21	4.49e-18	7.81e-15	7.25e-12	4.77e-09	2.44e-06	2.28e-03	8.34e-02	9.14e-01
 9.24166e+20	0.00e+00	0.00e+00	0.00e+00	0.00e+00	0.00e+00	0.00e+00	0.00e+00	0.00e+00	6.88e-26	1.67e-21	6.26e-18	1.04e-14	9.17e-12	5.74e-09	2.81e-06	2.50e-03	8.70e-02	9.10e-01
 1.02387e+21	0.00e+00	0.00e+00	0.00e+00	0.00e+00	0.00e+00	0.00e+00	0.00e+00	3.86e-31	1.11e-25	2.55e-21	9.04e-18	1.42e-14	1.19e-11	7.07e-09	3.28e-06	2.77e-03	9.13e-02	9.06e-01
 1.13572e+21	0.00e+00	0.00e+00	0.00e+00	0.00e+00	0.00e+00	0.00e+00	0.00e+00	0.00e+00	1.87e-25	4.05e-21	1.35e-17	2.00e-14	1.59e-11	8.89e-09	3.89e-06	3.09e-03	9.62e-02	9.01e-01
 1.23792e+21	0.00e+00	0.00e+00	0.00e+00	0.00e+00	0.00e+00	0.00e+00	0.00e+00	1.21e-30	3.00e-25	6.17e-21	1.95e-17	2.73e-14	2.06e-11	1.09e-08	4.53e-06	3.41e-03	1.01e-01	8.96e-01
 1.32956e+21	0.00e+00	0.00e+00	0.00e+00	0.00e+00	0.00e+00	0.00e+00	1.72e-36	1.98e-30	4.61e-25	9.02e-21	2.72e-17	3.61e-14	2.59e-11	1.31e-08	5.18e-06	3.71e-03	1.05e-01	8.91e-01
 1.43289e+21	0.00e+00	0.00e+00	0.00e+00	0.00e+00	0.00e+00	0.00e+00	0.00e+00	0.00e+00	7.28e-25	1.35e-20	3.87e-17	4.88e-14	3.34e-11	1.60e-08	6.02e-06	4.09e-03	1.10e-01	8.86e-01
 1.54968e+21	0.00e+00	0.00e+00	0.00e+00	0.00e+00	0.00e+00	0.00e+00	0.00e+00	5.99e-30	1.21e-24	2.13e-20	5.73e-17	6.82e-14	4.42e-11	2.00e-08	7.10e-06	4.55e-03	1.15e-01	8.80e-01
 1.66099e+21	0.00e+00	0.00e+00	0.00e+00	0.00e+00	0.00e+00	0.00e+00	1.05e-35	1.02e-29	1.91e-24	3.20e-20	8.21e-17	9.28e-14	5.71e-11	2.45e-08	8.27e-06	5.02e-03	1.21e-01	8.74e-01
 1.76215e+21	0.00e+00	0.00e+00	0.00e+00	0.00e+00	0.00e+00	0.00e+00	0.00e+00	0.00e+00	2.91e-24	4.65e-20	1.14e-16	1.22e-13	7.19e-11	2.94e-08	9.47e-06	5.48e-03	1.26e-01	8.69e-01
 1.87311e+21	0.00e+00	0.00e+00	0.00e+00	0.00e+00	0.00e+00	0.00e+00	0.00e+00	2.77e-29	4.56e-24	6.96e-20	1.62e-16	1.65e-13	9.24e-11	3.59e-08	1.10e-05	6.03e-03	1.31e-01	8.63e-01
 1.98758e+21	0.00e+00	0.00e+00	0.00e+00	0.00e+00	0.00e+00	0.00e+00	5.75e-35	4.69e-29	7.21e-24	1.05e-19	2.31e-16	2.24e-13	1.19e-10	4.38e-08	1.28e-05	6.63e-03	1.37e-01	8.56e-01
 2.08177e+21	0.00e+00	0.00e+00	0.00e+00	0.00e+00	0.00e+00	0.00e+00	0.00e+00	0.00e+00	1.05e-23	1.47e-19	3.09e-16	2.87e-13	1.47e-10	5.16e-08	1.44e-05	7.16e-03	1.42e-01	8.51e-01
 2.17941e+21	0.00e+00	0.00e+00	0.00e+00	0.00e+00	0.00e+00	0.00e+00	0.00e+00	1.11e-28	1.53e-23	2.05e-19	4.15e-16	3.69e-13	1.80e-10	6.08e-08	1.63e-05	7.74e-03	1.47e-01	8.45e-01
 2.30633e+21	0.00e+00	0.00e+00	0.00e+00	0.00e+00	0.00e+00	0.00e+00	2.78e-34	1.95e-28	2.48e-23	3.17e-19	6.06e-16	5.10e-13	2.37e-10	7.54e-08	1.91e-05	8.56e-03	1.54e-01	8.37e-01
 2.43496e+21	0.00e+00	0.00e+00	0.00e+00	0.00e+00	0.00e+00	0.00e+00	0.00e+00	0.00e+00	4.01e-23	4.88e-19	8.83e-16	7.03e-13	3.10e-10	9.32e-08	2.23e-05	9.45e-03	1.61e-01	8.29e-01
 2.53407e+21	0.00e+00	0.00e+00	0.00e+00	0.00e+00	0.00e+00	0.00e+00	0.00e+00	5.08e-28	5.71e-23	6.70e-19	1.17e-15	8.92e-13	3.77e-10	1.09e-07	2.51e-05	1.02e-02	1.67e-01	8.23e-01
 2.63118e+21	0.00e+00	0.00e+00	0.00e+00	0.00e+00	0.00e+00	0.00e+00	1.28e-33	7.57e-28	8.07e-23	9.14e-19	1.53e-15	1.12e-12	4.58e-10	1.27e-07	2.81e-05	1.10e-02	1.72e-01	8.17e-01
 2.75741e+21	0.00e+00	0.00e+00	0.00e+00	0.00e+00	0.00e+00	0.00e+00	0.00e+00	0.00e+00	1.27e-22	1.37e-18	2.18e-15	1.52e-12	5.90e-10	1.55e-07	3.26e-05	1.20e-02	1.79e-01	8.09e-01
 2.88739e+21	0.00e+00	0.00e+00	0.00e+00	0.00e+00	0.00e+00	0.00e+00	0.00e+00	2.14e-27	1.99e-22	2.06e-18	3.11e-15	2.06e-12	7.62e-10	1.89e-07	3.78e-05	1.32e-02	1.87e-01	8.00e-01
 2.99357e+21	0.00e+00	0.00e+00	0.00e+00	0.00e+00	0.00e+00	0.00e+00	6.37e-33	3.22e-27	2.83e-22	2.84e-18	4.12e-15	2.62e-12	9.31e-10	2.22e-07	4.25e-05	1.42e-02	1.93e-01	7.93e-01
 3.08219e+21	0.00e+00	0.00e+00	0.00e+00	0.00e+00	0.00e+00	0.00e+00	0.00e+00	0.00e+00	3.84e-22	3.74e-18	5.23e-15	3.22e-12	1.10e-09	2.53e-07	4.68e-05	1.51e-02	1.98e-01	7.87e-01
 3.17664e+21	0.00e+00	0.00e+00	0.00e+00	0.00e+00	0.00e+00	0.00e+00	0.00e+00	6.49e-27	5.21e-22	4.92e-18	6.67e-15	3.96e-12	1.31e-09	2.91e-07	5.20e-05	1.61e-02	2.04e-01	7.80e-01
 3.29943e+21	0.00e+00	0.00e+00	0.00e+00	0.00e+00	0.00e+00	0.00e+00	2.31e-32	1.03e-26	7.78e-22	7.07e-18	9.16e-15	5.20e-12	1.65e-09	3.48e-07	5.93e-05	1.75e-02	2.11e-01	7.71e-01
 3.42389e+21	0.00e+00	0.00e+00	0.00e+00	0.00e+00	0.00e+00	0.00e+00	0.00e+00	0.00e+00	1.16e-21	1.01e-17	1.26e-14	6.82e-12	2.07e-09	4.16e-07	6.77e-05	1.90e-02	2.19e-01	7.62e-01
 3.52250e+21	0.00e+00	0.00e+00	0.00e+00	0.00e+00	0.00e+00	0.00e+00	0.00e+00	2.31e-26	1.57e-21	1.34e-17	1.60e-14	8.41e-12	2.47e-09	4.77e-07	7.49e-05	2.03e-02	2.25e-01	7.55e-01
 3.62268e+21	0.00e+00	0.00e+00	0.00e+00	0.00e+00	0.00e+00	0.00e+00	8.50e-32	3.30e-26	2.13e-21	1.77e-17	2.05e-14	1.04e-11	2.94e-09	5.48e-07	8.30e-05	2.16e-02	2.31e-01	7.47e-01
 3.73569e+21	0.00e+00	0.00e+00	0.00e+00	0.00e+00	0.00e+00	0.00e+00	0.00e+00	0.00e+00	3.04e-21	2.43e-17	2.71e-14	1.32e-11	3.60e-09	6.41e-07	9.32e-05	2.32e-02	2.38e-01	7.39e-01
 3.84133e+21	0.00e+00	0.00e+00	0.00e+00	0.00e+00	0.00e+00	0.00e+00	0.00e+00	7.07e-26	4.14e-21	3.23e-17	3.47e-14	1.63e-11	4.31e-09	7.39e-07	1.03e-04	2.48e-02	2.44e-01	7.31e-01
 3.93823e+21	0.00e+00	0.00e+00	0.00e+00	0.00e+00	0.00e+00	0.00e+00	2.89e-31	9.91e-26	5.55e-21	4.21e-17	4.38e-14	1.99e-11	5.09e-09	8.41e-07	1.14e-04	2.62e-02	2.50e-01	7.23e-01
 4.04785e+21	0.00e+00	0.00e+00	0.00e+00	0.00e+00	0.00e+00	0.00e+00	0.00e+00	1.43e-25	7.63e-21	5.63e-17	5.65e-14	2.48e-11	6.11e-09	9.71e-07	1.27e-04	2.80e-02	2.57e-01	7.15e-01
 4.16237e+21	0.00e+00	0.00e+00	0.00e+00	0.00e+00	0.00e+00	0.00e+00	6.58e-31	2.09e-25	1.06e-20	7.60e-17	7.37e-14	3.12e-11	7.40e-09	1.13e-06	1.41e-04	3.00e-02	2.64e-01	7.06e-01
 4.25797e+21	0.00e+00	0.00e+00	0.00e+00	0.00e+00	0.00e+00	3.51e-36	9.32e-31	2.84e-25	1.39e-20	9.70e-17	9.14e-14	3.76e-11	8.65e-09	1.27e-06	1.55e-04	3.17e-02	2.70e-01	6.98e-01
 4.35696e+21	0.00e+00	0.00e+00	0.00e+00	0.00e+00	0.00e+00	0.00e+00	0.00e+00	3.89e-25	1.82e-20	1.25e-16	1.14e-13	4.54e-11	1.01e-08	1.44e-06	1.69e-04	3.35e-02	2.76e-01	6.90e-01
 4.48565e+21	0.00e+00	0.00e+00	0.00e+00	0.00e+00	0.00e+00	0.00e+00	2.06e-30	5.86e-25	2.60e-20	1.72e-16	1.51e-13	5.81e-11	1.25e-08	1.70e-06	1.91e-04	3.60e-02	2.84e-01	6.80e-01
 4.61541e+21	0.00e+00	0.00e+00	0.00e+00	0.00e+00	0.00e+00	1.42e-35	3.24e-30	8.80e-25	3.71e-20	2.38e-16	2.02e-13	7.43e-11	1.53e-08	1.99e-06	2.14e-04	3.87e-02	2.92e-01	6.69e-01
 4.71709e+21	0.00e+00	0.00e+00	0.00e+00	0.00e+00	0.00e+00	0.00e+00	0.00e+00	1.21e-24	4.88e-20	3.06e-16	2.52e-13	9.00e-11	1.80e-08	2.26e-06	2.35e-04	4.09e-02	2.98e-01	6.61e-01
 4.81980e+21	0.00e+00	0.00e+00	0.00e+00	0.00e+00	0.00e+00	0.00e+00	6.48e-30	1.63e-24	6.35e-20	3.90e-16	3.12e-13	1.08e-10	2.10e-08	2.55e-06	2.57e-04	4.32e-02	3.04e-01	6.52e-01
 4.93498e+21	0.00e+00	0.00e+00	0.00e+00	0.00e+00	0.00e+00	4.82e-35	9.48e-30	2.31e-24	8.60e-20	5.15e-16	3.97e-13	1.34e-10	2.51e-08	2.92e-06	2.84e-04	4.58e-02	3.11e-01	6.43e-01
 5.04290e+21	0.00e+00	0.00e+00	0.00e+00	0.00e+00	0.00e+00	0.00e+00	0.00e+00	3.18e-24	1.13e-19	6.64e-16	4.98e-13	1.62e-10	2.95e-08	3.32e-06	3.11e-04	4.84e-02	3.18e-01	6.34e-01
 5.14279e+21	0.00e+00	0.00e+00	0.00e+00	0.00e+00	0.00e+00	0.00e+00	1.86e-29	4.22e-24	1.45e-19	8.34e-16	6.10e-13	1.94e-10	3.42e-08	3.72e-06	3.38e-04	5.10e-02	3.23e-01	6.25e-01
 5.25568e+21	0.00e+00	0.00e+00	0.00e+00	0.00e+00	0.00e+00	1.55e-34	2.65e-29	5.84e-24	1.93e-19	1.08e-15	7.66e-13	2.36e-10	4.04e-08	4.23e-06	3.71e-04	5.39e-02	3.30e-01	6.16e-01
 5.38231e+21	0.00e+00	0.00e+00	0.00e+00	0.00e+00	0.00e+00	0.00e+00	0.00e+00	8.33e-24	2.63e-19	1.44e-15	9.86e-13	2.93e-10	4.85e-08	4.88e-06	4.12e-04	5.73e-02	3.37e-01	6.05e-01
 5.49558e+21	0.00e+00	0.00e+00	0.00e+00	0.00e+00	0.00e+00	0.00e+00	5.58e-29	1.14e-23	3.47e-19	1.85e-15	1.23e-12	3.57e-10	5.72e-08	5.54e-06	4.51e-04	6.05e-02	3.44e-01	5.95e-01
 5.59279e+21	0.00e+00	0.00e+00	0.00e+00	0.00e+00	0.00e+00	4.73e-34	6.99e-29	1.49e-23	4.36e-19	2.29e-15	1.49e-12	4.20e-10	6.56e-08	6.16e-06	4.87e-04	6.33e-02	3.49e-01	5.87e-01
 5.70032e+21	0.00e+00	0.00e+00	0.00e+00	0.00e+00	0.00e+00	0.00e+00	0.00e+00	1.99e-23	5.62e-19	2.89e-15	1.83e-12	5.02e-10	7.61e-08	6.91e-06	5.30e-04	6.65e-02	3.55e-01	5.78e-01
 5.84011e+21	0.00e+00	0.00e+00	0.00e+00	0.00e+00	0.00e+00	0.00e+00	1.53e-28	2.87e-23	7.74e-19	3.89e-15	2.38e-12	6.30e-10	9.22e-08	8.01e-06	5.89e-04	7.08e-02	3.62e-01	5.66e-01
 5.98261e+21	0.00e+00	0.00e+00	0.00e+00	0.00e+00	0.00e+00	1.69e-33	2.16e-28	4.17e-23	1.07e-18	5.26e-15	3.11e-12	7.96e-10	1.12e-07	9.32e-06	6.57e-04	7.54e-02	3.70e-01	5.54e-01
 6.09632e+21	0.00e+00	0.00e+00	0.00e+00	0.00e+00	0.00e+00	0.00e+00	0.00e+00	5.61e-23	1.39e-18	6.69e-15	3.85e-12	9.56e-10	1.31e-07	1.05e-05	7.15e-04	7.92e-02	3.76e-01	5.44e-01
 6.21183e+21	0.00e+00	0.00e+00	0.00e+00	0.00e+00	0.00e+00	0.00e+00	4.44e-28	7.49e-23	1.79e-18	8.45e-15	4.73e-12	1.15e-09	1.52e-07	1.18e-05	7.77e-04	8.32e-02	3.81e-01	5.35e-01
 6.34147e+21	0.00e+00	0.00e+00	0.00e+00	0.00e+00	0.00e+00	5.32e-33	5.88e-28	1.03e-22	2.38e-18	1.10e-14	5.97e-12	1.40e-09	1.80e-07	1.34e-05	8.53e-04	8.78e-02	3.88e-01	5.24e-01
 6.46248e+21	0.00e+00	0.00e+00	0.00e+00	0.00e+00	0.00e+00	0.00e+00	0.00e+00	1.40e-22	3.09e-18	1.40e-14	7.40e-12	1.69e-09	2.10e-07	1.51e-05	9.29e-04	9.22e-02	3.93e-01	5.14e-01
 6.57397e+21	0.00e+00	0.00e+00	0.00e+00	0.00e+00	0.00e+00	0.00e+00	1.19e-27	1.83e-22	3.91e-18	1.74e-14	8.99e-12	2.00e-09	2.42e-07	1.69e-05	1.00e-03	9.64e-02	3.98e-01	5.04e-01
 6.70010e+21	0.00e+00	0.00e+00	0.00e+00	0.00e+00	0.00e+00	1.58e-32	1.52e-27	2.46e-22	5.07e-18	2.21e-14	1.11e-11	2.41e-09	2.83e-07	1.90e-05	1.09e-03	1.01e-01	4.04e-01	4.94e-01
 6.84197e+21	0.00e+00	0.00e+00	0.00e+00	0.00e+00	0.00e+00	0.00e+00	0.00e+00	3.43e-22	6.79e-18	2.90e-14	1.42e-11	2.97e-09	3.38e-07	2.17e-05	1.20e-03	1.07e-01	4.10e-01	4.82e-01
 6.97477e+21	0.00e+00	0.00e+00	0.00e+00	0.00e+00	0.00e+00	0.00e+00	3.30e-27	4.67e-22	8.90e-18	3.73e-14	1.77e-11	3.61e-09	3.97e-07	2.46e-05	1.31e-03	1.12e-01	4.15e-01	4.71e-01
 7.09745e+21	0.00e+00	0.00e+00	0.00e+00	0.00e+00	0.00e+00	5.02e-32	4.17e-27	6.17e-22	1.14e-17	4.68e-14	2.17e-11	4.30e-09	4.60e-07	2.75e-05	1.42e-03	1.17e-01	4.20e-01	4.61e-01
 7.23650e+21	0.00e+00	0.00e+00	0.00e+00	0.00e+00	0.00e+00	0.00e+00	0.00e+00	8.38e-22	1.49e-17	6.01e-14	2.70e-11	5.22e-09	5.40e-07	3.11e-05	1.55e-03	1.23e-01	4.25e-01	4.50e-01
 7.38879e+21	0.00e+00	0.00e+00	0.00e+00	0.00e+00	0.00e+00	0.00e+00	9.00e-27	1.17e-21	2.00e-17	7.90e-14	3.45e-11	6.45e-09	6.45e-07	3.56e-05	1.70e-03	1.30e-01	4.30e-01	4.38e-01
 7.52622e+21	0.00e+00	0.00e+00	0.00e+00	0.00e+00	0.00e+00	1.62e-31	1.16e-26	1.58e-21	2.60e-17	1.01e-13	4.28e-11	7.79e-09	7.54e-07	4.01e-05	1.85e-03	1.36e-01	4.35e-01	4.28e-01
 7.65027e+21	0.00e+00	0.00e+00	0.00e+00	0.00e+00	0.00e+00	0.00e+00	0.00e+00	2.05e-21	3.26e-17	1.25e-13	5.16e-11	9.16e-09	8.63e-07	4.44e-05	1.98e-03	1.41e-01	4.38e-01	4.18e-01
 7.78902e+21	0.00e+00	0.00e+00	0.00e+00	0.00e+00	0.00e+00	0.00e+00	2.28e-26	2.74e-21	4.21e-17	1.58e-13	6.38e-11	1.10e-08	1.01e-06	4.99e-05	2.15e-03	1.48e-01	4.42e-01	4.08e-01
 7.94414e+21	0.00e+00	0.00e+00	0.00e+00	0.00e+00	0.00e+00	4.74e-31	2.97e-26	3.74e-21	5.55e-17	2.04e-13	8.01e-11	1.34e-08	1.19e-06	5.65e-05	2.34e-03	1.55e-01	4.47e-01	3.96e-01
 8.09175e+21	0.00e+00	0.00e+00	0.00e+00	0.00e+00	8.82e-36	6.95e-31	4.14e-26	5.07e-21	7.26e-17	2.62e-13	1.00e-10	1.63e-08	1.39e-06	6.38e-05	2.54e-03	1.62e-01	4.50e-01	3.85e-01
 8.23059e+21	0.00e+00	0.00e+00	0.00e+00	0.00e+00	0.00e+00	0.00e+00	0.00e+00	6.69e-21	9.26e-17	3.29e-13	1.22e-10	1.94e-08	1.61e-06	7.11e-05	2.74e-03	1.68e-01	4.53e-01	3.76e-01
 8.38682e+21	0.00e+00	0.00e+00	0.00e+00	0.00e+00	0.00e+00	0.00e+00	8.35e-26	9.03e-21	1.21e-16	4.20e-13	1.52e-10	2.34e-08	1.88e-06	8.01e-05	2.97e-03	1.76e-01	4.56e-01	3.65e-01
 8.56038e+21	0.00e+00	0.00e+00	0.00e+00	0.00e+00	0.00e+00	2.13e-30	1.10e-25	1.25e-20	1.61e-16	5.49e-13	1.93e-10	2.88e-08	2.23e-06	9.10e-05	3.25e-03	1.84e-01	4.59e-01	3.53e-01
 8.71847e+21	0.00e+00	0.00e+00	0.00e+00	0.00e+00	4.86e-35	3.13e-30	1.54e-25	1.70e-20	2.11e-16	7.07e-13	2.41e-10	3.50e-08	2.62e-06	1.03e-04	3.52e-03	1.92e-01	4.62e-01	3.42e-01
 8.85835e+21	0.00e+00	0.00e+00	0.00e+00	0.00e+00	0.00e+00	0.00e+00	2.04e-25	2.20e-20	2.65e-16	8.74e-13	2.91e-10	4.12e-08	3.00e-06	1.13e-04	3.77e-03	1.99e-01	4.64e-01	3.33e-01
 9.01258e+21	0.00e+00	0.00e+00	0.00e+00	0.00e+00	0.00e+00	6.09e-30	2.74e-25	2.89e-20	3.37e-16	1.09e-12	3.54e-10	4.88e-08	3.44e-06	1.26e-04	4.04e-03	2.07e-01	4.66e-01	3.24e-01
 9.21309e+21	0.00e+00	0.00e+00	0.00e+00	0.00e+00	1.67e-34	9.34e-30	4.00e-25	4.14e-20	4.63e-16	1.47e-12	4.59e-10	6.12e-08	4.15e-06	1.45e-04	4.44e-03	2.17e-01	4.68e-01	3.11e-01
 9.41694e+21	0.00e+00	0.00e+00	0.00e+00	0.00e+00	0.00e+00	0.00e+00	5.91e-25	5.94e-20	6.38e-16	1.97e-12	5.96e-10	7.68e-08	5.00e-06	1.67e-04	4.88e-03	2.27e-01	4.69e-01	2.99e-01
 9.58120e+21	0.00e+00	0.00e+00	0.00e+00	0.00e+00	0.00e+00	2.12e-29	8.10e-25	7.91e-20	8.22e-16	2.49e-12	7.33e-10	9.17e-08	5.79e-06	1.86e-04	5.24e-03	2.36e-01	4.70e-01	2.89e-01
 9.75080e+21	0.00e+00	0.00e+00	0.00e+00	0.00e+00	6.30e-34	3.00e-29	1.10e-24	1.05e-19	1.06e-15	3.14e-12	8.98e-10	1.09e-07	6.68e-06	2.07e-04	5.62e-03	2.44e-01	4.70e-01	2.80e-01
 9.97128e+21	0.00e+00	0.00e+00	0.00e+00	0.00e+00	0.00e+00	0.00e+00	1.61e-24	1.51e-19	1.45e-15	4.21e-12	1.16e-09	1.37e-07	8.03e-06	2.37e-04	6.16e-03	2.55e-01	4.70e-01	2.68e-01
 1.01964e+22	0.00e+00	0.00e+00	0.00e+00	0.00e+00	0.00e+00	7.31e-29	2.40e-24	2.18e-19	2.02e-15	5.71e-12	1.52e-09	1.72e-07	9.69e-06	2.72e-04	6.74e-03	2.67e-01	4.70e-01	2.56e-01
 1.03729e+22	0.00e+00	0.00e+00	0.00e+00	0.00e+00	2.40e-33	9.68e-29	3.29e-24	2.90e-19	2.60e-15	7.20e-12	1.86e-09	2.05e-07	1.12e-05	3.02e-04	7.22e-03	2.76e-01	4.69e-01	2.47e-01
 1.05478e+22	0.00e+00	0.00e+00	0.00e+00	0.00e+00	0.00e+00	0.00e+00	4.41e-24	3.81e-19	3.30e-15	8.97e-12	2.26e-09	2.42e-07	1.28e-05	3.34e-04	7.70e-03	2.85e-01	4.69e-01	2.39e-01
 1.07751e+22	0.00e+00	0.00e+00	0.00e+00	0.00e+00	0.00e+00	2.24e-28	6.36e-24	5.39e-19	4.49e-15	1.19e-11	2.89e-09	3.00e-07	1.52e-05	3.79e-04	8.36e-03	2.96e-01	4.67e-01	2.28e-01
 1.10136e+22	0.00e+00	0.00e+00	0.00e+00	0.00e+00	9.29e-33	3.21e-28	9.41e-24	7.76e-19	6.20e-15	1.60e-11	3.75e-09	3.74e-07	1.82e-05	4.33e-04	9.11e-03	3.08e-01	4.65e-01	2.18e-01
 1.12144e+22	0.00e+00	0.00e+00	0.00e+00	0.00e+00	0.00e+00	0.00e+00	1.31e-23	1.05e-18	8.09e-15	2.04e-11	4.64e-09	4.50e-07	2.11e-05	4.82e-04	9.76e-03	3.18e-01	4.63e-01	2.09e-01
 1.14234e+22	0.00e+00	0.00e+00	0.00e+00	0.00e+00	0.00e+00	7.48e-28	1.81e-23	1.42e-18	1.06e-14	2.60e-11	5.73e-09	5.39e-07	2.44e-05	5.37e-04	1.05e-02	3.28e-01	4.61e-01	2.00e-01
 1.16950e+22	0.00e+00	0.00e+00	0.00e+00	0.00e+00	3.67e-32	1.08e-27	2.73e-23	2.09e-18	1.49e-14	3.55e-11	7.51e-09	6.80e-07	2.95e-05	6.16e-04	1.14e-02	3.41e-01	4.57e-01	1.90e-01
 1.19706e+22	0.00e+00	0.00e+00	0.00e+00	0.00e+00	0.00e+00	0.00e+00	4.17e-23	3.11e-18	2.11e-14	4.88e-11	9.90e-09	8.61e-07	3.56e-05	7.08e-04	1.24e-02	3.54e-01	4.53e-01	1.80e-01
 1.21788e+22	0.00e+00	0.00e+00	0.00e+00	0.00e+00	0.00e+00	2.83e-27	5.79e-23	4.18e-18	2.74e-14	6.17e-11	1.22e-08	1.03e-06	4.10e-05	7.83e-04	1.33e-02	3.64e-01	4.50e-01	1.72e-01
 1.23770e+22	0.00e+00	0.00e+00	0.00e+00	0.00e+00	1.42e-31	3.55e-27	7.64e-23	5.40e-18	3.44e-14	7.61e-11	1.46e-08	1.20e-06	4.64e-05	8.57e-04	1.40e-02	3.73e-01	4.46e-01	1.66e-01
 1.26348e+22	0.00e+00	0.00e+00	0.00e+00	0.00e+00	0.00e+00	0.00e+00	1.11e-22	7.74e-18	4.70e-14	1.00e-10	1.85e-08	1.47e-06	5.47e-05	9.65e-04	1.51e-02	3.85e-01	4.42e-01	1.57e-01
 1.29073e+22	0.00e+00	0.00e+00	0.00e+00	0.00e+00	0.00e+00	9.36e-27	1.65e-22	1.12e-17	6.50e-14	1.34e-10	2.38e-08	1.82e-06	6.49e-05	1.09e-03	1.63e-02	3.97e-01	4.36e-01	1.49e-01
 1.31392e+22	0.00e+00	0.00e+00	0.00e+00	0.00e+00	5.90e-31	1.26e-26	2.31e-22	1.52e-17	8.51e-14	1.71e-10	2.94e-08	2.17e-06	7.47e-05	1.21e-03	1.73e-02	4.08e-01	4.32e-01	1.42e-01
 1.33810e+22	0.00e+00	0.00e+00	0.00e+00	3.70e-35	9.04e-31	1.83e-26	3.21e-22	2.07e-17	1.12e-13	2.17e-10	3.62e-08	2.59e-06	8.60e-05	1.34e-03	1.84e-02	4.18e-01	4.27e-01	1.36e-01
 1.36953e+22	0.00e+00	0.00e+00	0.00e+00	0.00e+00	0.00e+00	0.00e+00	4.89e-22	3.09e-17	1.58e-13	2.95e-10	4.72e-08	3.25e-06	1.03e-04	1.52e-03	2.00e-02	4.31e-01	4.20e-01	1.27e-01
 1.40138e+22	0.00e+00	0.00e+00	0.00e+00	0.00e+00	0.00e+00	5.35e-26	7.57e-22	4.65e-17	2.26e-13	4.04e-10	6.19e-08	4.09e-06	1.24e-04	1.74e-03	2.16e-02	4.44e-01	4.13e-01	1.19e-01
 1.42651e+22	0.00e+00	0.00e+00	0.00e+00	0.00e+00	4.29e-30	7.27e-26	1.07e-21	6.37e-17	2.98e-13	5.15e-10	7.64e-08	4.88e-06	1.42e-04	1.92e-03	2.29e-02	4.54e-01	4.07e-01	1.14e-01
 1.44806e+22	0.00e+00	0.00e+00	0.00e+00	3.12e-34	6.17e-30	9.99e-26	1.41e-21	8.17e-17	3.71e-13	6.28e-10	9.06e-08	5.64e-06	1.59e-04	2.08e-03	2.40e-02	4.62e-01	4.02e-01	1.09e-01
 1.47225e+22	0.00e+00	0.00e+00	0.00e+00	0.00e+00	0.00e+00	1.45e-25	1.95e-21	1.11e-16	4.84e-13	7.87e-10	1.10e-07	6.64e-06	1.81e-04	2.28e-03	2.54e-02	4.72e-01	3.97e-01	1.04e-01
 1.50370e+22	0.00e+00	0.00e+00	0.00e+00	0.00e+00	1.53e-29	2.25e-25	2.89e-21	1.62e-16	6.69e-13	1.04e-09	1.40e-07	8.12e-06	2.13e-04	2.55e-03	2.72e-02	4.83e-01	3.89e-01	9.77e-02
 1.53637e+22	0.00e+00	0.00e+00	0.00e+00	1.56e-33	2.65e-29	3.67e-25	4.43e-21	2.42e-16	9.46e-13	1.40e-09	1.80e-07	1.01e-05	2.52e-04	2.88e-03	2.91e-02	4.95e-01	3.81e-01	9.16e-02
 1.56328e+22	0.00e+00	0.00e+00	0.00e+00	0.00e+00	0.00e+00	5.51e-25	6.28e-21	3.33e-16	1.25e-12	1.77e-09	2.21e-07	1.19e-05	2.88e-04	3.16e-03	3.08e-02	5.04e-01	3.75e-01	8.69e-02
 1.59090e+22	0.00e+00	0.00e+00	0.00e+00	0.00e+00	6.53e-29	8.13e-25	8.84e-21	4.58e-16	1.64e-12	2.24e-09	2.70e-07	1.41e-05	3.28e-04	3.47e-03	3.25e-02	5.13e-01	3.68e-01	8.24e-02
 1.62682e+22	0.00e+00	0.00e+00	0.00e+00	7.75e-33	1.13e-28	1.33e-24	1.37e-20	6.97e-16	2.35e-12	3.01e-09	3.49e-07	1.75e-05	3.88e-04	3.91e-03	3.48e-02	5.25e-01	3.59e-01	7.69e-02
 1.66393e+22	0.00e+00	0.00e+00	0.00e+00	0.00e+00	0.00e+00	2.26e-24	2.18e-20	1.08e-15	3.40e-12	4.11e-09	4.55e-07	2.19e-05	4.63e-04	4.42e-03	3.73e-02	5.36e-01	3.50e-01	7.15e-02
 1.69449e+22	0.00e+00	0.00e+00	0.00e+00	0.00e+00	3.39e-28	3.52e-24	3.19e-20	1.52e-15	4.58e-12	5.29e-09	5.65e-07	2.62e-05	5.32e-04	4.87e-03	3.94e-02	5.45e-01	3.43e-01	6.74e-02
 1.72608e+22	0.00e+00	0.00e+00	0.00e+00	4.47e-32	5.50e-28	5.40e-24	4.64e-20	2.17e-15	6.19e-12	6.77e-09	6.98e-07	3.12e-05	6.11e-04	5.37e-03	4.17e-02	5.54e-01	3.35e-01	6.34e-02
 1.76716e+22	0.00e+00	0.00e+00	0.00e+00	0.00e+00	0.00e+00	9.33e-24	7.54e-20	3.46e-15	9.16e-12	9.29e-09	9.15e-07	3.91e-05	7.29e-04	6.08e-03	4.47e-02	5.64e-01	3.25e-01	5.87e-02
 1.80890e+22	0.00e+00	0.00e+00	0.00e+00	0.00e+00	1.94e-27	1.67e-23	1.25e-19	5.57e-15	1.37e-11	1.29e-08	1.21e-06	4.93e-05	8.73e-04	6.89e-03	4.79e-02	5.75e-01	3.15e-01	5.41e-02
 1.84054e+22	0.00e+00	0.00e+00	0.00e+00	3.17e-31	3.25e-27	2.62e-23	1.85e-19	7.92e-15	1.84e-11	1.64e-08	1.49e-06	5.86e-05	9.98e-04	7.55e-03	5.03e-02	5.82e-01	3.08e-01	5.09e-02
 1.87072e+22	0.00e+00	0.00e+00	0.00e+00	0.00e+00	0.00e+00	3.92e-23	2.62e-19	1.10e-14	2.42e-11	2.04e-08	1.79e-06	6.84e-05	1.12e-03	8.20e-03	5.27e-02	5.89e-01	3.01e-01	4.82e-02
 1.90995e+22	0.00e+00	0.00e+00	0.00e+00	0.00e+00	8.97e-27	6.50e-23	4.12e-19	1.70e-14	3.48e-11	2.70e-08	2.28e-06	8.34e-05	1.31e-03	9.14e-03	5.59e-02	5.97e-01	2.92e-01	4.47e-02
 1.95149e+22	0.00e+00	0.00e+00	0.00e+00	1.91e-30	1.66e-26	1.13e-22	6.67e-19	2.67e-14	5.08e-11	3.65e-08	2.94e-06	1.03e-04	1.55e-03	1.02e-02	5.94e-02	6.05e-01	2.82e-01	4.13e-02
 1.98705e+22	0.00e+00	0.00e+00	4.09e-35	3.44e-30	2.83e-26	1.80e-22	1.00e-18	3.89e-14	6.95e-11	4.69e-08	3.65e-06	1.23e-04	1.77e-03	1.12e-02	6.25e-02	6.11e-01	2.75e-01	3.87e-02
 2.02428e+22	0.00e+00	0.00e+00	0.00e+00	0.00e+00	0.00e+00	2.92e-22	1.53e-18	5.82e-14	9.69e-11	6.04e-08	4.52e-06	1.47e-04	2.03e-03	1.23e-02	6.56e-02	6.17e-01	2.66e-01	3.61e-02
 2.07269e+22	0.00e+00	0.00e+00	0.00e+00	0.00e+00	9.36e-26	5.27e-22	2.58e-18	9.62e-14	1.47e-10	8.32e-08	5.94e-06	1.84e-04	2.42e-03	1.39e-02	6.99e-02	6.24e-01	2.56e-01	3.30e-02
 2.11811e+22	0.00e+00	0.00e+00	0.00e+00	2.64e-29	1.81e-25	9.43e-22	4.27e-18	1.54e-13	2.18e-10	1.13e-07	7.73e-06	2.28e-04	2.86e-03	1.56e-02	7.42e-02	6.30e-01	2.46e-01	3.03e-02
 2.14785e+22	0.00e+00	0.00e+00	6.26e-34	4.52e-29	2.93e-25	1.44e-21	6.12e-18	2.13e-13	2.84e-10	1.39e-07	9.19e-06	2.63e-04	3.19e-03	1.68e-02	7.70e-02	6.34e-01	2.40e-01	2.86e-02
 2.17471e+22	0.00e+00	0.00e+00	0.00e+00	0.00e+00	4.16e-25	1.96e-21	7.98e-18	2.72e-13	3.49e-10	1.64e-07	1.06e-05	2.95e-04	3.47e-03	1.78e-02	7.94e-02	6.37e-01	2.35e-01	2.73e-02
 2.20963e+22	0.00e+00	0.00e+00	0.00e+00	1.09e-28	6.52e-25	2.94e-21	1.14e-17	3.86e-13	4.65e-10	2.03e-07	1.27e-05	3.42e-04	3.90e-03	1.92e-02	8.27e-02	6.40e-01	2.28e-01	2.56e-02
 2.25503e+22	0.00e+00	0.00e+00	3.05e-33	2.02e-28	1.14e-24	4.83e-21	1.77e-17	5.88e-13	6.65e-10	2.69e-07	1.61e-05	4.17e-04	4.54e-03	2.13e-02	8.71e-02	6.44e-01	2.19e-01	2.35e-02
 2.30093e+22	0.00e+00	0.00e+00	0.00e+00	0.00e+00	2.09e-24	8.25e-21	2.81e-17	9.10e-13	9.61e-10	3.58e-07	2.05e-05	5.08e-04	5.28e-03	2.36e-02	9.17e-02	6.47e-01	2.11e-01	2.16e-02
 2.33625e+22	0.00e+00	0.00e+00	0.00e+00	6.71e-28	3.37e-24	1.25e-20	4.01e-17	1.26e-12	1.26e-09	4.44e-07	2.47e-05	5.90e-04	5.92e-03	2.55e-02	9.52e-02	6.49e-01	2.04e-01	2.02e-02
 2.36514e+22	0.00e+00	0.00e+00	1.75e-32	1.05e-27	5.04e-24	1.79e-20	5.43e-17	1.67e-12	1.60e-09	5.31e-07	2.87e-05	6.67e-04	6.50e-03	2.71e-02	9.81e-02	6.50e-01	1.99e-01	1.91e-02
 2.39693e+22	0.00e+00	0.00e+00	0.00e+00	0.00e+00	7.35e-24	2.49e-20	7.25e-17	2.19e-12	2.01e-09	6.36e-07	3.34e-05	7.55e-04	7.14e-03	2.89e-02	1.01e-01	6.51e-01	1.93e-01	1.81e-02
 2.43826e+22	0.00e+00	0.00e+00	0.00e+00	2.66e-27	1.17e-23	3.78e-20	1.04e-16	3.11e-12	2.71e-09	8.05e-07	4.08e-05	8.89e-04	8.09e-03	3.14e-02	1.05e-01	6.51e-01	1.86e-01	1.67e-02
 2.48143e+22	0.00e+00	0.00e+00	8.68e-32	4.75e-27	1.97e-23	5.98e-20	1.54e-16	4.51e-12	3.72e-09	1.04e-06	5.05e-05	1.06e-03	9.24e-03	3.43e-02	1.10e-01	6.51e-01	1.79e-01	1.54e-02
 2.51641e+22	0.00e+00	0.00e+00	0.00e+00	0.00e+00	3.06e-23	8.73e-20	2.12e-16	6.03e-12	4.78e-09	1.27e-06	5.99e-05	1.21e-03	1.03e-02	3.68e-02	1.14e-01	6.51e-01	1.73e-01	1.45e-02
 2.55133e+22	0.00e+00	0.00e+00	0.00e+00	1.21e-26	4.56e-23	1.24e-19	2.86e-16	8.00e-12	6.08e-09	1.53e-06	7.03e-05	1.38e-03	1.13e-02	3.93e-02	1.17e-01	6.50e-01	1.67e-01	1.36e-02
 2.59672e+22	0.00e+00	0.00e+00	4.16e-31	2.08e-26	7.45e-23	1.91e-19	4.17e-16	1.15e-11	8.31e-09	1.96e-06	8.66e-05	1.64e-03	1.29e-02	4.28e-02	1.22e-01	6.48e-01	1.60e-01	1.25e-02
 2.64372e+22	0.00e+00	0.00e+00	0.00e+00	0.00e+00	1.28e-22	3.07e-19	6.22e-16	1.67e-11	1.15e-08	2.54e-06	1.08e-04	1.96e-03	1.47e-02	4.68e-02	1.27e-01	6.46e-01	1.53e-01	1.14e-02
 2.68133e+22	0.00e+00	0.00e+00	0.00e+00	6.28e-26	2.01e-22	4.54e-19	8.61e-16	2.25e-11	1.48e-08	3.12e-06	1.28e-04	2.25e-03	1.64e-02	5.01e-02	1.31e-01	6.43e-01	1.47e-01	1.06e-02
 2.71211e+22	0.00e+00	0.00e+00	2.06e-30	9.34e-26	2.86e-22	6.16e-19	1.11e-15	2.83e-11	1.81e-08	3.68e-06	1.47e-04	2.51e-03	1.78e-02	5.28e-02	1.34e-01	6.40e-01	1.42e-01	1.00e-02
 2.74547e+22	0.00e+00	4.76e-36	3.14e-30	1.39e-25	4.09e-22	8.40e-19	1.44e-15	3.62e-11	2.25e-08	4.37e-06	1.70e-04	2.82e-03	1.94e-02	5.59e-02	1.37e-01	6.37e-01	1.38e-01	9.40e-03
 2.78883e+22	0.00e+00	0.00e+00	0.00e+00	2.25e-25	6.31e-22	1.23e-18	1.99e-15	4.93e-11	2.94e-08	5.44e-06	2.05e-04	3.27e-03	2.17e-02	6.02e-02	1.42e-01	6.33e-01	1.32e-01	8.66e-03
 2.83413e+22	0.00e+00	0.00e+00	9.31e-30	3.88e-25	1.02e-21	1.87e-18	2.83e-15	6.83e-11	3.92e-08	6.87e-06	2.49e-04	3.83e-03	2.45e-02	6.50e-02	1.46e-01	6.27e-01	1.25e-01	7.93e-03
 2.87102e+22	0.00e+00	2.54e-35	1.55e-29	6.24e-25	1.57e-21	2.69e-18	3.82e-15	8.93e-11	4.95e-08	8.32e-06	2.93e-04	4.36e-03	2.70e-02	6.92e-02	1.50e-01	6.21e-01	1.20e-01	7.38e-03
 2.90804e+22	0.00e+00	0.00e+00	0.00e+00	9.56e-25	2.29e-21	3.73e-18	5.00e-15	1.15e-10	6.16e-08	9.96e-06	3.41e-04	4.92e-03	2.95e-02	7.33e-02	1.53e-01	6.16e-01	1.16e-01	6.87e-03
 2.95616e+22	0.00e+00	0.00e+00	4.20e-29	1.60e-24	3.63e-21	5.56e-18	7.00e-15	1.57e-10	8.15e-08	1.25e-05	4.13e-04	5.74e-03	3.31e-02	7.89e-02	1.58e-01	6.08e-01	1.10e-01	6.26e-03
 3.00308e+22	0.00e+00	1.35e-34	7.61e-29	2.80e-24	5.97e-21	8.52e-18	9.91e-15	2.15e-10	1.08e-07	1.58e-05	5.00e-04	6.69e-03	3.72e-02	8.47e-02	1.62e-01	5.99e-01	1.04e-01	5.69e-03
 3.03669e+22	0.00e+00	0.00e+00	0.00e+00	4.32e-24	8.78e-21	1.18e-17	1.29e-14	2.68e-10	1.31e-07	1.85e-05	5.74e-04	7.46e-03	4.03e-02	8.91e-02	1.65e-01	5.92e-01	9.97e-02	5.32e-03
 3.06864e+22	0.00e+00	0.00e+00	1.78e-28	6.21e-24	1.21e-20	1.55e-17	1.61e-14	3.28e-10	1.56e-07	2.15e-05	6.49e-04	8.22e-03	4.33e-02	9.32e-02	1.68e-01	5.86e-01	9.61e-02	5.00e-03
 3.11017e+22	0.00e+00	5.36e-34	2.83e-28	9.58e-24	1.78e-20	2.17e-17	2.12e-14	4.24e-10	1.96e-07	2.59e-05	7.60e-04	9.33e-03	4.76e-02	9.88e-02	1.71e-01	5.76e-01	9.13e-02	4.59e-03
 3.15563e+22	0.00e+00	0.00e+00	0.00e+00	1.58e-23	2.79e-20	3.17e-17	2.89e-14	5.59e-10	2.51e-07	3.19e-05	9.03e-04	1.07e-02	5.26e-02	1.05e-01	1.75e-01	5.66e-01	8.63e-02	4.18e-03
 3.19582e+22	0.00e+00	0.00e+00	7.96e-28	2.54e-23	4.23e-20	4.51e-17	3.83e-14	7.11e-10	3.11e-07	3.81e-05	1.05e-03	1.20e-02	5.73e-02	1.11e-01	1.77e-01	5.56e-01	8.21e-02	3.85e-03
 3.23189e+22	0.00e+00	2.52e-33	1.24e-27	3.83e-23	6.09e-20	6.13e-17	4.89e-14	8.75e-10	3.74e-07	4.44e-05	1.19e-03	1.33e-02	6.17e-02	1.16e-01	1.80e-01	5.47e-01	7.84e-02	3.57e-03
 3.27298e+22	0.00e+00	0.00e+00	0.00e+00	5.85e-23	8.87e-20	8.44e-17	6.33e-14	1.10e-09	4.58e-07	5.26e-05	1.37e-03	1.48e-02	6.69e-02	1.21e-01	1.82e-01	5.36e-01	7.44e-02	3.28e-03
 3.31824e+22	0.00e+00	0.00e+00	3.24e-27	9.47e-23	1.36e-19	1.21e-16	8.48e-14	1.41e-09	5.74e-07	6.36e-05	1.61e-03	1.68e-02	7.32e-02	1.28e-01	1.84e-01	5.23e-01	7.00e-02	2.98e-03
 3.35860e+22	0.00e+00	1.16e-32	5.28e-27	1.50e-22	2.04e-19	1.70e-16	1.11e-13	1.76e-09	6.98e-07	7.50e-05	1.84e-03	1.87e-02	7.91e-02	1.34e-01	1.86e-01	5.11e-01	6.63e-02	2.73e-03
 3.39329e+22	0.00e+00	0.00e+00	0.00e+00	2.21e-22	2.88e-19	2.27e-16	1.39e-13	2.12e-09	8.22e-07	8.60e-05	2.06e-03	2.04e-02	8.43e-02	1.39e-01	1.88e-01	5.01e-01	6.32e-02	2.54e-03
 3.43093e+22	0.00e+00	0.00e+00	1.20e-26	3.23e-22	4.02e-19	3.01e-16	1.74e-13	2.55e-09	9.72e-07	9.91e-05	2.32e-03	2.23e-02	9.00e-02	1.44e-01	1.89e-01	4.90e-01	6.01e-02	2.34e-03
 3.47987e+22	0.00e+00	4.58e-32	1.96e-26	5.13e-22	6.06e-19	4.26e-16	2.30e-13	3.24e-09	1.20e-06	1.19e-04	2.69e-03	2.50e-02	9.77e-02	1.51e-01	1.90e-01	4.76e-01	5.61e-02	2.11e-03
 3.53024e+22	0.00e+00	0.00e+00	0.00e+00	8.64e-22	9.62e-19	6.28e-16	3.12e-13	4.15e-09	1.50e-06	1.43e-04	3.14e-03	2.81e-02	1.06e-01	1.57e-01	1.91e-01	4.60e-01	5.22e-02	1.89e-03
 3.57047e+22	0.00e+00	0.00e+00	5.49e-26	1.35e-21	1.42e-18	8.69e-16	4.01e-13	5.02e-09	1.78e-06	1.65e-04	3.53e-03	3.08e-02	1.13e-01	1.63e-01	1.91e-01	4.47e-01	4.92e-02	1.73e-03
 3.61076e+22	0.00e+00	2.08e-31	8.28e-26	1.98e-21	2.00e-18	1.15e-15	5.02e-13	5.99e-09	2.08e-06	1.88e-04	3.94e-03	3.35e-02	1.20e-01	1.68e-01	1.91e-01	4.35e-01	4.65e-02	1.59e-03
 3.66314e+22	0.00e+00	0.00e+00	1.35e-25	3.13e-21	3.00e-18	1.63e-15	6.62e-13	7.52e-09	2.55e-06	2.24e-04	4.53e-03	3.72e-02	1.29e-01	1.74e-01	1.91e-01	4.19e-01	4.31e-02	1.42e-03
 3.71859e+22	0.00e+00	6.24e-31	2.36e-25	5.29e-21	4.78e-18	2.40e-15	8.98e-13	9.54e-09	3.15e-06	2.68e-04	5.25e-03	4.16e-02	1.40e-01	1.81e-01	1.91e-01	4.01e-01	3.96e-02	1.25e-03
 3.76492e+22	6.71e-40	1.04e-30	3.84e-25	8.34e-21	7.14e-18	3.35e-15	1.16e-12	1.16e-08	3.74e-06	3.09e-04	5.91e-03	4.55e-02	1.48e-01	1.86e-01	1.90e-01	3.86e-01	3.69e-02	1.13e-03
 3.81204e+22	0.00e+00	0.00e+00	5.90e-25	1.25e-20	1.02e-17	4.51e-15	1.47e-12	1.39e-08	4.39e-06	3.55e-04	6.61e-03	4.94e-02	1.57e-01	1.91e-01	1.89e-01	3.72e-01	3.44e-02	1.02e-03
 3.87329e+22	0.00e+00	2.81e-30	9.87e-25	2.02e-20	1.56e-17	6.47e-15	1.97e-12	1.75e-08	5.40e-06	4.23e-04	7.62e-03	5.49e-02	1.68e-01	1.97e-01	1.87e-01	3.53e-01	3.14e-02	8.91e-04
 3.93415e+22	3.35e-39	5.05e-30	1.72e-24	3.40e-20	2.48e-17	9.54e-15	2.68e-12	2.21e-08	6.64e-06	5.04e-04	8.79e-03	6.08e-02	1.80e-01	2.03e-01	1.84e-01	3.34e-01	2.85e-02	7.77e-04
 3.97946e+22	0.00e+00	0.00e+00	2.65e-24	5.08e-20	3.54e-17	1.28e-14	3.37e-12	2.60e-08	7.69e-06	5.71e-04	9.71e-03	6.54e-02	1.88e-01	2.06e-01	1.82e-01	3.21e-01	2.65e-02	7.02e-04
 4.02333e+22	0.00e+00	1.14e-29	3.75e-24	7.02e-20	4.71e-17	1.62e-14	4.08e-12	3.02e-08	8.76e-06	6.38e-04	1.06e-02	6.97e-02	1.96e-01	2.09e-01	1.80e-01	3.09e-01	2.48e-02	6.39e-04
 4.08035e+22	1.20e-38	1.77e-29	5.67e-24	1.03e-19	6.65e-17	2.17e-14	5.17e-12	3.64e-08	1.03e-05	7.34e-04	1.19e-02	7.56e-02	2.06e-01	2.13e-01	1.77e-01	2.93e-01	2.27e-02	5.65e-04
 4.14158e+22	0.00e+00	0.00e+00	9.03e-24	1.60e-19	9.77e-17	3.01e-14	6.72e-12	4.46e-08	1.23e-05	8.52e-04	1.34e-02	8.23e-02	2.17e-01	2.16e-01	1.73e-01	2.76e-01	2.06e-02	4.94e-04
 4.19435e+22	0.00e+00	4.43e-29	1.35e-23	2.32e-19	1.36e-16	3.97e-14	8.39e-12	5.27e-08	1.43e-05	9.65e-04	1.48e-02	8.81e-02	2.27e-01	2.18e-01	1.69e-01	2.63e-01	1.90e-02	4.40e-04
 4.24901e+22	4.49e-38	6.51e-29	1.94e-23	3.26e-19	1.84e-16	5.11e-14	1.03e-11	6.18e-08	1.65e-05	1.09e-03	1.62e-02	9.41e-02	2.35e-01	2.20e-01	1.66e-01	2.49e-01	1.75e-02	3.92e-04
 4.32006e+22	0.00e+00	0.00e+00	3.02e-23	4.91e-19	2.65e-16	6.96e-14	1.33e-11	7.57e-08	1.96e-05	1.26e-03	1.82e-02	1.02e-01	2.47e-01	2.22e-01	1.61e-01	2.33e-01	1.57e-02	3.38e-04
 4.38652e+22	0.00e+00	1.67e-28	4.72e-23	7.46e-19	3.84e-16	9.53e-14	1.71e-11	9.16e-08	2.32e-05	1.45e-03	2.04e-02	1.10e-01	2.57e-01	2.23e-01	1.56e-01	2.17e-01	1.41e-02	2.92e-04
 4.43057e+22	1.61e-37	2.30e-28	6.36e-23	9.83e-19	4.90e-16	1.17e-13	2.02e-11	1.04e-07	2.58e-05	1.58e-03	2.18e-02	1.15e-01	2.64e-01	2.24e-01	1.53e-01	2.08e-01	1.31e-02	2.65e-04
 4.47142e+22	0.00e+00	0.00e+00	7.95e-23	1.21e-18	5.88e-16	1.36e-13	2.29e-11	1.14e-07	2.81e-05	1.70e-03	2.31e-02	1.19e-01	2.69e-01	2.24e-01	1.50e-01	2.00e-01	1.24e-02	2.46e-04
 4.52451e+22	0.00e+00	3.94e-28	1.06e-22	1.57e-18	7.43e-16	1.66e-13	2.71e-11	1.31e-07	3.16e-05	1.87e-03	2.49e-02	1.25e-01	2.76e-01	2.24e-01	1.46e-01	1.90e-01	1.14e-02	2.20e-04
 4.59354e+22	4.15e-37	5.85e-28	1.53e-22	2.21e-18	1.01e-15	2.15e-13	3.35e-11	1.55e-07	3.65e-05	2.12e-03	2.73e-02	1.33e-01	2.85e-01	2.23e-01	1.41e-01	1.77e-01	1.03e-02	1.91e-04
 4.66558e+22	0.00e+00	0.00e+00	2.26e-22	3.18e-18	1.39e-15	2.83e-13	4.19e-11	1.84e-07	4.24e-05	2.39e-03	3.00e-02	1.42e-01	2.93e-01	2.22e-01	1.36e-01	1.65e-01	9.18e-03	1.65e-04
 4.72510e+22	0.00e+00	1.24e-27	3.10e-22	4.26e-18	1.80e-15	3.52e-13	5.02e-11	2.12e-07	4.77e-05	2.64e-03	3.24e-02	1.49e-01	3.00e-01	2.21e-01	1.31e-01	1.55e-01	8.39e-03	1.46e-04
 4.78603e+22	1.22e-36	1.70e-27	4.14e-22	5.56e-18	2.28e-15	4.30e-13	5.92e-11	2.42e-07	5.35e-05	2.90e-03	3.48e-02	1.56e-01	3.06e-01	2.20e-01	1.27e-01	1.46e-01	7.66e-03	1.30e-04
 4.86523e+22	0.00e+00	0.00e+00	5.92e-22	7.74e-18	3.06e-15	5.52e-13	7.30e-11	2.85e-07	6.16e-05	3.25e-03	3.79e-02	1.64e-01	3.14e-01	2.17e-01	1.22e-01	1.35e-01	6.83e-03	1.11e-04
 4.94962e+22	0.00e+00	3.80e-27	8.78e-22	1.11e-17	4.22e-15	7.28e-13	9.17e-11	3.41e-07	7.16e-05	3.68e-03	4.16e-02	1.74e-01	3.21e-01	2.14e-01	1.16e-01	1.24e-01	6.02e-03	9.43e-05
 5.02204e+22	3.95e-36	5.43e-27	1.22e-21	1.51e-17	5.55e-15	9.18e-13	1.11e-10	3.96e-07	8.13e-05	4.08e-03	4.50e-02	1.82e-01	3.27e-01	2.12e-01	1.11e-01	1.14e-01	5.37e-03	8.14e-05
 5.09749e+22	0.00e+00	0.00e+00	1.67e-21	2.01e-17	7.15e-15	1.14e-12	1.33e-10	4.58e-07	9.20e-05	4.51e-03	4.85e-02	1.90e-01	3.32e-01	2.08e-01	1.06e-01	1.06e-01	4.81e-03	7.07e-05
 5.18017e+22	0.00e+00	1.10e-26	2.35e-21	2.76e-17	9.46e-15	1.45e-12	1.63e-10	5.35e-07	1.05e-04	5.01e-03	5.24e-02	1.99e-01	3.37e-01	2.04e-01	1.00e-01	9.72e-02	4.27e-03	6.05e-05
 5.25318e+22	1.11e-35	1.51e-26	3.18e-21	3.63e-17	1.21e-14	1.78e-12	1.93e-10	6.12e-07	1.17e-04	5.48e-03	5.59e-02	2.07e-01	3.41e-01	2.01e-01	9.60e-02	9.03e-02	3.84e-03	5.28e-05
 5.31912e+22	0.00e+00	0.00e+00	4.09e-21	4.58e-17	1.48e-14	2.12e-12	2.23e-10	6.86e-07	1.29e-04	5.92e-03	5.92e-02	2.13e-01	3.44e-01	1.97e-01	9.22e-02	8.46e-02	3.50e-03	4.68e-05
 5.39491e+22	0.00e+00	2.66e-26	5.37e-21	5.87e-17	1.85e-14	2.56e-12	2.62e-10	7.78e-07	1.43e-04	6.44e-03	6.29e-02	2.20e-01	3.47e-01	1.94e-01	8.81e-02	7.86e-02	3.16e-03	4.10e-05
 5.49343e+22	2.84e-35	3.86e-26	7.56e-21	8.04e-17	2.44e-14	3.25e-12	3.20e-10	9.13e-07	1.63e-04	7.14e-03	6.77e-02	2.29e-01	3.50e-01	1.89e-01	8.30e-02	7.15e-02	2.77e-03	3.46e-05
 5.59652e+22	0.00e+00	0.00e+00	1.10e-20	1.13e-16	3.31e-14	4.21e-12	3.96e-10	1.08e-06	1.87e-04	7.96e-03	7.32e-02	2.39e-01	3.52e-01	1.83e-01	7.77e-02	6.46e-02	2.40e-03	2.88e-05
 5.67574e+22	0.00e+00	7.83e-26	1.46e-20	1.47e-16	4.17e-14	5.12e-12	4.66e-10	1.22e-06	2.08e-04	8.64e-03	7.76e-02	2.46e-01	3.54e-01	1.78e-01	7.38e-02	5.96e-02	2.15e-03	2.50e-05
 5.74894e+22	7.32e-35	9.94e-26	1.81e-20	1.79e-16	4.97e-14	5.94e-12	5.29e-10	1.35e-06	2.26e-04	9.22e-03	8.12e-02	2.52e-01	3.54e-01	1.75e-01	7.08e-02	5.59e-02	1.97e-03	2.23e-05
 5.84409e+22	0.00e+00	1.37e-25	2.44e-20	2.35e-16	6.33e-14	7.31e-12	6.29e-10	1.55e-06	2.53e-04	1.01e-02	8.63e-02	2.59e-01	3.55e-01	1.69e-01	6.67e-02	5.11e-02	1.73e-03	1.90e-05
 5.94159e+22	1.41e-34	1.93e-25	3.34e-20	3.12e-16	8.17e-14	9.11e-12	7.55e-10	1.79e-06	2.83e-04	1.10e-02	9.18e-02	2.67e-01	3.55e-01	1.64e-01	6.26e-02	4.65e-02	1.52e-03	1.62e-05
 6.02184e+22	0.00e+00	2.50e-25	4.25e-20	3.88e-16	9.90e-14	1.07e-11	8.65e-10	1.99e-06	3.09e-04	1.18e-02	9.61e-02	2.73e-01	3.55e-01	1.60e-01	5.96e-02	4.32e-02	1.38e-03	1.42e-05
 6.10585e+22	2.37e-34	3.24e-25	5.39e-20	4.83e-16	1.20e-13	1.26e-11	9.94e-10	2.22e-06	3.38e-04	1.26e-02	1.01e-01	2.79e-01	3.54e-01	1.55e-01	5.66e-02	4.00e-02	1.24e-03	1.24e-05
 6.21505e+22	0.00e+00	4.46e-25	7.24e-20	6.31e-16	1.52e-13	1.55e-11	1.18e-09	2.55e-06	3.78e-04	1.37e-02	1.07e-01	2.86e-01	3.53e-01	1.50e-01	5.30e-02	3.64e-02	1.09e-03	1.06e-05
 6.32684e+22	4.61e-34	6.34e-25	1.00e-19	8.48e-16	1.98e-13	1.95e-11	1.42e-09	2.94e-06	4.24e-04	1.50e-02	1.13e-01	2.94e-01	3.51e-01	1.44e-01	4.93e-02	3.28e-02	9.46e-04	8.84e-06
 6.41129e+22	0.00e+00	8.18e-25	1.27e-19	1.05e-15	2.39e-13	2.28e-11	1.63e-09	3.27e-06	4.62e-04	1.60e-02	1.18e-01	2.99e-01	3.49e-01	1.40e-01	4.68e-02	3.03e-02	8.53e-04	7.76e-06
 6.49039e+22	7.33e-34	1.01e-24	1.53e-19	1.25e-15	2.79e-13	2.60e-11	1.82e-09	3.58e-06	4.97e-04	1.69e-02	1.23e-01	3.03e-01	3.47e-01	1.36e-01	4.46e-02	2.84e-02	7.79e-04	6.93e-06
 6.59323e+22	0.00e+00	1.33e-24	1.98e-19	1.57e-15	3.43e-13	3.10e-11	2.11e-09	4.02e-06	5.46e-04	1.82e-02	1.28e-01	3.09e-01	3.44e-01	1.31e-01	4.20e-02	2.60e-02	6.92e-04	5.97e-06
 6.69765e+22	1.29e-33	1.79e-24	2.59e-19	2.01e-15	4.27e-13	3.75e-11	2.47e-09	4.54e-06	6.00e-04	1.95e-02	1.34e-01	3.14e-01	3.41e-01	1.26e-01	3.94e-02	2.37e-02	6.13e-04	5.13e-06
 6.78459e+22	0.00e+00	2.24e-24	3.20e-19	2.43e-15	5.05e-13	4.33e-11	2.79e-09	4.99e-06	6.48e-04	2.07e-02	1.40e-01	3.18e-01	3.39e-01	1.22e-01	3.73e-02	2.20e-02	5.54e-04	4.52e-06
 6.87808e+22	2.02e-33	2.81e-24	3.93e-19	2.93e-15	5.96e-13	4.99e-11	3.14e-09	5.50e-06	7.00e-04	2.19e-02	1.45e-01	3.23e-01	3.36e-01	1.18e-01	3.53e-02	2.04e-02	5.01e-04	3.99e-06
 6.99961e+22	0.00e+00	3.77e-24	5.14e-19	3.73e-15	7.40e-13	6.01e-11	3.68e-09	6.22e-06	7.73e-04	2.35e-02	1.51e-01	3.27e-01	3.32e-01	1.13e-01	3.30e-02	1.85e-02	4.40e-04	3.39e-06
 7.11973e+22	3.67e-33	5.14e-24	6.83e-19	4.84e-15	9.32e-13	7.33e-11	4.33e-09	7.05e-06	8.53e-04	2.53e-02	1.59e-01	3.32e-01	3.27e-01	1.08e-01	3.06e-02	1.67e-02	3.84e-04	2.87e-06
 7.21756e+22	0.00e+00	6.46e-24	8.43e-19	5.85e-15	1.10e-12	8.47e-11	4.89e-09	7.77e-06	9.21e-04	2.68e-02	1.64e-01	3.36e-01	3.23e-01	1.04e-01	2.89e-02	1.54e-02	3.46e-04	2.52e-06
 7.32430e+22	5.78e-33	8.14e-24	1.04e-18	7.07e-15	1.30e-12	9.78e-11	5.53e-09	8.58e-06	9.96e-04	2.83e-02	1.70e-01	3.39e-01	3.19e-01	1.00e-01	2.72e-02	1.42e-02	3.11e-04	2.21e-06
 7.43888e+22	0.00e+00	1.06e-23	1.33e-18	8.82e-15	1.59e-12	1.16e-10	6.38e-09	9.57e-06	1.08e-03	3.01e-02	1.76e-01	3.43e-01	3.14e-01	9.63e-02	2.55e-02	1.30e-02	2.76e-04	1.90e-06
 7.54060e+22	9.42e-33	1.33e-23	1.63e-18	1.06e-14	1.88e-12	1.34e-10	7.19e-09	1.05e-05	1.17e-03	3.18e-02	1.82e-01	3.46e-01	3.10e-01	9.27e-02	2.40e-02	1.20e-02	2.49e-04	1.67e-06
 7.64976e+22	0.00e+00	1.67e-23	2.01e-18	1.28e-14	2.21e-12	1.54e-10	8.11e-09	1.16e-05	1.26e-03	3.35e-02	1.88e-01	3.48e-01	3.06e-01	8.92e-02	2.26e-02	1.11e-02	2.24e-04	1.47e-06
 7.76988e+22	1.52e-32	2.16e-23	2.54e-18	1.59e-14	2.68e-12	1.82e-10	9.30e-09	1.29e-05	1.37e-03	3.56e-02	1.95e-01	3.51e-01	3.00e-01	8.53e-02	2.11e-02	1.01e-02	1.98e-04	1.27e-06
 7.88289e+22	0.00e+00	2.72e-23	3.14e-18	1.92e-14	3.18e-12	2.11e-10	1.05e-08	1.42e-05	1.47e-03	3.76e-02	2.01e-01	3.53e-01	2.95e-01	8.18e-02	1.98e-02	9.25e-03	1.77e-04	1.10e-06
 8.00848e+22	2.40e-32	3.45e-23	3.89e-18	2.33e-14	3.77e-12	2.44e-10	1.19e-08	1.57e-05	1.59e-03	3.97e-02	2.08e-01	3.56e-01	2.90e-01	7.83e-02	1.85e-02	8.48e-03	1.58e-04	9.59e-07
 8.14486e+22	0.00e+00	4.55e-23	5.02e-18	2.93e-14	4.63e-12	2.92e-10	1.39e-08	1.76e-05	1.74e-03	4.23e-02	2.15e-01	3.58e-01	2.84e-01	7.44e-02	1.72e-02	7.66e-03	1.39e-04	0.00e+00
 8.26951e+22	4.00e-32	5.78e-23	6.24e-18	3.57e-14	5.51e-12	3.39e-10	1.57e-08	1.94e-05	1.88e-03	4.46e-02	2.22e-01	3.59e-01	2.78e-01	7.10e-02	1.60e-02	7.00e-03	1.24e-04	0.00e+00
 8.40581e+22	0.00e+00	7.33e-23	7.75e-18	4.34e-14	6.55e-12	3.93e-10	1.78e-08	2.15e-05	2.03e-03	4.71e-02	2.29e-01	3.61e-01	2.73e-01	6.77e-02	1.49e-02	6.38e-03	1.10e-04	0.00e+00
 8.55668e+22	6.67e-32	9.73e-23	1.00e-17	5.49e-14	8.09e-12	4.72e-10	2.08e-08	2.42e-05	2.22e-03	5.02e-02	2.37e-01	3.62e-01	2.66e-01	6.40e-02	1.38e-02	5.72e-03	9.53e-05	0.00e+00
 8.69989e+22	0.00e+00	1.25e-22	1.26e-17	6.74e-14	9.72e-12	5.53e-10	2.37e-08	2.69e-05	2.41e-03	5.31e-02	2.44e-01	3.63e-01	2.59e-01	6.08e-02	1.28e-02	5.19e-03	8.41e-05	0.00e+00
 8.85944e+22	1.09e-31	1.62e-22	1.60e-17	8.36e-14	1.18e-11	6.53e-10	2.73e-08	3.01e-05	2.62e-03	5.63e-02	2.51e-01	3.63e-01	2.52e-01	5.75e-02	1.18e-02	4.67e-03	7.35e-05	0.00e+00
 9.03271e+22	0.00e+00	2.19e-22	2.11e-17	1.07e-13	1.47e-11	7.90e-10	3.21e-08	3.40e-05	2.87e-03	5.99e-02	2.60e-01	3.63e-01	2.45e-01	5.40e-02	1.08e-02	4.16e-03	6.33e-05	0.00e+00
 9.19879e+22	1.89e-31	2.86e-22	2.69e-17	1.33e-13	1.79e-11	9.37e-10	3.70e-08	3.81e-05	3.12e-03	6.35e-02	2.68e-01	3.63e-01	2.38e-01	5.08e-02	9.87e-03	3.72e-03	5.51e-05	0.00e+00
 9.38964e+22	0.00e+00	3.83e-22	3.50e-17	1.69e-13	2.21e-11	1.13e-09	4.33e-08	4.31e-05	3.43e-03	6.76e-02	2.77e-01	3.63e-01	2.30e-01	4.75e-02	8.98e-03	3.30e-03	4.72e-05	0.00e+00
 9.59540e+22	3.42e-31	5.30e-22	4.71e-17	2.21e-13	2.81e-11	1.39e-09	5.14e-08	4.92e-05	3.78e-03	7.23e-02	2.86e-01	3.61e-01	2.21e-01	4.41e-02	8.09e-03	2.89e-03	3.98e-05	0.00e+00
 9.77633e+22	0.00e+00	6.99e-22	6.05e-17	2.77e-13	3.43e-11	1.65e-09	5.95e-08	5.51e-05	4.11e-03	7.65e-02	2.94e-01	3.60e-01	2.14e-01	4.13e-02	7.38e-03	2.57e-03	3.44e-05	0.00e+00
 9.96733e+22	5.61e-31	9.00e-22	7.62e-17	3.41e-13	4.12e-11	1.93e-09	6.82e-08	6.15e-05	4.46e-03	8.08e-02	3.02e-01	3.58e-01	2.06e-01	3.87e-02	6.75e-03	2.29e-03	2.98e-05	0.00e+00
 1.02156e+23	0.00e+00	1.25e-21	1.02e-16	4.44e-13	5.22e-11	2.37e-09	8.11e-08	7.04e-05	4.93e-03	8.64e-02	3.12e-01	3.56e-01	1.98e-01	3.57e-02	6.04e-03	1.99e-03	2.49e-05	0.00e+00
