#depth	Ar	Ar+	Ar+2	Ar+3	Ar+4	Ar+5	Ar+6	Ar+7	Ar+8	Ar+9	Ar+10	Ar+11	Ar+12	Ar+13	Ar+14	Ar+15	Ar+16	Ar+17	Ar+18
 1.54284e+19	0.00e+00	0.00e+00	0.00e+00	0.00e+00	0.00e+00	0.00e+00	0.00e+00	7.36e-36	2.55e-30	1.08e-25	9.73e-22	3.23e-18	5.86e-15	5.04e-12	3.68e-09	2.29e-06	1.81e-03	7.38e-02	9.24e-01
 9.25702e+19	0.00e+00	0.00e+00	0.00e+00	0.00e+00	0.00e+00	0.00e+00	0.00e+00	0.00e+00	4.20e-30	1.68e-25	1.44e-21	4.52e-18	7.82e-15	6.41e-12	4.47e-09	2.65e-06	1.99e-03	7.72e-02	9.21e-01
 2.19083e+20	0.00e+00	0.00e+00	0.00e+00	0.00e+00	0.00e+00	0.00e+00	0.00e+00	3.05e-35	9.77e-30	3.54e-25	2.78e-21	8.04e-18	1.28e-14	9.70e-12	6.21e-09	3.38e-06	2.33e-03	8.33e-02	9.14e-01
 3.51273e+20	0.00e+00	0.00e+00	0.00e+00	0.00e+00	0.00e+00	0.00e+00	0.00e+00	0.00e+00	2.24e-29	7.35e-25	5.33e-21	1.41e-17	2.08e-14	1.45e-11	8.55e-09	4.29e-06	2.72e-03	8.97e-02	9.08e-01
 4.65778e+20	0.00e+00	0.00e+00	0.00e+00	0.00e+00	0.00e+00	0.00e+00	0.00e+00	1.68e-34	4.56e-29	1.38e-24	9.33e-21	2.30e-17	3.16e-14	2.06e-11	1.13e-08	5.27e-06	3.11e-03	9.55e-02	9.01e-01
 5.52029e+20	0.00e+00	0.00e+00	0.00e+00	0.00e+00	0.00e+00	0.00e+00	0.00e+00	0.00e+00	7.58e-29	2.17e-24	1.39e-20	3.26e-17	4.27e-14	2.65e-11	1.38e-08	6.11e-06	3.43e-03	9.99e-02	8.97e-01
 6.42047e+20	0.00e+00	0.00e+00	0.00e+00	0.00e+00	0.00e+00	0.00e+00	0.00e+00	5.19e-34	1.25e-28	3.37e-24	2.07e-20	4.60e-17	5.75e-14	3.40e-11	1.68e-08	7.10e-06	3.78e-03	1.05e-01	8.92e-01
 7.42949e+20	0.00e+00	0.00e+00	0.00e+00	0.00e+00	0.00e+00	0.00e+00	0.00e+00	0.00e+00	2.22e-28	5.61e-24	3.25e-20	6.82e-17	8.08e-14	4.51e-11	2.11e-08	8.39e-06	4.21e-03	1.10e-01	8.86e-01
 8.36894e+20	0.00e+00	0.00e+00	0.00e+00	0.00e+00	0.00e+00	0.00e+00	0.00e+00	1.75e-33	3.75e-28	8.94e-24	4.92e-20	9.77e-17	1.10e-13	5.84e-11	2.59e-08	9.77e-06	4.64e-03	1.15e-01	8.80e-01
 9.24166e+20	0.00e+00	0.00e+00	0.00e+00	0.00e+00	0.00e+00	0.00e+00	0.00e+00	0.00e+00	0.00e+00	1.37e-23	7.16e-20	1.35e-16	1.46e-13	7.37e-11	3.12e-08	1.12e-05	5.06e-03	1.20e-01	8.75e-01
 1.02387e+21	0.00e+00	0.00e+00	0.00e+00	0.00e+00	0.00e+00	0.00e+00	0.00e+00	0.00e+00	1.02e-27	2.19e-23	1.09e-19	1.95e-16	1.99e-13	9.58e-11	3.84e-08	1.31e-05	5.59e-03	1.26e-01	8.69e-01
 1.13572e+21	0.00e+00	0.00e+00	0.00e+00	0.00e+00	0.00e+00	0.00e+00	0.00e+00	1.01e-32	1.83e-27	3.67e-23	1.72e-19	2.90e-16	2.81e-13	1.28e-10	4.82e-08	1.55e-05	6.23e-03	1.32e-01	8.62e-01
 1.23792e+21	0.00e+00	0.00e+00	0.00e+00	0.00e+00	0.00e+00	0.00e+00	0.00e+00	0.00e+00	0.00e+00	5.84e-23	2.60e-19	4.15e-16	3.82e-13	1.65e-10	5.92e-08	1.80e-05	6.86e-03	1.38e-01	8.55e-01
 1.32956e+21	0.00e+00	0.00e+00	0.00e+00	0.00e+00	0.00e+00	0.00e+00	0.00e+00	0.00e+00	4.94e-27	8.90e-23	3.77e-19	5.73e-16	5.03e-13	2.08e-10	7.09e-08	2.05e-05	7.46e-03	1.43e-01	8.49e-01
 1.43289e+21	0.00e+00	0.00e+00	0.00e+00	0.00e+00	0.00e+00	0.00e+00	0.00e+00	5.39e-32	8.18e-27	1.40e-22	5.63e-19	8.12e-16	6.79e-13	2.67e-10	8.65e-08	2.38e-05	8.20e-03	1.50e-01	8.42e-01
 1.54968e+21	0.00e+00	0.00e+00	0.00e+00	0.00e+00	0.00e+00	0.00e+00	2.21e-37	1.00e-31	1.43e-26	2.31e-22	8.79e-19	1.20e-15	9.48e-13	3.53e-10	1.08e-07	2.80e-05	9.09e-03	1.57e-01	8.34e-01
 1.66099e+21	0.00e+00	0.00e+00	0.00e+00	0.00e+00	0.00e+00	0.00e+00	0.00e+00	0.00e+00	2.35e-26	3.61e-22	1.31e-18	1.70e-15	1.29e-12	4.56e-10	1.32e-07	3.26e-05	1.00e-02	1.64e-01	8.26e-01
 1.76215e+21	0.00e+00	0.00e+00	0.00e+00	0.00e+00	0.00e+00	0.00e+00	0.00e+00	2.95e-31	3.73e-26	5.45e-22	1.89e-18	2.34e-15	1.69e-12	5.73e-10	1.58e-07	3.72e-05	1.09e-02	1.70e-01	8.19e-01
 1.87311e+21	0.00e+00	0.00e+00	0.00e+00	0.00e+00	0.00e+00	0.00e+00	1.40e-36	5.12e-31	6.11e-26	8.51e-22	2.81e-18	3.30e-15	2.28e-12	7.36e-10	1.93e-07	4.31e-05	1.19e-02	1.77e-01	8.11e-01
 1.98758e+21	0.00e+00	0.00e+00	0.00e+00	0.00e+00	0.00e+00	0.00e+00	0.00e+00	0.00e+00	1.01e-25	1.34e-21	4.19e-18	4.68e-15	3.08e-12	9.47e-10	2.36e-07	4.99e-05	1.31e-02	1.85e-01	8.02e-01
 2.08177e+21	0.00e+00	0.00e+00	0.00e+00	0.00e+00	0.00e+00	0.00e+00	0.00e+00	1.42e-30	1.51e-25	1.93e-21	5.80e-18	6.21e-15	3.93e-12	1.16e-09	2.77e-07	5.62e-05	1.41e-02	1.91e-01	7.95e-01
 2.17941e+21	0.00e+00	0.00e+00	0.00e+00	0.00e+00	0.00e+00	0.00e+00	7.59e-36	2.25e-30	2.28e-25	2.79e-21	8.05e-18	8.27e-15	5.03e-12	1.43e-09	3.26e-07	6.34e-05	1.52e-02	1.97e-01	7.88e-01
 2.30633e+21	0.00e+00	0.00e+00	0.00e+00	0.00e+00	0.00e+00	0.00e+00	0.00e+00	0.00e+00	3.92e-25	4.54e-21	1.24e-17	1.20e-14	6.95e-12	1.87e-09	4.03e-07	7.40e-05	1.68e-02	2.06e-01	7.78e-01
 2.43496e+21	0.00e+00	0.00e+00	0.00e+00	0.00e+00	0.00e+00	0.00e+00	0.00e+00	7.33e-30	6.60e-25	7.29e-21	1.89e-17	1.74e-14	9.55e-12	2.44e-09	4.97e-07	8.63e-05	1.85e-02	2.14e-01	7.67e-01
 2.53407e+21	0.00e+00	0.00e+00	0.00e+00	0.00e+00	0.00e+00	0.00e+00	3.91e-35	9.31e-30	9.59e-25	1.02e-20	2.56e-17	2.27e-14	1.21e-11	2.97e-09	5.81e-07	9.67e-05	1.98e-02	2.21e-01	7.59e-01
 2.63118e+21	0.00e+00	0.00e+00	0.00e+00	0.00e+00	0.00e+00	0.00e+00	0.00e+00	0.00e+00	1.40e-24	1.44e-20	3.46e-17	2.96e-14	1.52e-11	3.60e-09	6.75e-07	1.08e-04	2.13e-02	2.27e-01	7.51e-01
 2.75741e+21	0.00e+00	0.00e+00	0.00e+00	0.00e+00	0.00e+00	0.00e+00	0.00e+00	2.99e-29	2.30e-24	2.26e-20	5.17e-17	4.20e-14	2.05e-11	4.63e-09	8.22e-07	1.25e-04	2.32e-02	2.36e-01	7.41e-01
 2.88739e+21	0.00e+00	0.00e+00	0.00e+00	0.00e+00	0.00e+00	0.00e+00	2.17e-34	4.23e-29	3.74e-24	3.53e-20	7.68e-17	5.94e-14	2.76e-11	5.95e-09	1.00e-06	1.44e-04	2.54e-02	2.45e-01	7.30e-01
 2.99357e+21	0.00e+00	0.00e+00	0.00e+00	0.00e+00	0.00e+00	0.00e+00	0.00e+00	0.00e+00	5.44e-24	4.96e-20	1.04e-16	7.78e-14	3.50e-11	7.25e-09	1.17e-06	1.62e-04	2.73e-02	2.52e-01	7.20e-01
 3.08219e+21	0.00e+00	0.00e+00	0.00e+00	0.00e+00	0.00e+00	0.00e+00	0.00e+00	1.16e-28	7.58e-24	6.70e-20	1.36e-16	9.80e-14	4.27e-11	8.56e-09	1.33e-06	1.78e-04	2.89e-02	2.58e-01	7.13e-01
 3.17664e+21	0.00e+00	0.00e+00	0.00e+00	0.00e+00	0.00e+00	0.00e+00	8.33e-34	1.36e-28	1.05e-23	9.02e-20	1.78e-16	1.24e-13	5.24e-11	1.02e-08	1.53e-06	1.97e-04	3.07e-02	2.65e-01	7.04e-01
 3.29943e+21	0.00e+00	0.00e+00	0.00e+00	0.00e+00	0.00e+00	0.00e+00	0.00e+00	0.00e+00	1.63e-23	1.35e-19	2.54e-16	1.70e-13	6.86e-11	1.28e-08	1.83e-06	2.23e-04	3.32e-02	2.73e-01	6.94e-01
 3.42389e+21	0.00e+00	0.00e+00	0.00e+00	0.00e+00	0.00e+00	0.00e+00	0.00e+00	4.42e-28	2.51e-23	2.00e-19	3.61e-16	2.31e-13	8.96e-11	1.60e-08	2.18e-06	2.54e-04	3.59e-02	2.81e-01	6.82e-01
 3.52250e+21	0.00e+00	0.00e+00	0.00e+00	0.00e+00	0.00e+00	0.00e+00	3.83e-33	5.14e-28	3.45e-23	2.68e-19	4.70e-16	2.91e-13	1.10e-10	1.90e-08	2.49e-06	2.80e-04	3.82e-02	2.88e-01	6.73e-01
 3.62268e+21	0.00e+00	0.00e+00	0.00e+00	0.00e+00	0.00e+00	0.00e+00	0.00e+00	0.00e+00	4.81e-23	3.63e-19	6.16e-16	3.69e-13	1.35e-10	2.25e-08	2.85e-06	3.09e-04	4.05e-02	2.95e-01	6.64e-01
 3.73569e+21	0.00e+00	0.00e+00	0.00e+00	0.00e+00	0.00e+00	0.00e+00	0.00e+00	1.42e-27	7.05e-23	5.15e-19	8.41e-16	4.86e-13	1.71e-10	2.75e-08	3.33e-06	3.45e-04	4.33e-02	3.02e-01	6.54e-01
 3.84133e+21	0.00e+00	0.00e+00	0.00e+00	0.00e+00	0.00e+00	0.00e+00	1.45e-32	1.65e-27	9.81e-23	6.97e-19	1.10e-15	6.18e-13	2.11e-10	3.28e-08	3.82e-06	3.82e-04	4.61e-02	3.09e-01	6.44e-01
 3.93823e+21	0.00e+00	0.00e+00	0.00e+00	0.00e+00	0.00e+00	0.00e+00	0.00e+00	0.00e+00	1.35e-22	9.31e-19	1.43e-15	7.74e-13	2.57e-10	3.86e-08	4.34e-06	4.18e-04	4.87e-02	3.16e-01	6.35e-01
 4.04785e+21	0.00e+00	0.00e+00	0.00e+00	0.00e+00	0.00e+00	0.00e+00	0.00e+00	4.32e-27	1.90e-22	1.28e-18	1.89e-15	9.92e-13	3.18e-10	4.63e-08	5.00e-06	4.63e-04	5.17e-02	3.23e-01	6.25e-01
 4.16237e+21	0.00e+00	0.00e+00	0.00e+00	0.00e+00	0.00e+00	0.00e+00	5.30e-32	5.09e-27	2.70e-22	1.77e-18	2.53e-15	1.28e-12	3.98e-10	5.59e-08	5.79e-06	5.15e-04	5.51e-02	3.30e-01	6.14e-01
 4.25797e+21	0.00e+00	0.00e+00	0.00e+00	0.00e+00	0.00e+00	8.21e-37	7.70e-32	6.99e-27	3.58e-22	2.29e-18	3.20e-15	1.58e-12	4.77e-10	6.51e-08	6.52e-06	5.61e-04	5.80e-02	3.36e-01	6.05e-01
 4.35696e+21	0.00e+00	0.00e+00	0.00e+00	0.00e+00	0.00e+00	0.00e+00	0.00e+00	9.69e-27	4.80e-22	3.00e-18	4.08e-15	1.95e-12	5.75e-10	7.61e-08	7.36e-06	6.13e-04	6.11e-02	3.43e-01	5.96e-01
 4.48565e+21	0.00e+00	0.00e+00	0.00e+00	0.00e+00	0.00e+00	0.00e+00	1.81e-31	1.48e-26	7.08e-22	4.28e-18	5.61e-15	2.58e-12	7.32e-10	9.32e-08	8.62e-06	6.85e-04	6.53e-02	3.50e-01	5.84e-01
 4.61541e+21	0.00e+00	0.00e+00	0.00e+00	0.00e+00	0.00e+00	3.71e-36	2.94e-31	2.26e-26	1.03e-21	6.07e-18	7.67e-15	3.41e-12	9.32e-10	1.14e-07	1.01e-05	7.67e-04	6.97e-02	3.58e-01	5.71e-01
 4.71709e+21	0.00e+00	0.00e+00	0.00e+00	0.00e+00	0.00e+00	0.00e+00	0.00e+00	3.13e-26	1.38e-21	7.92e-18	9.74e-15	4.21e-12	1.12e-09	1.33e-07	1.14e-05	8.36e-04	7.34e-02	3.64e-01	5.62e-01
 4.81980e+21	0.00e+00	0.00e+00	0.00e+00	0.00e+00	0.00e+00	0.00e+00	6.20e-31	4.26e-26	1.82e-21	1.03e-17	1.23e-14	5.18e-12	1.35e-09	1.55e-07	1.28e-05	9.10e-04	7.71e-02	3.70e-01	5.52e-01
 4.93498e+21	0.00e+00	0.00e+00	0.00e+00	0.00e+00	0.00e+00	1.38e-35	9.36e-31	6.11e-26	2.53e-21	1.39e-17	1.61e-14	6.56e-12	1.65e-09	1.84e-07	1.46e-05	1.00e-03	8.14e-02	3.77e-01	5.41e-01
 5.04290e+21	0.00e+00	0.00e+00	0.00e+00	0.00e+00	0.00e+00	0.00e+00	0.00e+00	8.48e-26	3.40e-21	1.82e-17	2.06e-14	8.15e-12	2.00e-09	2.16e-07	1.65e-05	1.09e-03	8.57e-02	3.82e-01	5.31e-01
 5.14279e+21	0.00e+00	0.00e+00	0.00e+00	0.00e+00	0.00e+00	0.00e+00	1.93e-30	1.13e-25	4.42e-21	2.32e-17	2.57e-14	9.91e-12	2.37e-09	2.50e-07	1.85e-05	1.18e-03	8.97e-02	3.88e-01	5.21e-01
 5.25568e+21	0.00e+00	0.00e+00	0.00e+00	0.00e+00	0.00e+00	4.86e-35	2.83e-30	1.58e-25	5.99e-21	3.08e-17	3.30e-14	1.24e-11	2.87e-09	2.94e-07	2.09e-05	1.29e-03	9.43e-02	3.94e-01	5.11e-01
 5.38231e+21	0.00e+00	0.00e+00	0.00e+00	0.00e+00	0.00e+00	0.00e+00	0.00e+00	2.28e-25	8.35e-21	4.18e-17	4.35e-14	1.58e-11	3.56e-09	3.51e-07	2.41e-05	1.42e-03	9.98e-02	4.00e-01	4.99e-01
 5.49558e+21	0.00e+00	0.00e+00	0.00e+00	0.00e+00	0.00e+00	0.00e+00	6.31e-30	3.16e-25	1.12e-20	5.49e-17	5.56e-14	1.96e-11	4.30e-09	4.12e-07	2.72e-05	1.55e-03	1.05e-01	4.05e-01	4.88e-01
 5.59279e+21	0.00e+00	0.00e+00	0.00e+00	0.00e+00	0.00e+00	1.53e-34	7.61e-30	4.12e-25	1.42e-20	6.85e-17	6.81e-14	2.35e-11	5.04e-09	4.71e-07	3.01e-05	1.67e-03	1.09e-01	4.10e-01	4.79e-01
 5.70032e+21	0.00e+00	0.00e+00	0.00e+00	0.00e+00	0.00e+00	0.00e+00	0.00e+00	5.55e-25	1.87e-20	8.83e-17	8.54e-14	2.87e-11	6.00e-09	5.44e-07	3.37e-05	1.80e-03	1.14e-01	4.15e-01	4.69e-01
 5.84011e+21	0.00e+00	0.00e+00	0.00e+00	0.00e+00	0.00e+00	0.00e+00	1.87e-29	8.06e-25	2.64e-20	1.21e-16	1.14e-13	3.71e-11	7.50e-09	6.56e-07	3.89e-05	1.99e-03	1.21e-01	4.21e-01	4.57e-01
 5.98261e+21	0.00e+00	0.00e+00	0.00e+00	0.00e+00	0.00e+00	6.05e-34	2.56e-29	1.18e-24	3.74e-20	1.68e-16	1.53e-13	4.81e-11	9.41e-09	7.93e-07	4.49e-05	2.20e-03	1.28e-01	4.26e-01	4.44e-01
 6.09632e+21	0.00e+00	0.00e+00	0.00e+00	0.00e+00	0.00e+00	0.00e+00	0.00e+00	1.60e-24	4.92e-20	2.16e-16	1.92e-13	5.89e-11	1.12e-08	9.20e-07	5.03e-05	2.38e-03	1.33e-01	4.31e-01	4.34e-01
 6.21183e+21	0.00e+00	0.00e+00	0.00e+00	0.00e+00	0.00e+00	0.00e+00	5.89e-29	2.14e-24	6.44e-20	2.78e-16	2.41e-13	7.19e-11	1.34e-08	1.06e-06	5.63e-05	2.57e-03	1.39e-01	4.35e-01	4.24e-01
 6.34147e+21	0.00e+00	0.00e+00	0.00e+00	0.00e+00	0.00e+00	2.07e-33	7.52e-29	2.97e-24	8.71e-20	3.67e-16	3.10e-13	9.01e-11	1.63e-08	1.26e-06	6.38e-05	2.80e-03	1.46e-01	4.39e-01	4.12e-01
 6.46248e+21	0.00e+00	0.00e+00	0.00e+00	0.00e+00	0.00e+00	0.00e+00	0.00e+00	4.03e-24	1.15e-19	4.75e-16	3.92e-13	1.11e-10	1.95e-08	1.46e-06	7.16e-05	3.04e-03	1.52e-01	4.43e-01	4.02e-01
 6.57397e+21	0.00e+00	0.00e+00	0.00e+00	0.00e+00	0.00e+00	0.00e+00	1.70e-28	5.30e-24	1.48e-19	6.00e-16	4.84e-13	1.34e-10	2.30e-08	1.67e-06	7.94e-05	3.26e-03	1.58e-01	4.46e-01	3.92e-01
 6.70010e+21	0.00e+00	0.00e+00	0.00e+00	0.00e+00	0.00e+00	6.69e-33	2.09e-28	7.14e-24	1.95e-19	7.77e-16	6.12e-13	1.65e-10	2.76e-08	1.95e-06	8.91e-05	3.53e-03	1.65e-01	4.49e-01	3.82e-01
 6.84197e+21	0.00e+00	0.00e+00	0.00e+00	0.00e+00	0.00e+00	0.00e+00	0.00e+00	9.99e-24	2.67e-19	1.04e-15	7.96e-13	2.08e-10	3.38e-08	2.31e-06	1.01e-04	3.85e-03	1.73e-01	4.53e-01	3.70e-01
 6.97477e+21	0.00e+00	0.00e+00	0.00e+00	0.00e+00	0.00e+00	0.00e+00	5.14e-28	1.36e-23	3.56e-19	1.36e-15	1.01e-12	2.58e-10	4.08e-08	2.70e-06	1.14e-04	4.17e-03	1.81e-01	4.56e-01	3.59e-01
 7.09745e+21	0.00e+00	0.00e+00	0.00e+00	0.00e+00	0.00e+00	2.32e-32	6.20e-28	1.81e-23	4.62e-19	1.73e-15	1.26e-12	3.13e-10	4.83e-08	3.11e-06	1.27e-04	4.48e-03	1.88e-01	4.58e-01	3.50e-01
 7.23650e+21	0.00e+00	0.00e+00	0.00e+00	0.00e+00	0.00e+00	0.00e+00	0.00e+00	2.46e-23	6.16e-19	2.26e-15	1.61e-12	3.88e-10	5.83e-08	3.63e-06	1.43e-04	4.85e-03	1.96e-01	4.60e-01	3.39e-01
 7.38879e+21	0.00e+00	0.00e+00	0.00e+00	0.00e+00	0.00e+00	0.00e+00	1.52e-27	3.45e-23	8.44e-19	3.02e-15	2.10e-12	4.91e-10	7.16e-08	4.30e-06	1.62e-04	5.28e-03	2.05e-01	4.63e-01	3.27e-01
 7.52622e+21	0.00e+00	0.00e+00	0.00e+00	0.00e+00	0.00e+00	8.22e-32	1.87e-27	4.65e-23	1.12e-18	3.92e-15	2.66e-12	6.05e-10	8.59e-08	5.00e-06	1.82e-04	5.70e-03	2.13e-01	4.64e-01	3.17e-01
 7.65027e+21	0.00e+00	0.00e+00	0.00e+00	0.00e+00	1.95e-36	1.17e-31	2.55e-27	6.05e-23	1.42e-18	4.91e-15	3.26e-12	7.25e-10	1.00e-07	5.69e-06	2.00e-04	6.08e-03	2.20e-01	4.65e-01	3.09e-01
 7.78902e+21	0.00e+00	0.00e+00	0.00e+00	0.00e+00	0.00e+00	0.00e+00	0.00e+00	8.08e-23	1.87e-18	6.33e-15	4.10e-12	8.90e-10	1.20e-07	6.60e-06	2.24e-04	6.54e-03	2.28e-01	4.66e-01	2.99e-01
 7.94414e+21	0.00e+00	0.00e+00	0.00e+00	0.00e+00	0.00e+00	0.00e+00	6.02e-27	1.11e-22	2.52e-18	8.34e-15	5.27e-12	1.11e-09	1.45e-07	7.73e-06	2.52e-04	7.07e-03	2.37e-01	4.67e-01	2.88e-01
 8.09175e+21	0.00e+00	0.00e+00	0.00e+00	0.00e+00	0.00e+00	3.96e-31	7.38e-27	1.50e-22	3.36e-18	1.09e-14	6.71e-12	1.37e-09	1.75e-07	9.02e-06	2.82e-04	7.63e-03	2.47e-01	4.67e-01	2.78e-01
 8.23059e+21	0.00e+00	0.00e+00	0.00e+00	0.00e+00	1.16e-35	5.75e-31	1.02e-26	1.98e-22	4.35e-18	1.38e-14	8.34e-12	1.67e-09	2.07e-07	1.03e-05	3.13e-04	8.16e-03	2.55e-01	4.67e-01	2.69e-01
 8.38682e+21	0.00e+00	0.00e+00	0.00e+00	0.00e+00	0.00e+00	0.00e+00	1.45e-26	2.67e-22	5.79e-18	1.80e-14	1.06e-11	2.06e-09	2.49e-07	1.20e-05	3.50e-04	8.78e-03	2.64e-01	4.67e-01	2.59e-01
 8.56038e+21	0.00e+00	0.00e+00	0.00e+00	0.00e+00	0.00e+00	1.33e-30	2.13e-26	3.72e-22	7.92e-18	2.40e-14	1.38e-11	2.59e-09	3.03e-07	1.42e-05	3.95e-04	9.49e-03	2.74e-01	4.67e-01	2.49e-01
 8.71847e+21	0.00e+00	0.00e+00	0.00e+00	0.00e+00	4.73e-35	2.01e-30	3.05e-26	5.04e-22	1.06e-17	3.14e-14	1.75e-11	3.21e-09	3.66e-07	1.65e-05	4.42e-04	1.02e-02	2.84e-01	4.65e-01	2.40e-01
 8.85835e+21	0.00e+00	0.00e+00	0.00e+00	0.00e+00	0.00e+00	0.00e+00	4.15e-26	6.54e-22	1.35e-17	3.94e-14	2.15e-11	3.85e-09	4.28e-07	1.88e-05	4.86e-04	1.09e-02	2.93e-01	4.64e-01	2.32e-01
 9.01258e+21	0.00e+00	0.00e+00	0.00e+00	0.00e+00	0.00e+00	4.12e-30	5.71e-26	8.60e-22	1.75e-17	5.01e-14	2.67e-11	4.66e-09	5.03e-07	2.14e-05	5.36e-04	1.16e-02	3.01e-01	4.63e-01	2.24e-01
 9.21309e+21	0.00e+00	0.00e+00	0.00e+00	0.00e+00	1.78e-34	6.60e-30	8.63e-26	1.23e-21	2.47e-17	6.88e-14	3.57e-11	6.01e-09	6.27e-07	2.56e-05	6.11e-04	1.26e-02	3.13e-01	4.60e-01	2.13e-01
 9.41694e+21	0.00e+00	0.00e+00	0.00e+00	0.00e+00	0.00e+00	0.00e+00	1.32e-25	1.77e-21	3.49e-17	9.46e-14	4.76e-11	7.74e-09	7.80e-07	3.06e-05	6.97e-04	1.37e-02	3.25e-01	4.58e-01	2.03e-01
 9.58120e+21	0.00e+00	0.00e+00	0.00e+00	0.00e+00	0.00e+00	1.59e-29	1.86e-25	2.35e-21	4.57e-17	1.21e-13	5.95e-11	9.43e-09	9.24e-07	3.51e-05	7.70e-04	1.46e-02	3.35e-01	4.55e-01	1.95e-01
 9.75080e+21	0.00e+00	0.00e+00	0.00e+00	0.00e+00	7.34e-34	2.33e-29	2.59e-25	3.12e-21	6.00e-17	1.55e-13	7.45e-11	1.15e-08	1.09e-06	4.03e-05	8.51e-04	1.55e-02	3.44e-01	4.52e-01	1.87e-01
 9.97128e+21	0.00e+00	0.00e+00	0.00e+00	0.00e+00	0.00e+00	0.00e+00	3.93e-25	4.48e-21	8.50e-17	2.14e-13	9.94e-11	1.48e-08	1.36e-06	4.80e-05	9.67e-04	1.68e-02	3.57e-01	4.48e-01	1.77e-01
 1.01964e+22	0.00e+00	0.00e+00	0.00e+00	0.00e+00	0.00e+00	6.17e-29	6.08e-25	6.51e-21	1.21e-16	2.97e-13	1.33e-10	1.91e-08	1.69e-06	5.73e-05	1.10e-03	1.82e-02	3.69e-01	4.43e-01	1.68e-01
 1.03729e+22	0.00e+00	0.00e+00	0.00e+00	0.00e+00	3.40e-33	9.15e-29	8.56e-25	8.66e-21	1.59e-16	3.80e-13	1.66e-10	2.32e-08	2.00e-06	6.55e-05	1.21e-03	1.93e-02	3.79e-01	4.40e-01	1.61e-01
 1.05478e+22	0.00e+00	0.00e+00	0.00e+00	0.00e+00	0.00e+00	0.00e+00	1.17e-24	1.14e-20	2.06e-16	4.81e-13	2.06e-10	2.80e-08	2.34e-06	7.44e-05	1.33e-03	2.05e-02	3.88e-01	4.36e-01	1.54e-01
 1.07751e+22	0.00e+00	0.00e+00	0.00e+00	0.00e+00	0.00e+00	2.07e-28	1.76e-24	1.61e-20	2.89e-16	6.54e-13	2.71e-10	3.56e-08	2.88e-06	8.77e-05	1.50e-03	2.20e-02	4.00e-01	4.30e-01	1.46e-01
 1.10136e+22	0.00e+00	0.00e+00	0.00e+00	0.00e+00	1.46e-32	3.39e-28	2.70e-24	2.33e-20	4.10e-16	9.01e-13	3.61e-10	4.57e-08	3.56e-06	1.04e-04	1.70e-03	2.37e-02	4.12e-01	4.24e-01	1.38e-01
 1.12144e+22	0.00e+00	0.00e+00	0.00e+00	0.00e+00	0.00e+00	0.00e+00	3.87e-24	3.15e-20	5.46e-16	1.17e-12	4.57e-10	5.61e-08	4.23e-06	1.20e-04	1.87e-03	2.52e-02	4.22e-01	4.19e-01	1.31e-01
 1.14234e+22	0.00e+00	0.00e+00	0.00e+00	0.00e+00	0.00e+00	7.68e-28	5.51e-24	4.26e-20	7.31e-16	1.52e-12	5.78e-10	6.89e-08	5.04e-06	1.37e-04	2.07e-03	2.68e-02	4.32e-01	4.14e-01	1.25e-01
 1.16950e+22	0.00e+00	0.00e+00	0.00e+00	0.00e+00	6.42e-32	1.28e-27	8.63e-24	6.29e-20	1.06e-15	2.14e-12	7.83e-10	8.97e-08	6.30e-06	1.64e-04	2.35e-03	2.89e-02	4.45e-01	4.06e-01	1.17e-01
 1.19706e+22	0.00e+00	0.00e+00	0.00e+00	1.57e-36	1.17e-31	2.18e-27	1.38e-23	9.37e-20	1.55e-15	3.02e-12	1.06e-09	1.17e-07	7.89e-06	1.96e-04	2.67e-03	3.12e-02	4.58e-01	3.99e-01	1.10e-01
 1.21788e+22	0.00e+00	0.00e+00	0.00e+00	0.00e+00	0.00e+00	0.00e+00	1.96e-23	1.26e-19	2.05e-15	3.88e-12	1.33e-09	1.42e-07	9.30e-06	2.24e-04	2.93e-03	3.29e-02	4.67e-01	3.93e-01	1.05e-01
 1.23770e+22	0.00e+00	0.00e+00	0.00e+00	0.00e+00	0.00e+00	4.66e-27	2.66e-23	1.63e-19	2.63e-15	4.86e-12	1.63e-09	1.70e-07	1.08e-05	2.52e-04	3.19e-03	3.46e-02	4.75e-01	3.87e-01	9.98e-02
 1.26348e+22	0.00e+00	0.00e+00	0.00e+00	0.00e+00	4.56e-31	7.38e-27	4.00e-23	2.33e-19	3.70e-15	6.59e-12	2.13e-09	2.14e-07	1.31e-05	2.94e-04	3.55e-03	3.69e-02	4.86e-01	3.80e-01	9.40e-02
 1.29073e+22	0.00e+00	0.00e+00	0.00e+00	1.22e-35	7.91e-31	1.21e-26	6.17e-23	3.37e-19	5.26e-15	9.03e-12	2.83e-09	2.73e-07	1.61e-05	3.45e-04	3.98e-03	3.94e-02	4.96e-01	3.72e-01	8.82e-02
 1.31392e+22	0.00e+00	0.00e+00	0.00e+00	0.00e+00	0.00e+00	1.84e-26	8.90e-23	4.58e-19	7.02e-15	1.17e-11	3.56e-09	3.33e-07	1.90e-05	3.94e-04	4.37e-03	4.15e-02	5.05e-01	3.65e-01	8.35e-02
 1.33810e+22	0.00e+00	0.00e+00	0.00e+00	0.00e+00	2.00e-30	2.78e-26	1.27e-22	6.24e-19	9.43e-15	1.52e-11	4.50e-09	4.08e-07	2.25e-05	4.50e-04	4.79e-03	4.38e-02	5.14e-01	3.58e-01	7.90e-02
 1.36953e+22	0.00e+00	0.00e+00	0.00e+00	6.08e-35	3.56e-30	4.66e-26	2.01e-22	9.27e-19	1.38e-14	2.14e-11	6.07e-09	5.28e-07	2.80e-05	5.33e-04	5.40e-03	4.69e-02	5.25e-01	3.49e-01	7.35e-02
 1.40138e+22	0.00e+00	0.00e+00	0.00e+00	0.00e+00	0.00e+00	8.06e-26	3.25e-22	1.39e-18	2.03e-14	3.01e-11	8.22e-09	6.86e-07	3.48e-05	6.33e-04	6.09e-03	5.02e-02	5.35e-01	3.39e-01	6.83e-02
 1.42651e+22	0.00e+00	0.00e+00	0.00e+00	0.00e+00	1.07e-29	1.24e-25	4.74e-22	1.91e-18	2.71e-14	3.90e-11	1.03e-08	8.36e-07	4.10e-05	7.20e-04	6.66e-03	5.28e-02	5.43e-01	3.32e-01	6.44e-02
 1.44806e+22	0.00e+00	0.00e+00	0.00e+00	3.02e-34	1.58e-29	1.76e-25	6.40e-22	2.46e-18	3.44e-14	4.82e-11	1.25e-08	9.84e-07	4.70e-05	8.01e-04	7.18e-03	5.51e-02	5.50e-01	3.26e-01	6.14e-02
 1.47225e+22	0.00e+00	0.00e+00	0.00e+00	0.00e+00	0.00e+00	2.61e-25	9.04e-22	3.31e-18	4.57e-14	6.18e-11	1.56e-08	1.19e-06	5.49e-05	9.04e-04	7.80e-03	5.77e-02	5.56e-01	3.19e-01	5.81e-02
 1.50370e+22	0.00e+00	0.00e+00	0.00e+00	0.00e+00	4.18e-29	4.24e-25	1.39e-21	4.79e-18	6.50e-14	8.41e-11	2.04e-08	1.50e-06	6.67e-05	1.05e-03	8.66e-03	6.11e-02	5.65e-01	3.10e-01	5.41e-02
 1.53637e+22	0.00e+00	0.00e+00	0.00e+00	1.59e-33	7.51e-29	7.19e-25	2.20e-21	7.10e-18	9.40e-14	1.16e-10	2.72e-08	1.91e-06	8.16e-05	1.23e-03	9.66e-03	6.49e-02	5.73e-01	3.01e-01	5.03e-02
 1.56328e+22	0.00e+00	0.00e+00	0.00e+00	0.00e+00	0.00e+00	1.11e-24	3.22e-21	9.74e-18	1.26e-13	1.50e-10	3.40e-08	2.32e-06	9.59e-05	1.39e-03	1.05e-02	6.80e-02	5.79e-01	2.94e-01	4.73e-02
 1.59090e+22	0.00e+00	0.00e+00	0.00e+00	0.00e+00	1.96e-28	1.69e-24	4.63e-21	1.33e-17	1.68e-13	1.93e-10	4.26e-08	2.81e-06	1.12e-04	1.58e-03	1.15e-02	7.12e-02	5.85e-01	2.86e-01	4.45e-02
 1.62682e+22	0.00e+00	0.00e+00	0.00e+00	8.30e-33	3.51e-28	2.87e-24	7.38e-21	1.99e-17	2.47e-13	2.68e-10	5.70e-08	3.61e-06	1.38e-04	1.85e-03	1.28e-02	7.55e-02	5.92e-01	2.77e-01	4.11e-02
 1.66393e+22	0.00e+00	0.00e+00	0.00e+00	0.00e+00	0.00e+00	5.08e-24	1.22e-20	3.03e-17	3.65e-13	3.77e-10	7.69e-08	4.66e-06	1.71e-04	2.18e-03	1.43e-02	8.01e-02	5.99e-01	2.67e-01	3.79e-02
 1.69449e+22	0.00e+00	0.00e+00	0.00e+00	0.00e+00	1.13e-27	8.16e-24	1.83e-20	4.27e-17	4.98e-13	4.94e-10	9.76e-08	5.71e-06	2.02e-04	2.48e-03	1.56e-02	8.39e-02	6.03e-01	2.59e-01	3.54e-02
 1.72608e+22	0.00e+00	0.00e+00	0.00e+00	5.01e-32	1.87e-27	1.29e-23	2.72e-20	5.98e-17	6.83e-13	6.47e-10	1.24e-07	7.00e-06	2.38e-04	2.82e-03	1.70e-02	8.78e-02	6.08e-01	2.51e-01	3.31e-02
 1.76716e+22	0.00e+00	0.00e+00	9.49e-37	9.85e-32	3.54e-27	2.29e-23	4.52e-20	9.25e-17	1.03e-12	9.18e-10	1.68e-07	9.09e-06	2.96e-04	3.33e-03	1.90e-02	9.30e-02	6.13e-01	2.41e-01	3.02e-02
 1.80890e+22	0.00e+00	0.00e+00	0.00e+00	0.00e+00	7.04e-27	4.24e-23	7.73e-20	1.45e-16	1.56e-12	1.31e-09	2.30e-07	1.19e-05	3.68e-04	3.94e-03	2.13e-02	9.84e-02	6.17e-01	2.31e-01	2.76e-02
 1.84054e+22	0.00e+00	0.00e+00	0.00e+00	3.68e-31	1.21e-26	6.84e-23	1.17e-19	2.04e-16	2.11e-12	1.69e-09	2.89e-07	1.44e-05	4.32e-04	4.45e-03	2.31e-02	1.03e-01	6.20e-01	2.24e-01	2.57e-02
 1.87072e+22	0.00e+00	0.00e+00	6.56e-36	6.07e-31	1.92e-26	1.04e-22	1.67e-19	2.77e-16	2.79e-12	2.15e-09	3.56e-07	1.72e-05	4.99e-04	4.97e-03	2.49e-02	1.06e-01	6.22e-01	2.17e-01	2.41e-02
 1.90995e+22	0.00e+00	0.00e+00	0.00e+00	0.00e+00	3.43e-26	1.75e-22	2.65e-19	4.10e-16	4.04e-12	2.93e-09	4.68e-07	2.17e-05	6.03e-04	5.74e-03	2.74e-02	1.12e-01	6.24e-01	2.08e-01	2.22e-02
 1.95149e+22	0.00e+00	0.00e+00	0.00e+00	2.23e-30	6.51e-26	3.11e-22	4.37e-19	6.25e-16	5.94e-12	4.05e-09	6.23e-07	2.76e-05	7.36e-04	6.68e-03	3.03e-02	1.17e-01	6.25e-01	1.99e-01	2.03e-02
 1.98705e+22	0.00e+00	0.00e+00	4.91e-35	4.04e-30	1.13e-25	5.09e-22	6.67e-19	8.89e-16	8.15e-12	5.31e-09	7.90e-07	3.37e-05	8.68e-04	7.57e-03	3.29e-02	1.22e-01	6.26e-01	1.92e-01	1.88e-02
 2.02428e+22	0.00e+00	0.00e+00	0.00e+00	0.00e+00	1.94e-25	8.24e-22	1.01e-18	1.27e-15	1.13e-11	6.98e-09	1.00e-06	4.13e-05	1.02e-03	8.58e-03	3.57e-02	1.27e-01	6.26e-01	1.84e-01	1.74e-02
 2.07269e+22	0.00e+00	0.00e+00	0.00e+00	1.47e-29	3.78e-25	1.51e-21	1.72e-18	1.99e-15	1.72e-11	9.92e-09	1.37e-06	5.36e-05	1.27e-03	1.01e-02	3.97e-02	1.33e-01	6.25e-01	1.75e-01	1.57e-02
 2.11811e+22	0.00e+00	0.00e+00	4.14e-34	3.03e-29	7.42e-25	2.75e-21	2.90e-18	3.07e-15	2.54e-11	1.38e-08	1.83e-06	6.86e-05	1.55e-03	1.17e-02	4.38e-02	1.39e-01	6.23e-01	1.66e-01	1.42e-02
 2.14785e+22	0.00e+00	0.00e+00	0.00e+00	0.00e+00	1.18e-24	4.14e-21	4.10e-18	4.08e-15	3.27e-11	1.71e-08	2.20e-06	8.02e-05	1.76e-03	1.29e-02	4.66e-02	1.43e-01	6.21e-01	1.61e-01	1.33e-02
 2.17471e+22	0.00e+00	0.00e+00	0.00e+00	7.39e-29	1.69e-24	5.67e-21	5.38e-18	5.12e-15	4.01e-11	2.04e-08	2.57e-06	9.12e-05	1.95e-03	1.40e-02	4.91e-02	1.46e-01	6.20e-01	1.56e-01	1.26e-02
 2.20963e+22	0.00e+00	0.00e+00	1.77e-33	1.18e-28	2.63e-24	8.45e-21	7.64e-18	6.92e-15	5.32e-11	2.58e-08	3.16e-06	1.08e-04	2.25e-03	1.55e-02	5.25e-02	1.51e-01	6.17e-01	1.50e-01	1.17e-02
 2.25503e+22	0.00e+00	0.00e+00	0.00e+00	0.00e+00	4.67e-24	1.41e-20	1.19e-17	1.01e-14	7.59e-11	3.50e-08	4.13e-06	1.36e-04	2.70e-03	1.78e-02	5.73e-02	1.57e-01	6.12e-01	1.43e-01	1.06e-02
 2.30093e+22	0.00e+00	0.00e+00	0.00e+00	4.17e-28	8.52e-24	2.41e-20	1.90e-17	1.49e-14	1.09e-10	4.75e-08	5.39e-06	1.70e-04	3.24e-03	2.04e-02	6.25e-02	1.62e-01	6.07e-01	1.35e-01	9.62e-03
 2.33625e+22	0.00e+00	0.00e+00	1.16e-32	6.95e-28	1.36e-23	3.64e-20	2.70e-17	2.00e-14	1.41e-10	5.96e-08	6.58e-06	2.01e-04	3.71e-03	2.25e-02	6.66e-02	1.66e-01	6.02e-01	1.29e-01	8.91e-03
 2.36514e+22	0.00e+00	0.00e+00	0.00e+00	0.00e+00	1.99e-23	5.07e-20	3.60e-17	2.53e-14	1.76e-10	7.18e-08	7.75e-06	2.31e-04	4.14e-03	2.45e-02	7.01e-02	1.70e-01	5.98e-01	1.25e-01	8.36e-03
 2.39693e+22	0.00e+00	0.00e+00	0.00e+00	1.57e-27	2.90e-23	7.06e-20	4.79e-17	3.23e-14	2.20e-10	8.72e-08	9.17e-06	2.66e-04	4.64e-03	2.66e-02	7.39e-02	1.73e-01	5.93e-01	1.20e-01	7.83e-03
 2.43826e+22	0.00e+00	0.00e+00	4.71e-32	2.59e-27	4.63e-23	1.07e-19	6.90e-17	4.40e-14	2.96e-10	1.13e-07	1.15e-05	3.20e-04	5.39e-03	2.98e-02	7.91e-02	1.78e-01	5.86e-01	1.14e-01	7.16e-03
 2.48143e+22	0.00e+00	2.10e-38	8.48e-32	4.50e-27	7.74e-23	1.69e-19	1.02e-16	6.13e-14	4.02e-10	1.47e-07	1.45e-05	3.89e-04	6.31e-03	3.34e-02	8.50e-02	1.82e-01	5.78e-01	1.08e-01	6.51e-03
 2.51641e+22	0.00e+00	0.00e+00	0.00e+00	7.12e-27	1.18e-22	2.43e-19	1.40e-16	7.96e-14	5.10e-10	1.81e-07	1.73e-05	4.53e-04	7.13e-03	3.65e-02	8.98e-02	1.86e-01	5.71e-01	1.03e-01	6.03e-03
 2.55133e+22	0.00e+00	0.00e+00	2.16e-31	1.08e-26	1.73e-22	3.41e-19	1.87e-16	1.02e-13	6.43e-10	2.21e-07	2.07e-05	5.24e-04	8.02e-03	3.98e-02	9.45e-02	1.89e-01	5.63e-01	9.90e-02	5.59e-03
 2.59672e+22	0.00e+00	1.00e-37	3.75e-31	1.82e-26	2.81e-22	5.23e-19	2.72e-16	1.39e-13	8.68e-10	2.88e-07	2.60e-05	6.34e-04	9.34e-03	4.45e-02	1.01e-01	1.93e-01	5.53e-01	9.33e-02	5.06e-03
 2.64372e+22	0.00e+00	0.00e+00	0.00e+00	3.21e-26	4.76e-22	8.31e-19	4.06e-16	1.95e-13	1.18e-09	3.78e-07	3.30e-05	7.73e-04	1.09e-02	4.99e-02	1.08e-01	1.97e-01	5.41e-01	8.74e-02	4.55e-03
 2.68133e+22	0.00e+00	0.00e+00	1.13e-30	5.10e-26	7.28e-22	1.20e-18	5.54e-16	2.53e-13	1.50e-09	4.66e-07	3.96e-05	8.99e-04	1.24e-02	5.45e-02	1.14e-01	2.00e-01	5.31e-01	8.30e-02	4.17e-03
 2.71211e+22	0.00e+00	4.82e-37	1.67e-30	7.34e-26	1.01e-21	1.59e-18	7.08e-16	3.10e-13	1.82e-09	5.51e-07	4.57e-05	1.01e-03	1.36e-02	5.84e-02	1.18e-01	2.02e-01	5.23e-01	7.95e-02	3.89e-03
 2.74547e+22	0.00e+00	0.00e+00	0.00e+00	1.06e-25	1.43e-21	2.14e-18	9.13e-16	3.84e-13	2.23e-09	6.59e-07	5.35e-05	1.15e-03	1.51e-02	6.28e-02	1.24e-01	2.04e-01	5.14e-01	7.59e-02	3.61e-03
 2.78883e+22	0.00e+00	0.00e+00	4.05e-30	1.69e-25	2.19e-21	3.11e-18	1.26e-15	5.05e-13	2.89e-09	8.29e-07	6.52e-05	1.36e-03	1.72e-02	6.90e-02	1.30e-01	2.06e-01	5.01e-01	7.13e-02	3.27e-03
 2.83413e+22	0.00e+00	2.16e-36	6.96e-30	2.80e-25	3.50e-21	4.67e-18	1.79e-15	6.76e-13	3.79e-09	1.05e-06	8.03e-05	1.62e-03	1.97e-02	7.60e-02	1.37e-01	2.08e-01	4.87e-01	6.66e-02	2.94e-03
 2.87102e+22	0.00e+00	0.00e+00	0.00e+00	4.31e-25	5.18e-21	6.53e-18	2.39e-15	8.59e-13	4.72e-09	1.28e-06	9.51e-05	1.86e-03	2.20e-02	8.22e-02	1.43e-01	2.09e-01	4.75e-01	6.29e-02	2.69e-03
 2.90804e+22	0.00e+00	0.00e+00	1.67e-29	6.35e-25	7.39e-21	8.85e-18	3.10e-15	1.07e-12	5.80e-09	1.54e-06	1.11e-04	2.12e-03	2.44e-02	8.83e-02	1.49e-01	2.10e-01	4.64e-01	5.95e-02	2.46e-03
 2.95616e+22	0.00e+00	9.39e-36	2.81e-29	1.03e-24	1.16e-20	1.31e-17	4.34e-15	1.42e-12	7.56e-09	1.95e-06	1.37e-04	2.51e-03	2.78e-02	9.68e-02	1.56e-01	2.11e-01	4.48e-01	5.52e-02	2.20e-03
 3.00308e+22	0.00e+00	0.00e+00	0.00e+00	1.72e-24	1.85e-20	1.95e-17	6.12e-15	1.88e-12	9.80e-09	2.45e-06	1.66e-04	2.95e-03	3.16e-02	1.06e-01	1.64e-01	2.11e-01	4.31e-01	5.11e-02	1.95e-03
 3.03669e+22	0.00e+00	0.00e+00	7.32e-29	2.52e-24	2.60e-20	2.59e-17	7.80e-15	2.30e-12	1.18e-08	2.89e-06	1.92e-04	3.31e-03	3.46e-02	1.13e-01	1.69e-01	2.11e-01	4.19e-01	4.82e-02	1.79e-03
 3.06864e+22	0.00e+00	3.68e-35	1.03e-28	3.47e-24	3.49e-20	3.32e-17	9.63e-15	2.75e-12	1.39e-08	3.34e-06	2.17e-04	3.67e-03	3.75e-02	1.19e-01	1.74e-01	2.11e-01	4.08e-01	4.57e-02	1.66e-03
 3.11017e+22	0.00e+00	0.00e+00	0.00e+00	5.21e-24	5.08e-20	4.59e-17	1.27e-14	3.46e-12	1.72e-08	4.05e-06	2.57e-04	4.21e-03	4.17e-02	1.28e-01	1.79e-01	2.10e-01	3.93e-01	4.26e-02	1.49e-03
 3.15563e+22	0.00e+00	0.00e+00	2.61e-28	8.23e-24	7.72e-20	6.56e-17	1.72e-14	4.45e-12	2.16e-08	4.96e-06	3.05e-04	4.85e-03	4.65e-02	1.37e-01	1.86e-01	2.08e-01	3.77e-01	3.93e-02	1.33e-03
 3.19582e+22	0.00e+00	1.55e-34	4.06e-28	1.24e-23	1.12e-19	8.96e-17	2.25e-14	5.54e-12	2.63e-08	5.91e-06	3.54e-04	5.47e-03	5.10e-02	1.46e-01	1.91e-01	2.07e-01	3.62e-01	3.66e-02	1.20e-03
 3.23189e+22	0.00e+00	0.00e+00	0.00e+00	1.78e-23	1.55e-19	1.17e-16	2.82e-14	6.69e-12	3.11e-08	6.88e-06	4.03e-04	6.08e-03	5.53e-02	1.54e-01	1.95e-01	2.05e-01	3.49e-01	3.43e-02	1.09e-03
 3.27298e+22	0.00e+00	0.00e+00	8.99e-28	2.60e-23	2.19e-19	1.58e-16	3.63e-14	8.24e-12	3.76e-08	8.14e-06	4.65e-04	6.82e-03	6.03e-02	1.63e-01	1.99e-01	2.02e-01	3.35e-01	3.18e-02	9.78e-04
 3.31824e+22	0.00e+00	5.84e-34	1.43e-27	4.02e-23	3.26e-19	2.20e-16	4.83e-14	1.04e-11	4.63e-08	9.81e-06	5.45e-04	7.76e-03	6.65e-02	1.73e-01	2.04e-01	1.99e-01	3.18e-01	2.91e-02	8.65e-04
 3.35860e+22	0.00e+00	0.00e+00	0.00e+00	5.94e-23	4.64e-19	2.95e-16	6.19e-14	1.28e-11	5.54e-08	1.15e-05	6.23e-04	8.64e-03	7.21e-02	1.82e-01	2.08e-01	1.96e-01	3.04e-01	2.70e-02	7.75e-04
 3.39329e+22	0.00e+00	0.00e+00	3.13e-27	8.27e-23	6.25e-19	3.77e-16	7.62e-14	1.52e-11	6.43e-08	1.31e-05	6.97e-04	9.45e-03	7.72e-02	1.90e-01	2.11e-01	1.93e-01	2.93e-01	2.52e-02	7.06e-04
 3.43093e+22	0.00e+00	1.93e-33	4.46e-27	1.15e-22	8.44e-19	4.85e-16	9.42e-14	1.81e-11	7.51e-08	1.51e-05	7.83e-04	1.04e-02	8.27e-02	1.98e-01	2.14e-01	1.90e-01	2.80e-01	2.35e-02	6.39e-04
 3.47987e+22	0.00e+00	0.00e+00	6.99e-27	1.75e-22	1.24e-18	6.70e-16	1.24e-13	2.27e-11	9.15e-08	1.80e-05	9.07e-04	1.17e-02	9.01e-02	2.09e-01	2.17e-01	1.86e-01	2.64e-01	2.13e-02	5.60e-04
 3.53024e+22	0.00e+00	5.16e-33	1.14e-26	2.75e-22	1.86e-18	9.44e-16	1.66e-13	2.87e-11	1.12e-07	2.15e-05	1.05e-03	1.31e-02	9.83e-02	2.20e-01	2.19e-01	1.80e-01	2.48e-01	1.93e-02	4.86e-04
 3.57047e+22	0.00e+00	0.00e+00	1.69e-26	3.95e-22	2.58e-18	1.23e-15	2.07e-13	3.45e-11	1.31e-07	2.46e-05	1.18e-03	1.44e-02	1.05e-01	2.28e-01	2.21e-01	1.76e-01	2.36e-01	1.78e-02	4.35e-04
 3.61076e+22	0.00e+00	1.13e-32	2.40e-26	5.48e-22	3.46e-18	1.57e-15	2.55e-13	4.09e-11	1.51e-07	2.80e-05	1.31e-03	1.56e-02	1.12e-01	2.36e-01	2.22e-01	1.72e-01	2.24e-01	1.64e-02	3.91e-04
 3.66314e+22	0.00e+00	0.00e+00	3.74e-26	8.27e-22	5.04e-18	2.16e-15	3.34e-13	5.11e-11	1.83e-07	3.31e-05	1.51e-03	1.74e-02	1.21e-01	2.46e-01	2.23e-01	1.66e-01	2.10e-01	1.48e-02	3.38e-04
 3.71859e+22	0.00e+00	3.02e-32	6.09e-26	1.30e-21	7.60e-18	3.04e-15	4.46e-13	6.48e-11	2.22e-07	3.93e-05	1.73e-03	1.94e-02	1.30e-01	2.57e-01	2.23e-01	1.60e-01	1.94e-01	1.31e-02	2.90e-04
 3.76492e+22	0.00e+00	0.00e+00	9.13e-26	1.89e-21	1.06e-17	4.00e-15	5.63e-13	7.84e-11	2.60e-07	4.51e-05	1.94e-03	2.12e-02	1.39e-01	2.65e-01	2.23e-01	1.55e-01	1.82e-01	1.19e-02	2.55e-04
 3.81204e+22	0.00e+00	6.86e-32	1.32e-25	2.66e-21	1.45e-17	5.19e-15	7.02e-13	9.41e-11	3.04e-07	5.15e-05	2.16e-03	2.31e-02	1.47e-01	2.73e-01	2.23e-01	1.49e-01	1.71e-01	1.09e-02	2.24e-04
 3.87329e+22	2.85e-39	1.13e-31	2.11e-25	4.11e-21	2.16e-17	7.28e-15	9.36e-13	1.19e-10	3.70e-07	6.12e-05	2.49e-03	2.57e-02	1.58e-01	2.83e-01	2.21e-01	1.42e-01	1.57e-01	9.57e-03	1.90e-04
 3.93415e+22	0.00e+00	0.00e+00	3.44e-25	6.46e-21	3.25e-17	1.03e-14	1.26e-12	1.52e-10	4.50e-07	7.24e-05	2.85e-03	2.85e-02	1.70e-01	2.92e-01	2.19e-01	1.35e-01	1.44e-01	8.41e-03	1.60e-04
 3.97946e+22	0.00e+00	2.74e-31	4.91e-25	8.95e-21	4.36e-17	1.31e-14	1.55e-12	1.80e-10	5.16e-07	8.15e-05	3.13e-03	3.06e-02	1.78e-01	2.98e-01	2.17e-01	1.30e-01	1.35e-01	7.65e-03	1.41e-04
 4.02333e+22	1.02e-38	3.78e-31	6.65e-25	1.18e-20	5.62e-17	1.63e-14	1.85e-12	2.10e-10	5.85e-07	9.08e-05	3.41e-03	3.27e-02	1.85e-01	3.03e-01	2.15e-01	1.26e-01	1.27e-01	7.01e-03	1.26e-04
 4.08035e+22	0.00e+00	0.00e+00	9.76e-25	1.69e-20	7.79e-17	2.15e-14	2.36e-12	2.56e-10	6.89e-07	1.04e-04	3.81e-03	3.55e-02	1.95e-01	3.09e-01	2.12e-01	1.20e-01	1.17e-01	6.24e-03	1.08e-04
 4.14158e+22	0.00e+00	8.89e-31	1.49e-24	2.50e-20	1.11e-16	2.93e-14	3.07e-12	3.18e-10	8.19e-07	1.21e-04	4.28e-03	3.87e-02	2.07e-01	3.16e-01	2.08e-01	1.13e-01	1.07e-01	5.49e-03	9.18e-05
 4.19435e+22	3.74e-38	1.29e-30	2.12e-24	3.46e-20	1.50e-16	3.77e-14	3.80e-12	3.80e-10	9.44e-07	1.36e-04	4.70e-03	4.15e-02	2.16e-01	3.20e-01	2.05e-01	1.08e-01	9.96e-02	4.93e-03	7.98e-05
 4.24901e+22	0.00e+00	0.00e+00	2.95e-24	4.70e-20	1.98e-16	4.79e-14	4.67e-12	4.51e-10	1.09e-06	1.53e-04	5.15e-03	4.43e-02	2.25e-01	3.24e-01	2.01e-01	1.03e-01	9.24e-02	4.43e-03	6.95e-05
 4.32006e+22	0.00e+00	2.87e-30	4.48e-24	6.92e-20	2.82e-16	6.54e-14	6.08e-12	5.62e-10	1.30e-06	1.78e-04	5.78e-03	4.82e-02	2.37e-01	3.29e-01	1.96e-01	9.67e-02	8.36e-02	3.85e-03	5.80e-05
 4.38652e+22	1.39e-37	4.46e-30	6.77e-24	1.01e-19	4.01e-16	8.86e-14	7.90e-12	6.97e-10	1.53e-06	2.04e-04	6.43e-03	5.21e-02	2.48e-01	3.32e-01	1.91e-01	9.08e-02	7.59e-02	3.36e-03	4.88e-05
 4.43057e+22	0.00e+00	0.00e+00	8.80e-24	1.29e-19	4.98e-16	1.07e-13	9.26e-12	7.95e-10	1.70e-06	2.23e-04	6.87e-03	5.47e-02	2.55e-01	3.34e-01	1.88e-01	8.71e-02	7.13e-02	3.08e-03	4.36e-05
 4.47142e+22	0.00e+00	7.34e-30	1.08e-23	1.55e-19	5.91e-16	1.24e-13	1.05e-11	8.84e-10	1.86e-06	2.39e-04	7.27e-03	5.69e-02	2.61e-01	3.35e-01	1.85e-01	8.42e-02	6.78e-02	2.87e-03	3.98e-05
 4.52451e+22	3.25e-37	9.90e-30	1.43e-23	2.02e-19	7.49e-16	1.53e-13	1.26e-11	1.03e-09	2.10e-06	2.64e-04	7.83e-03	6.00e-02	2.69e-01	3.37e-01	1.81e-01	8.01e-02	6.30e-02	2.59e-03	3.50e-05
 4.59354e+22	0.00e+00	0.00e+00	2.04e-23	2.80e-19	1.01e-15	1.99e-13	1.58e-11	1.24e-09	2.44e-06	2.99e-04	8.61e-03	6.42e-02	2.79e-01	3.38e-01	1.75e-01	7.51e-02	5.72e-02	2.27e-03	2.95e-05
 4.66558e+22	0.00e+00	2.17e-29	2.97e-23	3.97e-19	1.39e-15	2.64e-13	2.01e-11	1.52e-09	2.85e-06	3.39e-04	9.47e-03	6.86e-02	2.89e-01	3.39e-01	1.69e-01	7.02e-02	5.18e-02	1.98e-03	2.48e-05
 4.72510e+22	1.05e-36	2.98e-29	4.00e-23	5.21e-19	1.79e-15	3.28e-13	2.42e-11	1.77e-09	3.22e-06	3.75e-04	1.02e-02	7.23e-02	2.98e-01	3.39e-01	1.64e-01	6.64e-02	4.78e-02	1.77e-03	2.16e-05
 4.78603e+22	0.00e+00	0.00e+00	5.30e-23	6.75e-19	2.26e-15	4.03e-13	2.89e-11	2.06e-09	3.63e-06	4.13e-04	1.10e-02	7.60e-02	3.05e-01	3.39e-01	1.60e-01	6.28e-02	4.41e-02	1.59e-03	1.88e-05
 4.86523e+22	0.00e+00	5.90e-29	7.56e-23	9.37e-19	3.06e-15	5.26e-13	3.64e-11	2.49e-09	4.23e-06	4.67e-04	1.20e-02	8.09e-02	3.15e-01	3.38e-01	1.54e-01	5.84e-02	3.98e-02	1.38e-03	1.57e-05
 4.94962e+22	3.40e-36	8.95e-29	1.11e-22	1.34e-18	4.24e-15	7.02e-13	4.67e-11	3.06e-09	4.97e-06	5.30e-04	1.32e-02	8.62e-02	3.26e-01	3.37e-01	1.47e-01	5.40e-02	3.55e-02	1.19e-03	1.30e-05
 5.02204e+22	0.00e+00	0.00e+00	1.54e-22	1.81e-18	5.57e-15	8.94e-13	5.75e-11	3.65e-09	5.71e-06	5.93e-04	1.43e-02	9.13e-02	3.35e-01	3.34e-01	1.41e-01	5.02e-02	3.22e-02	1.04e-03	1.10e-05
 5.09749e+22	0.00e+00	1.77e-28	2.10e-22	2.39e-18	7.19e-15	1.12e-12	6.98e-11	4.30e-09	6.51e-06	6.58e-04	1.55e-02	9.61e-02	3.43e-01	3.32e-01	1.36e-01	4.69e-02	2.93e-02	9.14e-04	9.38e-06
 5.18017e+22	1.05e-35	2.56e-28	2.96e-22	3.28e-18	9.60e-15	1.45e-12	8.71e-11	5.16e-09	7.50e-06	7.36e-04	1.68e-02	1.01e-01	3.52e-01	3.29e-01	1.30e-01	4.35e-02	2.63e-02	7.93e-04	7.85e-06
 5.25318e+22	0.00e+00	0.00e+00	3.97e-22	4.30e-18	1.23e-14	1.80e-12	1.05e-10	6.03e-09	8.47e-06	8.10e-04	1.80e-02	1.06e-01	3.59e-01	3.26e-01	1.25e-01	4.07e-02	2.40e-02	7.01e-04	6.73e-06
 5.31912e+22	0.00e+00	4.61e-28	5.11e-22	5.42e-18	1.51e-14	2.17e-12	1.23e-10	6.89e-09	9.41e-06	8.80e-04	1.91e-02	1.10e-01	3.65e-01	3.23e-01	1.20e-01	3.83e-02	2.21e-02	6.29e-04	5.88e-06
 5.39491e+22	2.71e-35	6.21e-28	6.72e-22	6.97e-18	1.90e-14	2.66e-12	1.47e-10	7.99e-09	1.06e-05	9.64e-04	2.04e-02	1.15e-01	3.71e-01	3.20e-01	1.16e-01	3.59e-02	2.02e-02	5.57e-04	5.05e-06
 5.49343e+22	0.00e+00	0.00e+00	9.54e-22	9.61e-18	2.55e-14	3.45e-12	1.83e-10	9.63e-09	1.23e-05	1.08e-03	2.21e-02	1.21e-01	3.79e-01	3.15e-01	1.10e-01	3.29e-02	1.80e-02	4.77e-04	4.17e-06
 5.59652e+22	0.00e+00	1.36e-27	1.39e-21	1.36e-17	3.49e-14	4.56e-12	2.34e-10	1.18e-08	1.43e-05	1.22e-03	2.41e-02	1.28e-01	3.87e-01	3.09e-01	1.04e-01	3.00e-02	1.59e-02	4.05e-04	3.40e-06
 5.67574e+22	8.76e-35	1.85e-27	1.85e-21	1.76e-17	4.42e-14	5.62e-12	2.80e-10	1.37e-08	1.60e-05	1.33e-03	2.56e-02	1.33e-01	3.93e-01	3.05e-01	9.91e-02	2.79e-02	1.44e-02	3.57e-04	2.90e-06
 5.74894e+22	0.00e+00	0.00e+00	2.30e-21	2.15e-17	5.29e-14	6.58e-12	3.20e-10	1.53e-08	1.76e-05	1.43e-03	2.70e-02	1.37e-01	3.97e-01	3.01e-01	9.56e-02	2.64e-02	1.34e-02	3.22e-04	2.56e-06
 5.84409e+22	0.00e+00	3.28e-27	3.13e-21	2.85e-17	6.84e-14	8.28e-12	3.90e-10	1.81e-08	2.01e-05	1.58e-03	2.89e-02	1.44e-01	4.03e-01	2.96e-01	9.07e-02	2.43e-02	1.20e-02	2.79e-04	2.14e-06
 5.94159e+22	2.36e-34	4.64e-27	4.31e-21	3.82e-17	8.93e-14	1.05e-11	4.79e-10	2.14e-08	2.28e-05	1.74e-03	3.10e-02	1.50e-01	4.09e-01	2.90e-01	8.59e-02	2.23e-02	1.07e-02	2.41e-04	1.78e-06
 6.02184e+22	0.00e+00	6.03e-27	5.49e-21	4.76e-17	1.09e-13	1.25e-11	5.56e-10	2.43e-08	2.52e-05	1.88e-03	3.26e-02	1.55e-01	4.13e-01	2.85e-01	8.23e-02	2.09e-02	9.82e-03	2.15e-04	1.55e-06
 6.10585e+22	4.19e-34	7.88e-27	7.02e-21	5.96e-17	1.33e-13	1.50e-11	6.50e-10	2.78e-08	2.80e-05	2.03e-03	3.45e-02	1.60e-01	4.16e-01	2.80e-01	7.86e-02	1.95e-02	8.94e-03	1.90e-04	1.34e-06
 6.21505e+22	0.00e+00	1.10e-26	9.54e-21	7.89e-17	1.72e-13	1.88e-11	7.90e-10	3.27e-08	3.18e-05	2.24e-03	3.68e-02	1.66e-01	4.21e-01	2.74e-01	7.42e-02	1.79e-02	7.99e-03	1.64e-04	1.11e-06
 6.32684e+22	8.86e-34	1.58e-26	1.33e-20	1.07e-16	2.27e-13	2.41e-11	9.79e-10	3.90e-08	3.63e-05	2.48e-03	3.95e-02	1.73e-01	4.25e-01	2.67e-01	6.97e-02	1.63e-02	7.07e-03	1.40e-04	9.17e-07
 6.41129e+22	0.00e+00	2.05e-26	1.69e-20	1.33e-16	2.76e-13	2.87e-11	1.14e-09	4.42e-08	4.00e-05	2.66e-03	4.15e-02	1.78e-01	4.28e-01	2.61e-01	6.66e-02	1.52e-02	6.47e-03	1.25e-04	0.00e+00
 6.49039e+22	1.48e-33	2.54e-26	2.06e-20	1.59e-16	3.24e-13	3.31e-11	1.28e-09	4.91e-08	4.35e-05	2.84e-03	4.33e-02	1.83e-01	4.30e-01	2.57e-01	6.39e-02	1.43e-02	5.98e-03	1.13e-04	0.00e+00
 6.59323e+22	0.00e+00	3.39e-26	2.69e-20	2.03e-16	4.03e-13	4.02e-11	1.52e-09	5.66e-08	4.86e-05	3.09e-03	4.58e-02	1.89e-01	4.33e-01	2.51e-01	6.05e-02	1.32e-02	5.39e-03	9.87e-05	0.00e+00
 6.69765e+22	2.81e-33	4.60e-26	3.55e-20	2.62e-16	5.07e-13	4.93e-11	1.81e-09	6.54e-08	5.42e-05	3.35e-03	4.84e-02	1.95e-01	4.35e-01	2.45e-01	5.73e-02	1.22e-02	4.86e-03	8.63e-05	0.00e+00
 6.78459e+22	0.00e+00	5.82e-26	4.41e-20	3.19e-16	6.06e-13	5.78e-11	2.08e-09	7.34e-08	5.94e-05	3.58e-03	5.06e-02	1.99e-01	4.36e-01	2.39e-01	5.47e-02	1.14e-02	4.46e-03	7.72e-05	0.00e+00
 6.87808e+22	4.69e-33	7.37e-26	5.47e-20	3.88e-16	7.23e-13	6.76e-11	2.38e-09	8.23e-08	6.50e-05	3.84e-03	5.30e-02	2.04e-01	4.38e-01	2.34e-01	5.21e-02	1.06e-02	4.09e-03	6.90e-05	0.00e+00
 6.99961e+22	0.00e+00	1.00e-25	7.25e-20	5.01e-16	9.11e-13	8.31e-11	2.84e-09	9.56e-08	7.31e-05	4.18e-03	5.61e-02	2.11e-01	4.39e-01	2.27e-01	4.90e-02	9.71e-03	3.65e-03	5.96e-05	0.00e+00
 7.11973e+22	9.26e-33	1.38e-25	9.74e-20	6.56e-16	1.16e-12	1.03e-10	3.43e-09	1.12e-07	8.21e-05	4.56e-03	5.94e-02	2.17e-01	4.40e-01	2.21e-01	4.60e-02	8.86e-03	3.25e-03	5.14e-05	0.00e+00
 7.21756e+22	0.00e+00	1.75e-25	1.21e-19	7.99e-16	1.39e-12	1.21e-10	3.92e-09	1.25e-07	8.97e-05	4.87e-03	6.20e-02	2.23e-01	4.40e-01	2.15e-01	4.37e-02	8.25e-03	2.97e-03	4.58e-05	0.00e+00
 7.32430e+22	1.56e-32	2.23e-25	1.51e-19	9.77e-16	1.66e-12	1.42e-10	4.50e-09	1.41e-07	9.85e-05	5.21e-03	6.48e-02	2.28e-01	4.40e-01	2.10e-01	4.15e-02	7.67e-03	2.71e-03	4.07e-05	0.00e+00
 7.43888e+22	0.00e+00	2.94e-25	1.95e-19	1.23e-15	2.04e-12	1.71e-10	5.28e-09	1.60e-07	1.09e-04	5.61e-03	6.81e-02	2.34e-01	4.40e-01	2.04e-01	3.92e-02	7.07e-03	2.45e-03	3.57e-05	0.00e+00
 7.54060e+22	2.71e-32	3.72e-25	2.41e-19	1.50e-15	2.44e-12	2.00e-10	6.04e-09	1.80e-07	1.19e-04	5.98e-03	7.09e-02	2.39e-01	4.40e-01	1.99e-01	3.72e-02	6.58e-03	2.24e-03	3.19e-05	0.00e+00
 7.64976e+22	0.00e+00	4.72e-25	2.99e-19	1.82e-15	2.91e-12	2.33e-10	6.90e-09	2.01e-07	1.30e-04	6.40e-03	7.40e-02	2.44e-01	4.39e-01	1.93e-01	3.53e-02	6.12e-03	2.04e-03	2.84e-05	0.00e+00
 7.76988e+22	4.70e-32	6.18e-25	3.83e-19	2.28e-15	3.56e-12	2.80e-10	8.07e-09	2.29e-07	1.44e-04	6.88e-03	7.75e-02	2.49e-01	4.38e-01	1.87e-01	3.33e-02	5.63e-03	1.84e-03	2.49e-05	0.00e+00
 7.88289e+22	0.00e+00	7.88e-25	4.78e-19	2.79e-15	4.27e-12	3.29e-10	9.29e-09	2.58e-07	1.57e-04	7.35e-03	8.09e-02	2.54e-01	4.37e-01	1.82e-01	3.14e-02	5.21e-03	1.67e-03	2.20e-05	0.00e+00
 8.00848e+22	7.99e-32	1.01e-24	5.99e-19	3.43e-15	5.13e-12	3.87e-10	1.07e-08	2.90e-07	1.73e-04	7.88e-03	8.45e-02	2.60e-01	4.35e-01	1.76e-01	2.97e-02	4.81e-03	1.52e-03	1.95e-05	0.00e+00
 8.14486e+22	0.00e+00	1.35e-24	7.82e-19	4.37e-15	6.37e-12	4.70e-10	1.26e-08	3.34e-07	1.92e-04	8.50e-03	8.87e-02	2.66e-01	4.33e-01	1.70e-01	2.78e-02	4.39e-03	1.35e-03	1.69e-05	0.00e+00
 8.26951e+22	1.43e-31	1.73e-24	9.81e-19	5.37e-15	7.67e-12	5.54e-10	1.46e-08	3.76e-07	2.11e-04	9.09e-03	9.25e-02	2.71e-01	4.31e-01	1.65e-01	2.62e-02	4.05e-03	1.23e-03	1.49e-05	0.00e+00
