#depth	Ar	Ar+	Ar+2	Ar+3	Ar+4	Ar+5	Ar+6	Ar+7	Ar+8	Ar+9	Ar+10	Ar+11	Ar+12	Ar+13	Ar+14	Ar+15	Ar+16	Ar+17	Ar+18
 1.54284e+19	5.63e-38	2.08e-30	3.61e-24	5.68e-20	2.40e-16	5.72e-14	5.74e-12	5.84e-10	1.47e-06	1.91e-04	5.74e-03	4.81e-02	2.24e-01	3.22e-01	1.98e-01	9.78e-02	9.82e-02	5.44e-03	9.84e-05
 9.25702e+19	0.00e+00	4.33e-30	7.14e-24	1.07e-19	4.30e-16	9.55e-14	8.87e-12	8.42e-10	1.99e-06	2.48e-04	7.06e-03	5.59e-02	2.45e-01	3.29e-01	1.89e-01	8.72e-02	8.22e-02	4.22e-03	7.08e-05
 1.99242e+20	3.80e-37	1.24e-29	1.91e-23	2.68e-19	1.01e-15	2.04e-13	1.71e-11	1.43e-09	2.98e-06	3.48e-04	9.19e-03	6.76e-02	2.73e-01	3.35e-01	1.75e-01	7.35e-02	6.35e-02	2.94e-03	4.46e-05
 2.67446e+20	0.00e+00	2.29e-29	3.38e-23	4.52e-19	1.63e-15	3.13e-13	2.46e-11	1.93e-09	3.78e-06	4.25e-04	1.07e-02	7.52e-02	2.89e-01	3.36e-01	1.66e-01	6.60e-02	5.42e-02	2.36e-03	3.36e-05
 3.03524e+20	1.01e-36	3.11e-29	4.48e-23	5.88e-19	2.07e-15	3.86e-13	2.95e-11	2.24e-09	4.27e-06	4.70e-04	1.16e-02	7.93e-02	2.98e-01	3.36e-01	1.61e-01	6.24e-02	4.98e-02	2.10e-03	2.90e-05
 3.33038e+20	0.00e+00	3.93e-29	5.57e-23	7.18e-19	2.49e-15	4.54e-13	3.38e-11	2.52e-09	4.71e-06	5.09e-04	1.23e-02	8.27e-02	3.04e-01	3.35e-01	1.57e-01	5.97e-02	4.67e-02	1.92e-03	2.59e-05
 3.71406e+20	1.83e-36	5.41e-29	7.49e-23	9.43e-19	3.20e-15	5.67e-13	4.09e-11	2.95e-09	5.34e-06	5.64e-04	1.33e-02	8.72e-02	3.12e-01	3.34e-01	1.52e-01	5.61e-02	4.28e-02	1.70e-03	2.22e-05
 4.21284e+20	0.00e+00	8.12e-29	1.09e-22	1.34e-18	4.40e-15	7.52e-13	5.21e-11	3.61e-09	6.26e-06	6.42e-04	1.47e-02	9.32e-02	3.22e-01	3.32e-01	1.46e-01	5.18e-02	3.82e-02	1.46e-03	1.83e-05
 4.74713e+20	4.52e-36	1.25e-28	1.63e-22	1.94e-18	6.18e-15	1.02e-12	6.76e-11	4.48e-09	7.40e-06	7.35e-04	1.62e-02	9.97e-02	3.32e-01	3.30e-01	1.39e-01	4.75e-02	3.38e-02	1.24e-03	1.48e-05
 5.21438e+20	0.00e+00	0.00e+00	2.29e-22	2.64e-18	8.21e-15	1.31e-12	8.39e-11	5.36e-09	8.52e-06	8.23e-04	1.76e-02	1.05e-01	3.41e-01	3.27e-01	1.33e-01	4.41e-02	3.04e-02	1.07e-03	1.24e-05
 5.62519e+20	0.00e+00	2.46e-28	3.05e-22	3.44e-18	1.05e-14	1.62e-12	1.01e-10	6.24e-09	9.61e-06	9.07e-04	1.90e-02	1.10e-01	3.48e-01	3.24e-01	1.28e-01	4.13e-02	2.78e-02	9.48e-04	1.06e-05
 6.07586e+20	1.33e-35	3.42e-28	4.13e-22	4.55e-18	1.35e-14	2.04e-12	1.22e-10	7.35e-09	1.09e-05	1.01e-03	2.05e-02	1.16e-01	3.55e-01	3.20e-01	1.23e-01	3.85e-02	2.52e-02	8.29e-04	8.96e-06
 6.66172e+20	0.00e+00	0.00e+00	6.12e-22	6.52e-18	1.88e-14	2.73e-12	1.57e-10	9.06e-09	1.29e-05	1.15e-03	2.25e-02	1.23e-01	3.64e-01	3.15e-01	1.16e-01	3.50e-02	2.21e-02	6.98e-04	7.22e-06
 7.25704e+20	0.00e+00	8.10e-28	9.17e-22	9.47e-18	2.64e-14	3.70e-12	2.05e-10	1.12e-08	1.52e-05	1.30e-03	2.47e-02	1.31e-01	3.72e-01	3.10e-01	1.09e-01	3.18e-02	1.94e-02	5.84e-04	5.78e-06
 7.71521e+20	4.71e-35	1.11e-27	1.22e-21	1.23e-17	3.35e-14	4.58e-12	2.46e-10	1.31e-08	1.71e-05	1.43e-03	2.65e-02	1.37e-01	3.78e-01	3.05e-01	1.04e-01	2.96e-02	1.76e-02	5.13e-04	4.92e-06
 8.16137e+20	0.00e+00	0.00e+00	1.60e-21	1.58e-17	4.20e-14	5.59e-12	2.91e-10	1.51e-08	1.92e-05	1.57e-03	2.82e-02	1.42e-01	3.83e-01	3.01e-01	9.98e-02	2.76e-02	1.60e-02	4.53e-04	4.21e-06
 8.74138e+20	0.00e+00	2.18e-27	2.29e-21	2.19e-17	5.64e-14	7.27e-12	3.65e-10	1.83e-08	2.23e-05	1.76e-03	3.06e-02	1.50e-01	3.90e-01	2.94e-01	9.41e-02	2.52e-02	1.42e-02	3.85e-04	3.43e-06
 9.32289e+20	1.49e-34	3.22e-27	3.27e-21	3.04e-17	7.61e-14	9.51e-12	4.60e-10	2.21e-08	2.58e-05	1.97e-03	3.31e-02	1.57e-01	3.96e-01	2.88e-01	8.86e-02	2.30e-02	1.25e-02	3.27e-04	2.80e-06
 9.75786e+20	0.00e+00	0.00e+00	4.22e-21	3.83e-17	9.39e-14	1.15e-11	5.41e-10	2.53e-08	2.86e-05	2.13e-03	3.51e-02	1.62e-01	3.99e-01	2.83e-01	8.48e-02	2.15e-02	1.14e-02	2.90e-04	2.42e-06
 1.01748e+21	0.00e+00	5.47e-27	5.33e-21	4.74e-17	1.14e-13	1.36e-11	6.25e-10	2.86e-08	3.16e-05	2.30e-03	3.70e-02	1.68e-01	4.03e-01	2.78e-01	8.13e-02	2.02e-02	1.05e-02	2.59e-04	2.10e-06
 1.07169e+21	3.78e-34	7.62e-27	7.22e-21	6.25e-17	1.46e-13	1.70e-11	7.58e-10	3.36e-08	3.58e-05	2.53e-03	3.96e-02	1.74e-01	4.07e-01	2.72e-01	7.69e-02	1.85e-02	9.41e-03	2.24e-04	1.76e-06
 1.13076e+21	0.00e+00	1.09e-26	1.01e-20	8.48e-17	1.93e-13	2.18e-11	9.38e-10	4.00e-08	4.10e-05	2.81e-03	4.25e-02	1.82e-01	4.11e-01	2.65e-01	7.23e-02	1.69e-02	8.34e-03	1.91e-04	1.44e-06
 1.18205e+21	7.78e-34	1.48e-26	1.33e-20	1.09e-16	2.43e-13	2.68e-11	1.12e-09	4.64e-08	4.59e-05	3.06e-03	4.51e-02	1.88e-01	4.13e-01	2.59e-01	6.85e-02	1.56e-02	7.53e-03	1.67e-04	1.22e-06
 1.23463e+21	0.00e+00	2.00e-26	1.75e-20	1.40e-16	3.04e-13	3.26e-11	1.33e-09	5.35e-08	5.14e-05	3.33e-03	4.78e-02	1.94e-01	4.16e-01	2.52e-01	6.49e-02	1.44e-02	6.79e-03	1.46e-04	1.04e-06
 1.29308e+21	1.54e-33	2.80e-26	2.38e-20	1.86e-16	3.92e-13	4.09e-11	1.61e-09	6.29e-08	5.82e-05	3.66e-03	5.09e-02	2.01e-01	4.18e-01	2.45e-01	6.11e-02	1.32e-02	6.05e-03	1.26e-04	8.60e-07
 1.34375e+21	0.00e+00	3.72e-26	3.10e-20	2.36e-16	4.87e-13	4.97e-11	1.91e-09	7.22e-08	6.46e-05	3.96e-03	5.37e-02	2.07e-01	4.20e-01	2.39e-01	5.79e-02	1.22e-02	5.48e-03	1.10e-04	0.00e+00
 1.38611e+21	2.69e-33	4.67e-26	3.81e-20	2.85e-16	5.77e-13	5.78e-11	2.17e-09	8.05e-08	7.04e-05	4.22e-03	5.61e-02	2.12e-01	4.21e-01	2.35e-01	5.55e-02	1.15e-02	5.06e-03	9.95e-05	0.00e+00
 1.43311e+21	0.00e+00	5.99e-26	4.78e-20	3.50e-16	6.95e-13	6.81e-11	2.50e-09	9.06e-08	7.73e-05	4.52e-03	5.87e-02	2.18e-01	4.22e-01	2.29e-01	5.29e-02	1.07e-02	4.63e-03	8.87e-05	0.00e+00
 1.49421e+21	5.01e-33	8.27e-26	6.43e-20	4.58e-16	8.85e-13	8.44e-11	3.00e-09	1.06e-07	8.71e-05	4.95e-03	6.24e-02	2.25e-01	4.22e-01	2.22e-01	4.96e-02	9.82e-03	4.13e-03	7.64e-05	0.00e+00
 1.55776e+21	0.00e+00	1.16e-25	8.75e-20	6.07e-16	1.14e-12	1.06e-10	3.65e-09	1.24e-07	9.83e-05	5.41e-03	6.62e-02	2.32e-01	4.23e-01	2.15e-01	4.64e-02	8.95e-03	3.66e-03	6.55e-05	0.00e+00
 1.60921e+21	9.58e-33	1.50e-25	1.11e-19	7.54e-16	1.39e-12	1.26e-10	4.24e-09	1.41e-07	1.08e-04	5.81e-03	6.93e-02	2.37e-01	4.22e-01	2.09e-01	4.40e-02	8.31e-03	3.33e-03	5.79e-05	0.00e+00
 1.66081e+21	0.00e+00	1.93e-25	1.40e-19	9.27e-16	1.67e-12	1.48e-10	4.87e-09	1.58e-07	1.19e-04	6.22e-03	7.25e-02	2.43e-01	4.22e-01	2.04e-01	4.18e-02	7.73e-03	3.04e-03	5.14e-05	0.00e+00
 1.72790e+21	1.80e-32	2.69e-25	1.89e-19	1.22e-15	2.13e-12	1.84e-10	5.87e-09	1.85e-07	1.34e-04	6.80e-03	7.68e-02	2.50e-01	4.21e-01	1.97e-01	3.90e-02	7.02e-03	2.69e-03	4.39e-05	0.00e+00
 1.79771e+21	0.00e+00	3.79e-25	2.58e-19	1.62e-15	2.75e-12	2.32e-10	7.15e-09	2.17e-07	1.51e-04	7.44e-03	8.14e-02	2.57e-01	4.20e-01	1.89e-01	3.63e-02	6.35e-03	2.37e-03	3.74e-05	0.00e+00
 1.85458e+21	3.50e-32	4.95e-25	3.29e-19	2.02e-15	3.36e-12	2.76e-10	8.32e-09	2.47e-07	1.67e-04	7.98e-03	8.52e-02	2.62e-01	4.18e-01	1.83e-01	3.43e-02	5.87e-03	2.15e-03	3.29e-05	0.00e+00
 1.90362e+21	0.00e+00	6.19e-25	4.04e-19	2.43e-15	3.96e-12	3.20e-10	9.42e-09	2.74e-07	1.81e-04	8.46e-03	8.84e-02	2.67e-01	4.17e-01	1.79e-01	3.26e-02	5.49e-03	1.97e-03	2.95e-05	0.00e+00
 1.95901e+21	5.85e-32	7.94e-25	5.06e-19	2.98e-15	4.75e-12	3.76e-10	1.08e-08	3.07e-07	1.98e-04	9.04e-03	9.22e-02	2.72e-01	4.15e-01	1.73e-01	3.08e-02	5.09e-03	1.80e-03	2.61e-05	0.00e+00
 2.03102e+21	0.00e+00	1.09e-24	6.79e-19	3.88e-15	6.01e-12	4.63e-10	1.29e-08	3.57e-07	2.22e-04	9.82e-03	9.72e-02	2.79e-01	4.12e-01	1.67e-01	2.87e-02	4.62e-03	1.59e-03	2.23e-05	0.00e+00
 2.10385e+21	1.19e-31	1.52e-24	9.15e-19	5.09e-15	7.67e-12	5.75e-10	1.56e-08	4.16e-07	2.49e-04	1.07e-02	1.02e-01	2.85e-01	4.09e-01	1.60e-01	2.67e-02	4.18e-03	1.41e-03	1.91e-05	0.00e+00
 2.16038e+21	0.00e+00	1.94e-24	1.14e-18	6.21e-15	9.16e-12	6.73e-10	1.78e-08	4.65e-07	2.71e-04	1.13e-02	1.06e-01	2.90e-01	4.07e-01	1.55e-01	2.52e-02	3.88e-03	1.28e-03	1.69e-05	0.00e+00
 2.21648e+21	1.99e-31	2.44e-24	1.41e-18	7.49e-15	1.08e-11	7.80e-10	2.02e-08	5.17e-07	2.95e-04	1.20e-02	1.10e-01	2.95e-01	4.04e-01	1.50e-01	2.39e-02	3.61e-03	1.17e-03	1.51e-05	0.00e+00
 2.28941e+21	0.00e+00	3.31e-24	1.86e-18	9.62e-15	1.35e-11	9.51e-10	2.39e-08	5.95e-07	3.28e-04	1.30e-02	1.16e-01	3.01e-01	4.00e-01	1.44e-01	2.22e-02	3.27e-03	1.04e-03	1.30e-05	0.00e+00
 2.36710e+21	3.95e-31	4.58e-24	2.50e-18	1.26e-14	1.72e-11	1.18e-09	2.87e-08	6.91e-07	3.67e-04	1.41e-02	1.22e-01	3.07e-01	3.95e-01	1.38e-01	2.05e-02	2.96e-03	9.15e-04	1.10e-05	0.00e+00
 2.43372e+21	0.00e+00	5.98e-24	3.18e-18	1.57e-14	2.09e-11	1.40e-09	3.33e-08	7.81e-07	4.03e-04	1.51e-02	1.27e-01	3.11e-01	3.91e-01	1.33e-01	1.93e-02	2.72e-03	8.24e-04	9.66e-06	0.00e+00
 2.50308e+21	7.08e-31	7.82e-24	4.05e-18	1.95e-14	2.53e-11	1.65e-09	3.84e-08	8.81e-07	4.43e-04	1.61e-02	1.32e-01	3.16e-01	3.87e-01	1.27e-01	1.80e-02	2.49e-03	7.39e-04	8.42e-06	0.00e+00
 2.59324e+21	0.00e+00	1.11e-23	5.57e-18	2.59e-14	3.27e-11	2.07e-09	4.66e-08	1.03e-06	5.01e-04	1.76e-02	1.39e-01	3.22e-01	3.81e-01	1.21e-01	1.65e-02	2.22e-03	6.42e-04	7.04e-06	0.00e+00
 2.68648e+21	1.54e-30	1.59e-23	7.74e-18	3.49e-14	4.26e-11	2.62e-09	5.70e-08	1.22e-06	5.66e-04	1.91e-02	1.46e-01	3.28e-01	3.74e-01	1.14e-01	1.50e-02	1.97e-03	5.55e-04	5.86e-06	0.00e+00
 2.76325e+21	0.00e+00	2.12e-23	1.00e-17	4.40e-14	5.24e-11	3.14e-09	6.65e-08	1.39e-06	6.24e-04	2.05e-02	1.52e-01	3.33e-01	3.69e-01	1.09e-01	1.40e-02	1.79e-03	4.94e-04	5.06e-06	0.00e+00
 2.84256e+21	2.87e-30	2.81e-23	1.29e-17	5.53e-14	6.41e-11	3.76e-09	7.73e-08	1.57e-06	6.88e-04	2.20e-02	1.58e-01	3.37e-01	3.63e-01	1.04e-01	1.30e-02	1.62e-03	4.39e-04	4.36e-06	0.00e+00
 2.94566e+21	0.00e+00	4.07e-23	1.81e-17	7.47e-14	8.37e-11	4.75e-09	9.44e-08	1.86e-06	7.80e-04	2.40e-02	1.67e-01	3.42e-01	3.55e-01	9.82e-02	1.17e-02	1.43e-03	3.77e-04	3.59e-06	0.00e+00
 3.04728e+21	6.43e-30	5.88e-23	2.53e-17	1.01e-13	1.10e-10	6.03e-09	1.16e-07	2.19e-06	8.80e-04	2.60e-02	1.75e-01	3.47e-01	3.47e-01	9.24e-02	1.06e-02	1.26e-03	3.23e-04	2.96e-06	0.00e+00
 3.12430e+21	0.00e+00	7.66e-23	3.21e-17	1.25e-13	1.32e-10	7.12e-09	1.33e-07	2.46e-06	9.62e-04	2.77e-02	1.81e-01	3.50e-01	3.41e-01	8.82e-02	9.90e-03	1.15e-03	2.89e-04	2.57e-06	0.00e+00
 3.20175e+21	1.13e-29	9.88e-23	4.04e-17	1.54e-13	1.59e-10	8.35e-09	1.53e-07	2.76e-06	1.05e-03	2.94e-02	1.87e-01	3.53e-01	3.35e-01	8.42e-02	9.20e-03	1.05e-03	2.58e-04	2.23e-06	0.00e+00
 3.30245e+21	0.00e+00	1.38e-22	5.48e-17	2.02e-13	2.02e-10	1.03e-08	1.83e-07	3.20e-06	1.18e-03	3.18e-02	1.95e-01	3.57e-01	3.27e-01	7.92e-02	8.36e-03	9.31e-04	2.23e-04	1.86e-06	0.00e+00
 3.41320e+21	2.46e-29	2.00e-22	7.66e-17	2.73e-13	2.64e-10	1.31e-08	2.24e-07	3.78e-06	1.33e-03	3.45e-02	2.04e-01	3.60e-01	3.18e-01	7.40e-02	7.52e-03	8.15e-04	1.90e-04	1.52e-06	0.00e+00
 3.51374e+21	0.00e+00	2.77e-22	1.03e-16	3.56e-13	3.33e-10	1.61e-08	2.67e-07	4.37e-06	1.48e-03	3.71e-02	2.12e-01	3.63e-01	3.09e-01	6.96e-02	6.84e-03	7.23e-04	1.65e-04	1.27e-06	0.00e+00
 3.62118e+21	5.05e-29	3.87e-22	1.39e-16	4.65e-13	4.22e-10	1.98e-08	3.18e-07	5.06e-06	1.65e-03	3.99e-02	2.21e-01	3.65e-01	3.01e-01	6.51e-02	6.18e-03	6.38e-04	1.41e-04	1.05e-06	0.00e+00
 3.76086e+21	0.00e+00	5.96e-22	2.05e-16	6.59e-13	5.75e-10	2.60e-08	4.01e-07	6.13e-06	1.90e-03	4.39e-02	2.32e-01	3.68e-01	2.89e-01	5.96e-02	5.41e-03	5.41e-04	1.16e-04	8.18e-07	0.00e+00
 3.90026e+21	1.31e-28	9.22e-22	3.05e-16	9.40e-13	7.88e-10	3.45e-08	5.11e-07	7.46e-06	2.19e-03	4.82e-02	2.43e-01	3.69e-01	2.77e-01	5.46e-02	4.73e-03	4.59e-04	9.50e-05	0.00e+00	0.00e+00
 4.00607e+21	0.00e+00	1.26e-21	4.04e-16	1.21e-12	9.83e-10	4.20e-08	6.03e-07	8.56e-06	2.42e-03	5.15e-02	2.51e-01	3.70e-01	2.69e-01	5.10e-02	4.27e-03	4.06e-04	8.19e-05	0.00e+00	0.00e+00
 4.11037e+21	2.54e-28	1.69e-21	5.26e-16	1.53e-12	1.21e-09	5.04e-08	7.04e-07	9.75e-06	2.67e-03	5.50e-02	2.59e-01	3.71e-01	2.60e-01	4.77e-02	3.87e-03	3.60e-04	7.09e-05	0.00e+00	0.00e+00
 4.24595e+21	0.00e+00	2.49e-21	7.47e-16	2.09e-12	1.59e-09	6.44e-08	8.67e-07	1.16e-05	3.03e-03	5.97e-02	2.70e-01	3.71e-01	2.49e-01	4.37e-02	3.40e-03	3.07e-04	5.87e-05	0.00e+00	0.00e+00
 4.39244e+21	6.18e-28	3.80e-21	1.09e-15	2.94e-12	2.15e-09	8.43e-08	1.09e-06	1.40e-05	3.47e-03	6.50e-02	2.81e-01	3.70e-01	2.38e-01	3.97e-02	2.95e-03	2.59e-04	4.77e-05	0.00e+00	0.00e+00
 4.51998e+21	0.00e+00	5.40e-21	1.50e-15	3.90e-12	2.76e-09	1.05e-07	1.32e-06	1.64e-05	3.88e-03	6.99e-02	2.90e-01	3.69e-01	2.28e-01	3.64e-02	2.61e-03	2.23e-04	4.00e-05	0.00e+00	0.00e+00
 4.62779e+21	1.25e-27	7.20e-21	1.94e-15	4.92e-12	3.39e-09	1.26e-07	1.54e-06	1.86e-05	4.26e-03	7.41e-02	2.98e-01	3.68e-01	2.19e-01	3.39e-02	2.35e-03	1.98e-04	3.45e-05	0.00e+00	0.00e+00
 4.74307e+21	0.00e+00	9.71e-21	2.54e-15	6.24e-12	4.17e-09	1.52e-07	1.80e-06	2.13e-05	4.70e-03	7.89e-02	3.06e-01	3.66e-01	2.11e-01	3.14e-02	2.10e-03	1.73e-04	2.94e-05	0.00e+00	0.00e+00
 4.89293e+21	2.66e-27	1.43e-20	3.61e-15	8.53e-12	5.49e-09	1.95e-07	2.22e-06	2.54e-05	5.34e-03	8.53e-02	3.17e-01	3.63e-01	1.99e-01	2.84e-02	1.81e-03	1.46e-04	2.39e-05	0.00e+00	0.00e+00
 5.04350e+21	0.00e+00	2.13e-20	5.15e-15	1.17e-11	7.27e-09	2.51e-07	2.77e-06	3.04e-05	6.04e-03	9.21e-02	3.27e-01	3.59e-01	1.89e-01	2.55e-02	1.56e-03	1.22e-04	1.94e-05	0.00e+00	0.00e+00
 5.15923e+21	5.63e-27	2.83e-20	6.66e-15	1.47e-11	8.88e-09	3.00e-07	3.22e-06	3.45e-05	6.62e-03	9.74e-02	3.34e-01	3.56e-01	1.81e-01	2.36e-02	1.40e-03	1.07e-04	1.66e-05	0.00e+00	0.00e+00
 5.27393e+21	7.60e-27	3.72e-20	8.49e-15	1.83e-11	1.07e-08	3.55e-07	3.72e-06	3.90e-05	7.24e-03	1.03e-01	3.41e-01	3.53e-01	1.73e-01	2.18e-02	1.25e-03	9.43e-05	1.42e-05	0.00e+00	0.00e+00
 5.42304e+21	1.13e-26	5.32e-20	1.17e-14	2.43e-11	1.37e-08	4.45e-07	4.51e-06	4.60e-05	8.13e-03	1.10e-01	3.50e-01	3.48e-01	1.63e-01	1.96e-02	1.08e-03	7.94e-05	1.16e-05	0.00e+00	0.00e+00
 5.58174e+21	1.71e-26	7.78e-20	1.65e-14	3.29e-11	1.80e-08	5.68e-07	5.57e-06	5.48e-05	9.17e-03	1.19e-01	3.59e-01	3.42e-01	1.53e-01	1.75e-02	9.23e-04	6.63e-05	9.31e-06	0.00e+00	0.00e+00
 5.71745e+21	2.41e-26	1.06e-19	2.18e-14	4.21e-11	2.23e-08	6.91e-07	6.58e-06	6.31e-05	1.01e-02	1.26e-01	3.66e-01	3.37e-01	1.45e-01	1.59e-02	8.08e-04	5.69e-05	7.76e-06	0.00e+00	0.00e+00
 5.85839e+21	3.39e-26	1.44e-19	2.87e-14	5.37e-11	2.75e-08	8.37e-07	7.75e-06	7.27e-05	1.12e-02	1.33e-01	3.73e-01	3.31e-01	1.36e-01	1.44e-02	7.04e-04	4.85e-05	6.41e-06	0.00e+00	0.00e+00
 6.04162e+21	5.29e-26	2.16e-19	4.10e-14	7.37e-11	3.63e-08	1.08e-06	9.64e-06	8.78e-05	1.28e-02	1.44e-01	3.82e-01	3.23e-01	1.26e-01	1.26e-02	5.86e-04	3.94e-05	5.00e-06	0.00e+00	0.00e+00
 6.22995e+21	8.32e-26	3.26e-19	5.93e-14	1.02e-10	4.83e-08	1.40e-06	1.21e-05	1.06e-04	1.45e-02	1.55e-01	3.89e-01	3.14e-01	1.16e-01	1.10e-02	4.86e-04	3.19e-05	3.88e-06	0.00e+00	0.00e+00
 6.38139e+21	1.17e-25	4.45e-19	7.83e-14	1.31e-10	5.97e-08	1.70e-06	1.43e-05	1.23e-04	1.60e-02	1.64e-01	3.95e-01	3.07e-01	1.09e-01	9.86e-03	4.20e-04	2.70e-05	3.18e-06	0.00e+00	0.00e+00
 6.53472e+21	1.64e-25	6.01e-19	1.02e-13	1.65e-10	7.31e-08	2.05e-06	1.68e-05	1.41e-04	1.77e-02	1.73e-01	4.00e-01	2.99e-01	1.01e-01	8.81e-03	3.61e-04	2.28e-05	2.60e-06	0.00e+00	0.00e+00
 6.73406e+21	2.54e-25	8.90e-19	1.45e-13	2.25e-10	9.54e-08	2.63e-06	2.07e-05	1.70e-04	2.01e-02	1.85e-01	4.06e-01	2.88e-01	9.23e-02	7.59e-03	2.96e-04	1.82e-05	1.99e-06	0.00e+00	0.00e+00
 6.94282e+21	3.99e-25	1.34e-18	2.08e-13	3.10e-10	1.26e-07	3.40e-06	2.60e-05	2.07e-04	2.29e-02	1.99e-01	4.10e-01	2.77e-01	8.37e-02	6.51e-03	2.41e-04	1.45e-05	1.52e-06	0.00e+00	0.00e+00
 7.11555e+21	5.69e-25	1.84e-18	2.77e-13	3.97e-10	1.56e-07	4.15e-06	3.08e-05	2.40e-04	2.53e-02	2.09e-01	4.14e-01	2.68e-01	7.73e-02	5.74e-03	2.05e-04	1.20e-05	1.22e-06	0.00e+00	0.00e+00
 7.26587e+21	7.66e-25	2.41e-18	3.50e-13	4.88e-10	1.87e-07	4.89e-06	3.54e-05	2.72e-04	2.75e-02	2.19e-01	4.16e-01	2.60e-01	7.20e-02	5.14e-03	1.77e-04	1.02e-05	1.01e-06	0.00e+00	0.00e+00
 7.43537e+21	1.06e-24	3.23e-18	4.54e-13	6.13e-10	2.27e-07	5.87e-06	4.14e-05	3.13e-04	3.03e-02	2.30e-01	4.17e-01	2.51e-01	6.63e-02	4.53e-03	1.50e-04	8.52e-06	8.08e-07	0.00e+00	0.00e+00
 7.65571e+21	1.62e-24	4.72e-18	6.35e-13	8.21e-10	2.91e-07	7.43e-06	5.08e-05	3.75e-04	3.42e-02	2.45e-01	4.18e-01	2.39e-01	5.95e-02	3.84e-03	1.21e-04	6.71e-06	0.00e+00	0.00e+00	0.00e+00
 7.86977e+21	2.45e-24	6.83e-18	8.80e-13	1.09e-09	3.73e-07	9.35e-06	6.20e-05	4.46e-04	3.82e-02	2.58e-01	4.18e-01	2.28e-01	5.37e-02	3.29e-03	9.92e-05	5.37e-06	0.00e+00	0.00e+00	0.00e+00
 8.02473e+21	3.23e-24	8.75e-18	1.09e-12	1.32e-09	4.39e-07	1.09e-05	7.05e-05	5.00e-04	4.12e-02	2.68e-01	4.18e-01	2.20e-01	4.98e-02	2.94e-03	8.60e-05	4.58e-06	0.00e+00	0.00e+00	0.00e+00
 8.17523e+21	4.17e-24	1.10e-17	1.34e-12	1.58e-09	5.09e-07	1.25e-05	7.90e-05	5.56e-04	4.43e-02	2.77e-01	4.17e-01	2.12e-01	4.63e-02	2.64e-03	7.49e-05	3.93e-06	0.00e+00	0.00e+00	0.00e+00
 8.37087e+21	5.85e-24	1.49e-17	1.74e-12	1.99e-09	6.19e-07	1.50e-05	9.26e-05	6.42e-04	4.87e-02	2.90e-01	4.15e-01	2.02e-01	4.20e-02	2.29e-03	6.24e-05	3.21e-06	0.00e+00	0.00e+00	0.00e+00
 8.58365e+21	8.43e-24	2.06e-17	2.32e-12	2.55e-09	7.68e-07	1.83e-05	1.10e-04	7.48e-04	5.36e-02	3.03e-01	4.12e-01	1.92e-01	3.78e-02	1.96e-03	5.14e-05	2.59e-06	0.00e+00	0.00e+00	0.00e+00
 8.77239e+21	1.15e-23	2.72e-17	2.96e-12	3.16e-09	9.19e-07	2.16e-05	1.27e-04	8.49e-04	5.81e-02	3.14e-01	4.08e-01	1.83e-01	3.45e-02	1.72e-03	4.35e-05	2.15e-06	0.00e+00	0.00e+00	0.00e+00
 8.97143e+21	1.57e-23	3.59e-17	3.77e-12	3.89e-09	1.10e-06	2.55e-05	1.45e-04	9.65e-04	6.32e-02	3.25e-01	4.04e-01	1.74e-01	3.13e-02	1.49e-03	3.64e-05	1.77e-06	0.00e+00	0.00e+00	0.00e+00
 9.23018e+21	2.35e-23	5.14e-17	5.16e-12	5.11e-09	1.38e-06	3.16e-05	1.74e-04	1.14e-03	7.01e-02	3.40e-01	3.98e-01	1.62e-01	2.75e-02	1.24e-03	2.90e-05	1.37e-06	0.00e+00	0.00e+00	0.00e+00
 9.49076e+21	3.52e-23	7.37e-17	7.09e-12	6.74e-09	1.74e-06	3.92e-05	2.09e-04	1.34e-03	7.73e-02	3.53e-01	3.91e-01	1.51e-01	2.42e-02	1.04e-03	2.32e-05	1.07e-06	0.00e+00	0.00e+00	0.00e+00
 9.69403e+21	4.73e-23	9.60e-17	8.92e-12	8.23e-09	2.06e-06	4.57e-05	2.37e-04	1.50e-03	8.30e-02	3.63e-01	3.85e-01	1.44e-01	2.20e-02	9.07e-04	1.97e-05	8.91e-07	0.00e+00	0.00e+00	0.00e+00
 9.89858e+21	6.29e-23	1.24e-16	1.11e-11	9.94e-09	2.41e-06	5.28e-05	2.67e-04	1.68e-03	8.92e-02	3.73e-01	3.79e-01	1.36e-01	1.99e-02	7.89e-04	1.66e-05	0.00e+00	0.00e+00	0.00e+00	0.00e+00
 1.01645e+22	9.13e-23	1.72e-16	1.48e-11	1.28e-08	2.97e-06	6.40e-05	3.13e-04	1.94e-03	9.76e-02	3.86e-01	3.70e-01	1.26e-01	1.75e-02	6.60e-04	1.33e-05	0.00e+00	0.00e+00	0.00e+00	0.00e+00
 1.04494e+22	1.36e-22	2.45e-16	2.01e-11	1.67e-08	3.73e-06	7.86e-05	3.72e-04	2.26e-03	1.07e-01	3.98e-01	3.60e-01	1.17e-01	1.53e-02	5.47e-04	1.06e-05	0.00e+00	0.00e+00	0.00e+00	0.00e+00
 1.06985e+22	1.89e-22	3.28e-16	2.60e-11	2.08e-08	4.49e-06	9.30e-05	4.26e-04	2.56e-03	1.15e-01	4.07e-01	3.52e-01	1.09e-01	1.36e-02	4.66e-04	8.72e-06	0.00e+00	0.00e+00	0.00e+00	0.00e+00
 1.09616e+22	2.63e-22	4.39e-16	3.35e-11	2.59e-08	5.38e-06	1.09e-04	4.86e-04	2.89e-03	1.24e-01	4.17e-01	3.42e-01	1.01e-01	1.20e-02	3.94e-04	7.10e-06	0.00e+00	0.00e+00	0.00e+00	0.00e+00
 1.12416e+22	3.77e-22	6.05e-16	4.43e-11	3.30e-08	6.60e-06	1.32e-04	5.65e-04	3.31e-03	1.34e-01	4.26e-01	3.32e-01	9.38e-02	1.05e-02	3.29e-04	5.73e-06	0.00e+00	0.00e+00	0.00e+00	0.00e+00
 1.14797e+22	5.05e-22	7.85e-16	5.55e-11	4.02e-08	7.77e-06	1.52e-04	6.35e-04	3.67e-03	1.42e-01	4.33e-01	3.23e-01	8.80e-02	9.46e-03	2.85e-04	4.82e-06	0.00e+00	0.00e+00	0.00e+00	0.00e+00
 1.17253e+22	6.73e-22	1.01e-15	6.91e-11	4.86e-08	9.08e-06	1.75e-04	7.08e-04	4.06e-03	1.51e-01	4.40e-01	3.14e-01	8.22e-02	8.45e-03	2.45e-04	4.02e-06	0.00e+00	0.00e+00	0.00e+00	0.00e+00
 1.20447e+22	9.78e-22	1.41e-15	9.20e-11	6.22e-08	1.11e-05	2.10e-04	8.19e-04	4.64e-03	1.62e-01	4.47e-01	3.02e-01	7.52e-02	7.30e-03	2.02e-04	3.19e-06	0.00e+00	0.00e+00	0.00e+00	0.00e+00
 1.23706e+22	1.43e-21	1.97e-15	1.24e-10	8.06e-08	1.38e-05	2.54e-04	9.55e-04	5.30e-03	1.74e-01	4.54e-01	2.90e-01	6.87e-02	6.31e-03	1.66e-04	2.54e-06	0.00e+00	0.00e+00	0.00e+00	0.00e+00
 1.26305e+22	1.91e-21	2.54e-15	1.54e-10	9.77e-08	1.62e-05	2.92e-04	1.06e-03	5.83e-03	1.84e-01	4.58e-01	2.81e-01	6.41e-02	5.64e-03	1.43e-04	2.13e-06	0.00e+00	0.00e+00	0.00e+00	0.00e+00
 1.28937e+22	2.52e-21	3.25e-15	1.90e-10	1.17e-07	1.88e-05	3.32e-04	1.18e-03	6.40e-03	1.94e-01	4.62e-01	2.71e-01	5.96e-02	5.02e-03	1.23e-04	1.78e-06	0.00e+00	0.00e+00	0.00e+00	0.00e+00
 1.32358e+22	3.63e-21	4.47e-15	2.51e-10	1.49e-07	2.30e-05	3.95e-04	1.35e-03	7.23e-03	2.07e-01	4.66e-01	2.59e-01	5.42e-02	4.32e-03	1.01e-04	1.41e-06	0.00e+00	0.00e+00	0.00e+00	0.00e+00
 1.35938e+22	5.30e-21	6.26e-15	3.36e-10	1.93e-07	2.85e-05	4.76e-04	1.56e-03	8.19e-03	2.20e-01	4.69e-01	2.47e-01	4.91e-02	3.71e-03	8.30e-05	1.12e-06	0.00e+00	0.00e+00	0.00e+00	0.00e+00
 1.38933e+22	7.15e-21	8.16e-15	4.23e-10	2.35e-07	3.36e-05	5.49e-04	1.74e-03	9.01e-03	2.32e-01	4.71e-01	2.37e-01	4.53e-02	3.27e-03	7.06e-05	9.23e-07	0.00e+00	0.00e+00	0.00e+00	0.00e+00
 1.42034e+22	9.64e-21	1.06e-14	5.29e-10	2.86e-07	3.94e-05	6.29e-04	1.92e-03	9.88e-03	2.43e-01	4.72e-01	2.27e-01	4.17e-02	2.88e-03	5.97e-05	0.00e+00	0.00e+00	0.00e+00	0.00e+00	0.00e+00
 1.46066e+22	1.42e-20	1.49e-14	7.11e-10	3.70e-07	4.87e-05	7.54e-04	2.21e-03	1.12e-02	2.59e-01	4.73e-01	2.14e-01	3.74e-02	2.43e-03	4.82e-05	0.00e+00	0.00e+00	0.00e+00	0.00e+00	0.00e+00
 1.50221e+22	2.11e-20	2.12e-14	9.65e-10	4.85e-07	6.10e-05	9.13e-04	2.56e-03	1.26e-02	2.74e-01	4.72e-01	2.02e-01	3.34e-02	2.05e-03	3.89e-05	0.00e+00	0.00e+00	0.00e+00	0.00e+00	0.00e+00
 1.53631e+22	2.88e-20	2.77e-14	1.22e-09	5.96e-07	7.23e-05	1.05e-03	2.84e-03	1.38e-02	2.87e-01	4.71e-01	1.93e-01	3.06e-02	1.79e-03	3.27e-05	0.00e+00	0.00e+00	0.00e+00	0.00e+00	0.00e+00
 1.57159e+22	3.90e-20	3.62e-14	1.53e-09	7.29e-07	8.51e-05	1.21e-03	3.14e-03	1.51e-02	3.00e-01	4.68e-01	1.83e-01	2.78e-02	1.56e-03	2.74e-05	0.00e+00	0.00e+00	0.00e+00	0.00e+00	0.00e+00
 1.61745e+22	5.81e-20	5.14e-14	2.07e-09	9.50e-07	1.06e-04	1.45e-03	3.60e-03	1.70e-02	3.16e-01	4.65e-01	1.71e-01	2.46e-02	1.30e-03	2.18e-05	0.00e+00	0.00e+00	0.00e+00	0.00e+00	0.00e+00
 1.66542e+22	8.77e-20	7.38e-14	2.84e-09	1.26e-06	1.34e-04	1.76e-03	4.17e-03	1.92e-02	3.33e-01	4.60e-01	1.59e-01	2.17e-02	1.08e-03	1.73e-05	0.00e+00	0.00e+00	0.00e+00	0.00e+00	0.00e+00
 1.70514e+22	1.21e-19	9.77e-14	3.62e-09	1.57e-06	1.60e-04	2.04e-03	4.64e-03	2.10e-02	3.47e-01	4.55e-01	1.50e-01	1.96e-02	9.29e-04	1.44e-05	0.00e+00	0.00e+00	0.00e+00	0.00e+00	0.00e+00
 1.74579e+22	1.66e-19	1.29e-13	4.59e-09	1.93e-06	1.89e-04	2.35e-03	5.13e-03	2.29e-02	3.60e-01	4.49e-01	1.41e-01	1.77e-02	7.97e-04	1.19e-05	0.00e+00	0.00e+00	0.00e+00	0.00e+00	0.00e+00
 1.79863e+22	2.50e-19	1.85e-13	6.26e-09	2.55e-06	2.38e-04	2.83e-03	5.87e-03	2.56e-02	3.78e-01	4.41e-01	1.30e-01	1.54e-02	6.55e-04	9.33e-06	0.00e+00	0.00e+00	0.00e+00	0.00e+00	0.00e+00
 1.85370e+22	3.85e-19	2.70e-13	8.71e-09	3.40e-06	3.02e-04	3.44e-03	6.79e-03	2.88e-02	3.95e-01	4.32e-01	1.20e-01	1.34e-02	5.35e-04	7.29e-06	0.00e+00	0.00e+00	0.00e+00	0.00e+00	0.00e+00
 1.89895e+22	5.40e-19	3.63e-13	1.12e-08	4.26e-06	3.63e-04	4.00e-03	7.55e-03	3.14e-02	4.09e-01	4.24e-01	1.12e-01	1.20e-02	4.54e-04	5.96e-06	0.00e+00	0.00e+00	0.00e+00	0.00e+00	0.00e+00
 1.94505e+22	7.50e-19	4.83e-13	1.44e-08	5.27e-06	4.31e-04	4.59e-03	8.32e-03	3.40e-02	4.22e-01	4.16e-01	1.04e-01	1.07e-02	3.86e-04	4.90e-06	0.00e+00	0.00e+00	0.00e+00	0.00e+00	0.00e+00
 2.00499e+22	1.15e-18	7.04e-13	1.99e-08	7.01e-06	5.44e-04	5.54e-03	9.51e-03	3.78e-02	4.38e-01	4.04e-01	9.52e-02	9.19e-03	3.12e-04	3.80e-06	0.00e+00	0.00e+00	0.00e+00	0.00e+00	0.00e+00
 2.06180e+22	1.72e-18	1.00e-12	2.71e-08	9.20e-06	6.82e-04	6.65e-03	1.09e-02	4.18e-02	4.52e-01	3.92e-01	8.72e-02	7.99e-03	2.56e-04	3.00e-06	0.00e+00	0.00e+00	0.00e+00	0.00e+00	0.00e+00
 2.10090e+22	2.22e-18	1.25e-12	3.27e-08	1.09e-05	7.81e-04	7.40e-03	1.17e-02	4.43e-02	4.62e-01	3.84e-01	8.22e-02	7.27e-03	2.25e-04	2.56e-06	0.00e+00	0.00e+00	0.00e+00	0.00e+00	0.00e+00
 2.13811e+22	2.82e-18	1.54e-12	3.92e-08	1.27e-05	8.86e-04	8.17e-03	1.25e-02	4.68e-02	4.70e-01	3.77e-01	7.76e-02	6.64e-03	1.98e-04	2.21e-06	0.00e+00	0.00e+00	0.00e+00	0.00e+00	0.00e+00
 2.18649e+22	3.88e-18	2.04e-12	4.99e-08	1.57e-05	1.05e-03	9.37e-03	1.38e-02	5.04e-02	4.81e-01	3.66e-01	7.20e-02	5.91e-03	1.68e-04	1.82e-06	0.00e+00	0.00e+00	0.00e+00	0.00e+00	0.00e+00
 2.24093e+22	5.51e-18	2.77e-12	6.51e-08	1.99e-05	1.27e-03	1.09e-02	1.53e-02	5.46e-02	4.92e-01	3.55e-01	6.62e-02	5.18e-03	1.40e-04	1.47e-06	0.00e+00	0.00e+00	0.00e+00	0.00e+00	0.00e+00
 2.29201e+22	7.55e-18	3.64e-12	8.25e-08	2.45e-05	1.51e-03	1.25e-02	1.68e-02	5.85e-02	5.01e-01	3.44e-01	6.12e-02	4.59e-03	1.19e-04	1.21e-06	0.00e+00	0.00e+00	0.00e+00	0.00e+00	0.00e+00
 2.34719e+22	1.05e-17	4.86e-12	1.06e-07	3.05e-05	1.80e-03	1.43e-02	1.85e-02	6.29e-02	5.10e-01	3.32e-01	5.62e-02	4.03e-03	9.94e-05	9.82e-07	0.00e+00	0.00e+00	0.00e+00	0.00e+00	0.00e+00
 2.41893e+22	1.60e-17	7.04e-12	1.46e-07	4.05e-05	2.27e-03	1.72e-02	2.09e-02	6.89e-02	5.20e-01	3.17e-01	5.04e-02	3.41e-03	7.92e-05	0.00e+00	0.00e+00	0.00e+00	0.00e+00	0.00e+00	0.00e+00
 2.49073e+22	2.43e-17	1.01e-11	2.00e-07	5.35e-05	2.86e-03	2.05e-02	2.37e-02	7.52e-02	5.29e-01	3.01e-01	4.50e-02	2.88e-03	6.30e-05	0.00e+00	0.00e+00	0.00e+00	0.00e+00	0.00e+00	0.00e+00
 2.54628e+22	3.26e-17	1.31e-11	2.50e-07	6.52e-05	3.34e-03	2.32e-02	2.57e-02	7.95e-02	5.34e-01	2.90e-01	4.13e-02	2.54e-03	5.31e-05	0.00e+00	0.00e+00	0.00e+00	0.00e+00	0.00e+00	0.00e+00
 2.60214e+22	4.39e-17	1.70e-11	3.13e-07	7.94e-05	3.92e-03	2.62e-02	2.78e-02	8.43e-02	5.39e-01	2.78e-01	3.79e-02	2.23e-03	4.48e-05	0.00e+00	0.00e+00	0.00e+00	0.00e+00	0.00e+00	0.00e+00
 2.67476e+22	6.47e-17	2.38e-11	4.19e-07	1.03e-04	4.84e-03	3.08e-02	3.11e-02	9.09e-02	5.43e-01	2.63e-01	3.39e-02	1.89e-03	3.59e-05	0.00e+00	0.00e+00	0.00e+00	0.00e+00	0.00e+00	0.00e+00
 2.75092e+22	9.52e-17	3.34e-11	5.62e-07	1.34e-04	5.98e-03	3.62e-02	3.46e-02	9.77e-02	5.45e-01	2.48e-01	3.01e-02	1.59e-03	2.86e-05	0.00e+00	0.00e+00	0.00e+00	0.00e+00	0.00e+00	0.00e+00
 2.81579e+22	1.30e-16	4.36e-11	7.09e-07	1.65e-04	7.05e-03	4.10e-02	3.75e-02	1.03e-01	5.47e-01	2.36e-01	2.72e-02	1.37e-03	2.36e-05	0.00e+00	0.00e+00	0.00e+00	0.00e+00	0.00e+00	0.00e+00
 2.88421e+22	1.79e-16	5.80e-11	9.07e-07	2.05e-04	8.39e-03	4.67e-02	4.09e-02	1.09e-01	5.46e-01	2.23e-01	2.44e-02	1.18e-03	1.93e-05	0.00e+00	0.00e+00	0.00e+00	0.00e+00	0.00e+00	0.00e+00
 2.97316e+22	2.72e-16	8.34e-11	1.24e-06	2.71e-04	1.05e-02	5.54e-02	4.57e-02	1.17e-01	5.42e-01	2.07e-01	2.12e-02	9.68e-04	1.50e-05	0.00e+00	0.00e+00	0.00e+00	0.00e+00	0.00e+00	0.00e+00
 3.06315e+22	4.04e-16	1.18e-10	1.67e-06	3.55e-04	1.30e-02	6.50e-02	5.06e-02	1.24e-01	5.36e-01	1.91e-01	1.84e-02	7.90e-04	1.15e-05	0.00e+00	0.00e+00	0.00e+00	0.00e+00	0.00e+00	0.00e+00
 3.13616e+22	5.43e-16	1.52e-10	2.09e-06	4.33e-04	1.52e-02	7.28e-02	5.42e-02	1.29e-01	5.32e-01	1.79e-01	1.64e-02	6.74e-04	9.41e-06	0.00e+00	0.00e+00	0.00e+00	0.00e+00	0.00e+00	0.00e+00
 3.21270e+22	7.46e-16	2.01e-10	2.66e-06	5.36e-04	1.80e-02	8.23e-02	5.84e-02	1.35e-01	5.23e-01	1.67e-01	1.45e-02	5.69e-04	7.59e-06	0.00e+00	0.00e+00	0.00e+00	0.00e+00	0.00e+00	0.00e+00
 3.31220e+22	1.12e-15	2.86e-10	3.61e-06	7.05e-04	2.24e-02	9.64e-02	6.45e-02	1.43e-01	5.09e-01	1.52e-01	1.23e-02	4.56e-04	5.75e-06	0.00e+00	0.00e+00	0.00e+00	0.00e+00	0.00e+00	0.00e+00
 3.40415e+22	1.56e-15	3.81e-10	4.63e-06	8.86e-04	2.67e-02	1.09e-01	6.92e-02	1.48e-01	4.97e-01	1.39e-01	1.06e-02	3.72e-04	4.45e-06	0.00e+00	0.00e+00	0.00e+00	0.00e+00	0.00e+00	0.00e+00
 3.46763e+22	1.93e-15	4.57e-10	5.42e-06	1.02e-03	2.97e-02	1.17e-01	7.18e-02	1.50e-01	4.89e-01	1.31e-01	9.64e-03	3.25e-04	3.76e-06	0.00e+00	0.00e+00	0.00e+00	0.00e+00	0.00e+00	0.00e+00
 3.53153e+22	2.43e-15	5.58e-10	6.44e-06	1.19e-03	3.34e-02	1.28e-01	7.52e-02	1.54e-01	4.78e-01	1.22e-01	8.68e-03	2.83e-04	3.16e-06	0.00e+00	0.00e+00	0.00e+00	0.00e+00	0.00e+00	0.00e+00
 3.61459e+22	3.28e-15	7.24e-10	8.06e-06	1.46e-03	3.90e-02	1.42e-01	8.00e-02	1.58e-01	4.60e-01	1.12e-01	7.53e-03	2.34e-04	2.52e-06	0.00e+00	0.00e+00	0.00e+00	0.00e+00	0.00e+00	0.00e+00
 3.70364e+22	4.39e-15	9.31e-10	1.00e-05	1.78e-03	4.54e-02	1.57e-01	8.44e-02	1.61e-01	4.42e-01	1.01e-01	6.48e-03	1.92e-04	1.98e-06	0.00e+00	0.00e+00	0.00e+00	0.00e+00	0.00e+00	0.00e+00
 3.78214e+22	5.59e-15	1.14e-09	1.20e-05	2.09e-03	5.12e-02	1.70e-01	8.75e-02	1.63e-01	4.27e-01	9.32e-02	5.69e-03	1.62e-04	1.61e-06	0.00e+00	0.00e+00	0.00e+00	0.00e+00	0.00e+00	0.00e+00
 3.86584e+22	7.28e-15	1.44e-09	1.46e-05	2.50e-03	5.84e-02	1.86e-01	9.13e-02	1.64e-01	4.08e-01	8.45e-02	4.93e-03	1.34e-04	1.28e-06	0.00e+00	0.00e+00	0.00e+00	0.00e+00	0.00e+00	0.00e+00
 3.97466e+22	1.01e-14	1.91e-09	1.87e-05	3.12e-03	6.87e-02	2.07e-01	9.60e-02	1.66e-01	3.82e-01	7.41e-02	4.07e-03	1.05e-04	9.60e-07	0.00e+00	0.00e+00	0.00e+00	0.00e+00	0.00e+00	0.00e+00
 4.08432e+22	1.37e-14	2.48e-09	2.34e-05	3.83e-03	7.97e-02	2.26e-01	9.91e-02	1.65e-01	3.57e-01	6.50e-02	3.36e-03	8.23e-05	0.00e+00	0.00e+00	0.00e+00	0.00e+00	0.00e+00	0.00e+00	0.00e+00
 4.16841e+22	1.70e-14	2.96e-09	2.72e-05	4.41e-03	8.79e-02	2.39e-01	1.00e-01	1.64e-01	3.42e-01	5.91e-02	2.92e-03	6.89e-05	0.00e+00	0.00e+00	0.00e+00	0.00e+00	0.00e+00	0.00e+00	0.00e+00
 4.25107e+22	2.13e-14	3.60e-09	3.22e-05	5.11e-03	9.75e-02	2.54e-01	1.02e-01	1.63e-01	3.22e-01	5.32e-02	2.52e-03	5.72e-05	0.00e+00	0.00e+00	0.00e+00	0.00e+00	0.00e+00	0.00e+00	0.00e+00
 4.35853e+22	2.83e-14	4.60e-09	3.98e-05	6.16e-03	1.11e-01	2.74e-01	1.04e-01	1.60e-01	2.96e-01	4.60e-02	2.06e-03	4.47e-05	0.00e+00	0.00e+00	0.00e+00	0.00e+00	0.00e+00	0.00e+00	0.00e+00
 4.47168e+22	3.71e-14	5.80e-09	4.85e-05	7.39e-03	1.26e-01	2.92e-01	1.05e-01	1.57e-01	2.72e-01	3.97e-02	1.68e-03	3.47e-05	0.00e+00	0.00e+00	0.00e+00	0.00e+00	0.00e+00	0.00e+00	0.00e+00
 4.56648e+22	4.59e-14	6.94e-09	5.66e-05	8.51e-03	1.38e-01	3.05e-01	1.05e-01	1.53e-01	2.54e-01	3.53e-02	1.43e-03	2.82e-05	0.00e+00	0.00e+00	0.00e+00	0.00e+00	0.00e+00	0.00e+00	0.00e+00
 4.66399e+22	5.79e-14	8.45e-09	6.70e-05	9.87e-03	1.52e-01	3.19e-01	1.05e-01	1.49e-01	2.34e-01	3.09e-02	1.19e-03	2.26e-05	0.00e+00	0.00e+00	0.00e+00	0.00e+00	0.00e+00	0.00e+00	0.00e+00
 4.79074e+22	7.76e-14	1.09e-08	8.31e-05	1.19e-02	1.71e-01	3.37e-01	1.04e-01	1.42e-01	2.08e-01	2.57e-02	9.35e-04	1.69e-05	0.00e+00	0.00e+00	0.00e+00	0.00e+00	0.00e+00	0.00e+00	0.00e+00
 4.91657e+22	1.00e-13	1.35e-08	1.00e-04	1.41e-02	1.90e-01	3.50e-01	1.02e-01	1.36e-01	1.86e-01	2.16e-02	7.43e-04	1.28e-05	0.00e+00	0.00e+00	0.00e+00	0.00e+00	0.00e+00	0.00e+00	0.00e+00
 5.01310e+22	1.22e-13	1.59e-08	1.15e-04	1.61e-02	2.04e-01	3.58e-01	9.92e-02	1.30e-01	1.72e-01	1.90e-02	6.26e-04	1.04e-05	0.00e+00	0.00e+00	0.00e+00	0.00e+00	0.00e+00	0.00e+00	0.00e+00
 5.11047e+22	1.50e-13	1.90e-08	1.34e-04	1.83e-02	2.20e-01	3.66e-01	9.69e-02	1.25e-01	1.57e-01	1.65e-02	5.21e-04	8.34e-06	0.00e+00	0.00e+00	0.00e+00	0.00e+00	0.00e+00	0.00e+00	0.00e+00
 5.23705e+22	1.96e-13	2.39e-08	1.63e-04	2.16e-02	2.42e-01	3.75e-01	9.34e-02	1.17e-01	1.37e-01	1.36e-02	4.07e-04	6.23e-06	0.00e+00	0.00e+00	0.00e+00	0.00e+00	0.00e+00	0.00e+00	0.00e+00
 5.36454e+22	2.50e-13	2.94e-08	1.96e-04	2.53e-02	2.63e-01	3.81e-01	8.91e-02	1.09e-01	1.21e-01	1.13e-02	3.20e-04	4.68e-06	0.00e+00	0.00e+00	0.00e+00	0.00e+00	0.00e+00	0.00e+00	0.00e+00
 5.46688e+22	3.02e-13	3.45e-08	2.25e-04	2.86e-02	2.80e-01	3.83e-01	8.54e-02	1.03e-01	1.10e-01	9.78e-03	2.66e-04	3.76e-06	0.00e+00	0.00e+00	0.00e+00	0.00e+00	0.00e+00	0.00e+00	0.00e+00
 5.57362e+22	3.79e-13	4.20e-08	2.66e-04	3.28e-02	2.99e-01	3.84e-01	8.13e-02	9.67e-02	9.73e-02	8.27e-03	2.15e-04	2.94e-06	0.00e+00	0.00e+00	0.00e+00	0.00e+00	0.00e+00	0.00e+00	0.00e+00
 5.69260e+22	4.79e-13	5.13e-08	3.16e-04	3.79e-02	3.21e-01	3.83e-01	7.66e-02	8.96e-02	8.51e-02	6.86e-03	1.70e-04	2.24e-06	0.00e+00	0.00e+00	0.00e+00	0.00e+00	0.00e+00	0.00e+00	0.00e+00
 5.80166e+22	5.94e-13	6.18e-08	3.71e-04	4.34e-02	3.40e-01	3.79e-01	7.20e-02	8.32e-02	7.55e-02	5.79e-03	1.38e-04	1.76e-06	0.00e+00	0.00e+00	0.00e+00	0.00e+00	0.00e+00	0.00e+00	0.00e+00
 5.89485e+22	7.15e-13	7.25e-08	4.27e-04	4.87e-02	3.57e-01	3.75e-01	6.80e-02	7.79e-02	6.79e-02	5.01e-03	1.15e-04	1.42e-06	0.00e+00	0.00e+00	0.00e+00	0.00e+00	0.00e+00	0.00e+00	0.00e+00
 5.99324e+22	8.80e-13	8.69e-08	4.99e-04	5.50e-02	3.75e-01	3.68e-01	6.38e-02	7.23e-02	6.03e-02	4.26e-03	9.47e-05	1.14e-06	0.00e+00	0.00e+00	0.00e+00	0.00e+00	0.00e+00	0.00e+00	0.00e+00
 6.10131e+22	1.09e-12	1.04e-07	5.87e-04	6.29e-02	3.95e-01	3.60e-01	5.92e-02	6.63e-02	5.26e-02	3.56e-03	7.60e-05	8.87e-07	0.00e+00	0.00e+00	0.00e+00	0.00e+00	0.00e+00	0.00e+00	0.00e+00
 6.19706e+22	1.33e-12	1.25e-07	6.85e-04	7.12e-02	4.12e-01	3.50e-01	5.51e-02	6.12e-02	4.66e-02	3.03e-03	6.26e-05	0.00e+00	0.00e+00	0.00e+00	0.00e+00	0.00e+00	0.00e+00	0.00e+00	0.00e+00
 6.27756e+22	1.61e-12	1.47e-07	7.92e-04	7.92e-02	4.27e-01	3.40e-01	5.15e-02	5.69e-02	4.20e-02	2.64e-03	5.30e-05	0.00e+00	0.00e+00	0.00e+00	0.00e+00	0.00e+00	0.00e+00	0.00e+00	0.00e+00
 6.34639e+22	1.88e-12	1.69e-07	8.93e-04	8.68e-02	4.39e-01	3.31e-01	4.86e-02	5.33e-02	3.82e-02	2.34e-03	4.59e-05	0.00e+00	0.00e+00	0.00e+00	0.00e+00	0.00e+00	0.00e+00	0.00e+00	0.00e+00
 6.40864e+22	2.17e-12	1.93e-07	1.00e-03	9.46e-02	4.50e-01	3.22e-01	4.59e-02	5.01e-02	3.50e-02	2.09e-03	4.02e-05	0.00e+00	0.00e+00	0.00e+00	0.00e+00	0.00e+00	0.00e+00	0.00e+00	0.00e+00
 6.47905e+22	2.42e-12	2.12e-07	1.09e-03	1.04e-01	4.61e-01	3.11e-01	4.29e-02	4.66e-02	3.16e-02	1.83e-03	3.44e-05	0.00e+00	0.00e+00	0.00e+00	0.00e+00	0.00e+00	0.00e+00	0.00e+00	0.00e+00
 6.55423e+22	3.11e-12	2.65e-07	1.32e-03	1.16e-01	4.73e-01	2.97e-01	3.98e-02	4.29e-02	2.81e-02	1.59e-03	2.90e-05	0.00e+00	0.00e+00	0.00e+00	0.00e+00	0.00e+00	0.00e+00	0.00e+00	0.00e+00
 6.61602e+22	3.40e-12	2.87e-07	1.43e-03	1.27e-01	4.82e-01	2.86e-01	3.72e-02	3.99e-02	2.55e-02	1.41e-03	2.52e-05	0.00e+00	0.00e+00	0.00e+00	0.00e+00	0.00e+00	0.00e+00	0.00e+00	0.00e+00
 6.66574e+22	4.17e-12	3.45e-07	1.67e-03	1.37e-01	4.89e-01	2.75e-01	3.52e-02	3.75e-02	2.35e-02	1.27e-03	2.24e-05	0.00e+00	0.00e+00	0.00e+00	0.00e+00	0.00e+00	0.00e+00	0.00e+00	0.00e+00
 6.71938e+22	4.79e-12	3.91e-07	1.86e-03	1.49e-01	4.95e-01	2.64e-01	3.30e-02	3.50e-02	2.14e-02	1.14e-03	1.97e-05	0.00e+00	0.00e+00	0.00e+00	0.00e+00	0.00e+00	0.00e+00	0.00e+00	0.00e+00
 6.77734e+22	5.33e-12	4.30e-07	2.03e-03	1.63e-01	5.01e-01	2.51e-01	3.07e-02	3.23e-02	1.93e-02	1.00e-03	1.70e-05	0.00e+00	0.00e+00	0.00e+00	0.00e+00	0.00e+00	0.00e+00	0.00e+00	0.00e+00
 6.82665e+22	6.61e-12	5.23e-07	2.41e-03	1.77e-01	5.05e-01	2.39e-01	2.88e-02	3.00e-02	1.76e-02	9.00e-04	1.51e-05	0.00e+00	0.00e+00	0.00e+00	0.00e+00	0.00e+00	0.00e+00	0.00e+00	0.00e+00
 6.86638e+22	7.47e-12	5.86e-07	2.66e-03	1.90e-01	5.07e-01	2.28e-01	2.72e-02	2.82e-02	1.63e-02	8.19e-04	1.36e-05	0.00e+00	0.00e+00	0.00e+00	0.00e+00	0.00e+00	0.00e+00	0.00e+00	0.00e+00
 6.90791e+22	8.55e-12	6.62e-07	2.96e-03	2.03e-01	5.08e-01	2.18e-01	2.56e-02	2.63e-02	1.50e-02	7.43e-04	1.22e-05	0.00e+00	0.00e+00	0.00e+00	0.00e+00	0.00e+00	0.00e+00	0.00e+00	0.00e+00
 6.95362e+22	9.93e-12	7.59e-07	3.34e-03	2.20e-01	5.08e-01	2.05e-01	2.39e-02	2.43e-02	1.36e-02	6.62e-04	1.07e-05	0.00e+00	0.00e+00	0.00e+00	0.00e+00	0.00e+00	0.00e+00	0.00e+00	0.00e+00
 6.99332e+22	1.07e-11	8.13e-07	3.56e-03	2.37e-01	5.07e-01	1.94e-01	2.24e-02	2.26e-02	1.24e-02	5.95e-04	9.48e-06	0.00e+00	0.00e+00	0.00e+00	0.00e+00	0.00e+00	0.00e+00	0.00e+00	0.00e+00
 7.02564e+22	1.27e-11	9.54e-07	4.09e-03	2.52e-01	5.05e-01	1.85e-01	2.13e-02	2.12e-02	1.15e-02	5.47e-04	8.65e-06	0.00e+00	0.00e+00	0.00e+00	0.00e+00	0.00e+00	0.00e+00	0.00e+00	0.00e+00
 7.05495e+22	1.42e-11	1.05e-06	4.46e-03	2.66e-01	5.02e-01	1.76e-01	2.02e-02	2.00e-02	1.08e-02	5.04e-04	7.90e-06	0.00e+00	0.00e+00	0.00e+00	0.00e+00	0.00e+00	0.00e+00	0.00e+00	0.00e+00
 7.08824e+22	1.60e-11	1.18e-06	4.92e-03	2.83e-01	4.97e-01	1.67e-01	1.90e-02	1.86e-02	9.90e-03	4.59e-04	7.12e-06	0.00e+00	0.00e+00	0.00e+00	0.00e+00	0.00e+00	0.00e+00	0.00e+00	0.00e+00
 7.12394e+22	1.83e-11	1.33e-06	5.48e-03	3.03e-01	4.91e-01	1.57e-01	1.78e-02	1.72e-02	9.01e-03	4.12e-04	6.33e-06	0.00e+00	0.00e+00	0.00e+00	0.00e+00	0.00e+00	0.00e+00	0.00e+00	0.00e+00
 7.15366e+22	2.04e-11	1.47e-06	5.98e-03	3.21e-01	4.84e-01	1.48e-01	1.68e-02	1.60e-02	8.28e-03	3.75e-04	5.70e-06	0.00e+00	0.00e+00	0.00e+00	0.00e+00	0.00e+00	0.00e+00	0.00e+00	0.00e+00
 7.17734e+22	2.18e-11	1.56e-06	6.31e-03	3.36e-01	4.78e-01	1.41e-01	1.60e-02	1.51e-02	7.74e-03	3.47e-04	5.24e-06	0.00e+00	0.00e+00	0.00e+00	0.00e+00	0.00e+00	0.00e+00	0.00e+00	0.00e+00
 7.20232e+22	2.41e-11	1.71e-06	6.84e-03	3.53e-01	4.70e-01	1.34e-01	1.51e-02	1.42e-02	7.21e-03	3.20e-04	4.80e-06	0.00e+00	0.00e+00	0.00e+00	0.00e+00	0.00e+00	0.00e+00	0.00e+00	0.00e+00
 7.23017e+22	2.77e-11	1.95e-06	7.66e-03	3.71e-01	4.60e-01	1.26e-01	1.43e-02	1.33e-02	6.65e-03	2.93e-04	4.36e-06	0.00e+00	0.00e+00	0.00e+00	0.00e+00	0.00e+00	0.00e+00	0.00e+00	0.00e+00
 7.25511e+22	3.06e-11	2.14e-06	8.29e-03	3.90e-01	4.50e-01	1.19e-01	1.35e-02	1.24e-02	6.16e-03	2.68e-04	3.96e-06	0.00e+00	0.00e+00	0.00e+00	0.00e+00	0.00e+00	0.00e+00	0.00e+00	0.00e+00
 7.27590e+22	3.32e-11	2.30e-06	8.84e-03	4.05e-01	4.42e-01	1.14e-01	1.29e-02	1.17e-02	5.76e-03	2.48e-04	3.65e-06	0.00e+00	0.00e+00	0.00e+00	0.00e+00	0.00e+00	0.00e+00	0.00e+00	0.00e+00
 7.29794e+22	3.63e-11	2.50e-06	9.48e-03	4.21e-01	4.32e-01	1.08e-01	1.23e-02	1.11e-02	5.38e-03	2.30e-04	3.36e-06	0.00e+00	0.00e+00	0.00e+00	0.00e+00	0.00e+00	0.00e+00	0.00e+00	0.00e+00
 7.32230e+22	3.98e-11	2.72e-06	1.02e-02	4.40e-01	4.20e-01	1.03e-01	1.16e-02	1.04e-02	4.97e-03	2.11e-04	3.06e-06	0.00e+00	0.00e+00	0.00e+00	0.00e+00	0.00e+00	0.00e+00	0.00e+00	0.00e+00
 7.34399e+22	4.32e-11	2.93e-06	1.09e-02	4.56e-01	4.09e-01	9.77e-02	1.10e-02	9.81e-03	4.63e-03	1.94e-04	2.80e-06	0.00e+00	0.00e+00	0.00e+00	0.00e+00	0.00e+00	0.00e+00	0.00e+00	0.00e+00
 7.36247e+22	4.63e-11	3.12e-06	1.15e-02	4.71e-01	4.00e-01	9.38e-02	1.05e-02	9.34e-03	4.35e-03	1.81e-04	2.59e-06	0.00e+00	0.00e+00	0.00e+00	0.00e+00	0.00e+00	0.00e+00	0.00e+00	0.00e+00
 7.38252e+22	4.98e-11	3.34e-06	1.21e-02	4.85e-01	3.90e-01	9.00e-02	1.00e-02	8.88e-03	4.08e-03	1.68e-04	2.38e-06	0.00e+00	0.00e+00	0.00e+00	0.00e+00	0.00e+00	0.00e+00	0.00e+00	0.00e+00
 7.40510e+22	5.37e-11	3.57e-06	1.28e-02	5.01e-01	3.78e-01	8.60e-02	9.52e-03	8.41e-03	3.79e-03	1.54e-04	2.17e-06	0.00e+00	0.00e+00	0.00e+00	0.00e+00	0.00e+00	0.00e+00	0.00e+00	0.00e+00
 7.42614e+22	5.75e-11	3.80e-06	1.35e-02	5.15e-01	3.68e-01	8.26e-02	9.06e-03	7.99e-03	3.53e-03	1.42e-04	1.99e-06	0.00e+00	0.00e+00	0.00e+00	0.00e+00	0.00e+00	0.00e+00	0.00e+00	0.00e+00
 7.44512e+22	6.10e-11	4.00e-06	1.41e-02	5.28e-01	3.58e-01	7.98e-02	8.68e-03	7.65e-03	3.32e-03	1.32e-04	1.84e-06	0.00e+00	0.00e+00	0.00e+00	0.00e+00	0.00e+00	0.00e+00	0.00e+00	0.00e+00
 7.46625e+22	6.51e-11	4.23e-06	1.47e-02	5.41e-01	3.49e-01	7.68e-02	8.26e-03	7.30e-03	3.09e-03	1.21e-04	1.67e-06	0.00e+00	0.00e+00	0.00e+00	0.00e+00	0.00e+00	0.00e+00	0.00e+00	0.00e+00
 7.48950e+22	6.96e-11	4.48e-06	1.54e-02	5.55e-01	3.38e-01	7.40e-02	7.85e-03	6.94e-03	2.86e-03	1.10e-04	1.51e-06	0.00e+00	0.00e+00	0.00e+00	0.00e+00	0.00e+00	0.00e+00	0.00e+00	0.00e+00
 7.51065e+22	7.38e-11	4.71e-06	1.60e-02	5.66e-01	3.29e-01	7.16e-02	7.49e-03	6.64e-03	2.67e-03	1.01e-04	1.37e-06	0.00e+00	0.00e+00	0.00e+00	0.00e+00	0.00e+00	0.00e+00	0.00e+00	0.00e+00
 7.53025e+22	7.77e-11	4.92e-06	1.65e-02	5.77e-01	3.21e-01	6.95e-02	7.18e-03	6.38e-03	2.50e-03	9.37e-05	1.26e-06	0.00e+00	0.00e+00	0.00e+00	0.00e+00	0.00e+00	0.00e+00	0.00e+00	0.00e+00
 7.55267e+22	8.24e-11	5.16e-06	1.71e-02	5.87e-01	3.13e-01	6.74e-02	6.86e-03	6.10e-03	2.33e-03	8.57e-05	1.14e-06	0.00e+00	0.00e+00	0.00e+00	0.00e+00	0.00e+00	0.00e+00	0.00e+00	0.00e+00
 7.58182e+22	8.84e-11	5.47e-06	1.79e-02	6.00e-01	3.03e-01	6.48e-02	6.47e-03	5.77e-03	2.12e-03	7.62e-05	9.99e-07	0.00e+00	0.00e+00	0.00e+00	0.00e+00	0.00e+00	0.00e+00	0.00e+00	0.00e+00
 7.61224e+22	9.47e-11	5.78e-06	1.86e-02	6.12e-01	2.93e-01	6.24e-02	6.11e-03	5.46e-03	1.92e-03	6.74e-05	0.00e+00	0.00e+00	0.00e+00	0.00e+00	0.00e+00	0.00e+00	0.00e+00	0.00e+00	0.00e+00
 7.63860e+22	1.00e-10	6.05e-06	1.92e-02	6.22e-01	2.85e-01	6.05e-02	5.82e-03	5.20e-03	1.77e-03	6.08e-05	0.00e+00	0.00e+00	0.00e+00	0.00e+00	0.00e+00	0.00e+00	0.00e+00	0.00e+00	0.00e+00
 7.66717e+22	1.06e-10	6.34e-06	1.98e-02	6.32e-01	2.77e-01	5.86e-02	5.53e-03	4.95e-03	1.63e-03	5.46e-05	0.00e+00	0.00e+00	0.00e+00	0.00e+00	0.00e+00	0.00e+00	0.00e+00	0.00e+00	0.00e+00
 7.70303e+22	1.14e-10	6.70e-06	2.06e-02	6.43e-01	2.68e-01	5.64e-02	5.20e-03	4.66e-03	1.46e-03	4.76e-05	0.00e+00	0.00e+00	0.00e+00	0.00e+00	0.00e+00	0.00e+00	0.00e+00	0.00e+00	0.00e+00
 7.74309e+22	1.23e-10	7.09e-06	2.13e-02	6.55e-01	2.59e-01	5.42e-02	4.88e-03	4.36e-03	1.30e-03	4.10e-05	0.00e+00	0.00e+00	0.00e+00	0.00e+00	0.00e+00	0.00e+00	0.00e+00	0.00e+00	0.00e+00
 7.78379e+22	1.32e-10	7.49e-06	2.21e-02	6.66e-01	2.50e-01	5.21e-02	4.58e-03	4.08e-03	1.16e-03	3.55e-05	0.00e+00	0.00e+00	0.00e+00	0.00e+00	0.00e+00	0.00e+00	0.00e+00	0.00e+00	0.00e+00
