#depth	H	H+	H2
 1.54284e+19	1.40e-08	1.00e+00	8.79e-33
 9.25702e+19	1.52e-08	1.00e+00	1.07e-32
 1.99242e+20	1.72e-08	1.00e+00	1.33e-32
 2.67446e+20	1.84e-08	1.00e+00	1.52e-32
 3.03524e+20	1.91e-08	1.00e+00	1.64e-32
 3.33038e+20	1.96e-08	1.00e+00	1.74e-32
 3.71406e+20	2.04e-08	1.00e+00	1.88e-32
 4.21284e+20	2.14e-08	1.00e+00	2.07e-32
 4.74713e+20	2.24e-08	1.00e+00	2.28e-32
 5.21438e+20	2.34e-08	1.00e+00	2.48e-32
 5.62519e+20	2.43e-08	1.00e+00	2.67e-32
 6.07586e+20	2.52e-08	1.00e+00	2.90e-32
 6.66172e+20	2.65e-08	1.00e+00	3.21e-32
 7.25704e+20	2.79e-08	1.00e+00	3.53e-32
 7.71521e+20	2.89e-08	1.00e+00	3.79e-32
 8.16137e+20	2.99e-08	1.00e+00	4.08e-32
 8.74138e+20	3.12e-08	1.00e+00	4.48e-32
 9.32289e+20	3.26e-08	1.00e+00	4.87e-32
 9.75786e+20	3.37e-08	1.00e+00	5.19e-32
 1.01748e+21	3.47e-08	1.00e+00	5.54e-32
 1.07169e+21	3.61e-08	1.00e+00	6.01e-32
 1.13076e+21	3.76e-08	1.00e+00	6.52e-32
 1.18205e+21	3.89e-08	1.00e+00	6.99e-32
 1.23463e+21	4.03e-08	1.00e+00	7.53e-32
 1.29308e+21	4.19e-08	1.00e+00	8.13e-32
 1.34375e+21	4.33e-08	1.00e+00	8.67e-32
 1.38611e+21	4.44e-08	1.00e+00	9.16e-32
 1.43311e+21	4.57e-08	1.00e+00	9.74e-32
 1.49421e+21	4.75e-08	1.00e+00	1.05e-31
 1.55776e+21	4.93e-08	1.00e+00	1.13e-31
 1.60921e+21	5.08e-08	1.00e+00	1.20e-31
 1.66081e+21	5.23e-08	1.00e+00	1.28e-31
 1.72790e+21	5.43e-08	1.00e+00	1.39e-31
 1.79771e+21	5.65e-08	1.00e+00	1.50e-31
 1.85458e+21	5.82e-08	1.00e+00	1.60e-31
 1.90362e+21	5.97e-08	1.00e+00	1.69e-31
 1.95901e+21	6.15e-08	1.00e+00	1.80e-31
 2.03102e+21	6.38e-08	1.00e+00	1.94e-31
 2.10385e+21	6.61e-08	1.00e+00	2.09e-31
 2.16038e+21	6.80e-08	1.00e+00	2.21e-31
 2.21648e+21	6.98e-08	1.00e+00	2.35e-31
 2.28941e+21	7.23e-08	1.00e+00	2.53e-31
 2.36710e+21	7.50e-08	1.00e+00	2.72e-31
 2.43372e+21	7.72e-08	1.00e+00	2.89e-31
 2.50308e+21	7.97e-08	1.00e+00	3.10e-31
 2.59324e+21	8.29e-08	1.00e+00	3.38e-31
 2.68648e+21	8.63e-08	1.00e+00	3.66e-31
 2.76325e+21	8.91e-08	1.00e+00	3.92e-31
 2.84256e+21	9.21e-08	1.00e+00	4.23e-31
 2.94566e+21	9.61e-08	1.00e+00	4.64e-31
 3.04728e+21	1.00e-07	1.00e+00	5.04e-31
 3.12430e+21	1.03e-07	1.00e+00	5.38e-31
 3.20175e+21	1.06e-07	1.00e+00	5.76e-31
 3.30245e+21	1.11e-07	1.00e+00	6.29e-31
 3.41320e+21	1.16e-07	1.00e+00	6.88e-31
 3.51374e+21	1.20e-07	1.00e+00	7.47e-31
 3.62118e+21	1.25e-07	1.00e+00	8.19e-31
 3.76086e+21	1.32e-07	1.00e+00	9.20e-31
 3.90026e+21	1.39e-07	1.00e+00	1.02e-30
 4.00607e+21	1.44e-07	1.00e+00	1.11e-30
 4.11037e+21	1.50e-07	1.00e+00	1.21e-30
 4.24595e+21	1.58e-07	1.00e+00	1.35e-30
 4.39244e+21	1.66e-07	1.00e+00	1.51e-30
 4.51998e+21	1.74e-07	1.00e+00	1.66e-30
 4.62779e+21	1.81e-07	1.00e+00	1.80e-30
 4.74307e+21	1.88e-07	1.00e+00	1.98e-30
 4.89293e+21	1.98e-07	1.00e+00	2.22e-30
 5.04350e+21	2.09e-07	1.00e+00	2.47e-30
 5.15923e+21	2.17e-07	1.00e+00	2.68e-30
 5.27393e+21	2.26e-07	1.00e+00	2.93e-30
 5.42304e+21	2.38e-07	1.00e+00	3.28e-30
 5.58174e+21	2.51e-07	1.00e+00	3.67e-30
 5.71745e+21	2.62e-07	1.00e+00	4.04e-30
 5.85839e+21	2.75e-07	1.00e+00	4.48e-30
 6.04162e+21	2.92e-07	1.00e+00	5.11e-30
 6.22995e+21	3.10e-07	1.00e+00	5.80e-30
 6.38139e+21	3.25e-07	1.00e+00	6.41e-30
 6.53472e+21	3.41e-07	1.00e+00	7.16e-30
 6.73406e+21	3.63e-07	1.00e+00	8.23e-30
 6.94282e+21	3.87e-07	1.00e+00	9.43e-30
 7.11555e+21	4.07e-07	1.00e+00	1.05e-29
 7.26587e+21	4.25e-07	1.00e+00	1.16e-29
 7.43537e+21	4.46e-07	1.00e+00	1.31e-29
 7.65571e+21	4.76e-07	1.00e+00	1.51e-29
 7.86977e+21	5.04e-07	1.00e+00	1.72e-29
 8.02473e+21	5.25e-07	1.00e+00	1.89e-29
 8.17523e+21	5.46e-07	1.00e+00	2.08e-29
 8.37087e+21	5.76e-07	1.00e+00	2.35e-29
 8.58365e+21	6.08e-07	1.00e+00	2.66e-29
 8.77239e+21	6.37e-07	1.00e+00	2.96e-29
 8.97143e+21	6.69e-07	1.00e+00	3.33e-29
 9.23018e+21	7.12e-07	1.00e+00	3.85e-29
 9.49076e+21	7.55e-07	1.00e+00	4.39e-29
 9.69403e+21	7.89e-07	1.00e+00	4.88e-29
 9.89858e+21	8.26e-07	1.00e+00	5.46e-29
 1.01645e+22	8.76e-07	1.00e+00	6.27e-29
 1.04494e+22	9.29e-07	1.00e+00	7.17e-29
 1.06985e+22	9.76e-07	1.00e+00	8.04e-29
 1.09616e+22	1.03e-06	1.00e+00	9.14e-29
 1.12416e+22	1.09e-06	1.00e+00	1.03e-28
 1.14797e+22	1.13e-06	1.00e+00	1.13e-28
 1.17253e+22	1.19e-06	1.00e+00	1.27e-28
 1.20447e+22	1.26e-06	1.00e+00	1.45e-28
 1.23706e+22	1.33e-06	1.00e+00	1.64e-28
 1.26305e+22	1.38e-06	1.00e+00	1.80e-28
 1.28937e+22	1.45e-06	1.00e+00	2.00e-28
 1.32358e+22	1.53e-06	1.00e+00	2.29e-28
 1.35938e+22	1.62e-06	1.00e+00	2.59e-28
 1.38933e+22	1.69e-06	1.00e+00	2.88e-28
 1.42034e+22	1.77e-06	1.00e+00	3.24e-28
 1.46066e+22	1.88e-06	1.00e+00	3.78e-28
 1.50221e+22	1.99e-06	1.00e+00	4.33e-28
 1.53631e+22	2.09e-06	1.00e+00	4.85e-28
 1.57159e+22	2.19e-06	1.00e+00	5.52e-28
 1.61745e+22	2.33e-06	1.00e+00	6.53e-28
 1.66542e+22	2.47e-06	1.00e+00	7.61e-28
 1.70514e+22	2.59e-06	1.00e+00	8.64e-28
 1.74579e+22	2.72e-06	1.00e+00	1.00e-27
 1.79863e+22	2.90e-06	1.00e+00	1.21e-27
 1.85370e+22	3.09e-06	1.00e+00	1.45e-27
 1.89895e+22	3.25e-06	1.00e+00	1.68e-27
 1.94505e+22	3.42e-06	1.00e+00	1.98e-27
 2.00499e+22	3.64e-06	1.00e+00	2.47e-27
 2.06180e+22	3.86e-06	1.00e+00	2.94e-27
 2.10090e+22	4.00e-06	1.00e+00	3.32e-27
 2.13811e+22	4.16e-06	1.00e+00	3.81e-27
 2.18649e+22	4.36e-06	1.00e+00	4.60e-27
 2.24093e+22	4.58e-06	1.00e+00	5.58e-27
 2.29201e+22	4.80e-06	1.00e+00	6.67e-27
 2.34719e+22	5.04e-06	1.00e+00	8.24e-27
 2.41893e+22	5.36e-06	1.00e+00	1.10e-26
 2.49073e+22	5.68e-06	1.00e+00	1.39e-26
 2.54628e+22	5.93e-06	1.00e+00	1.67e-26
 2.60214e+22	6.20e-06	1.00e+00	2.12e-26
 2.67476e+22	6.55e-06	1.00e+00	2.77e-26
 2.75092e+22	6.92e-06	1.00e+00	3.60e-26
 2.81579e+22	7.23e-06	1.00e+00	4.49e-26
 2.88421e+22	7.58e-06	1.00e+00	5.77e-26
 2.97316e+22	8.04e-06	1.00e+00	8.06e-26
 3.06315e+22	8.50e-06	1.00e+00	1.05e-25
 3.13616e+22	8.87e-06	1.00e+00	1.29e-25
 3.21270e+22	9.29e-06	1.00e+00	1.69e-25
 3.31220e+22	9.83e-06	1.00e+00	2.29e-25
 3.40415e+22	1.03e-05	1.00e+00	2.91e-25
 3.46763e+22	1.07e-05	1.00e+00	3.42e-25
 3.53153e+22	1.10e-05	1.00e+00	4.06e-25
 3.61459e+22	1.15e-05	1.00e+00	5.22e-25
 3.70364e+22	1.20e-05	1.00e+00	6.54e-25
 3.78214e+22	1.24e-05	1.00e+00	7.87e-25
 3.86584e+22	1.29e-05	1.00e+00	9.79e-25
 3.97466e+22	1.35e-05	1.00e+00	1.29e-24
 4.08432e+22	1.42e-05	1.00e+00	1.65e-24
 4.16841e+22	1.47e-05	1.00e+00	1.95e-24
 4.25107e+22	1.52e-05	1.00e+00	2.39e-24
 4.35853e+22	1.58e-05	1.00e+00	3.07e-24
 4.47168e+22	1.65e-05	1.00e+00	3.88e-24
 4.56648e+22	1.70e-05	1.00e+00	4.68e-24
 4.66399e+22	1.77e-05	1.00e+00	5.79e-24
 4.79074e+22	1.85e-05	1.00e+00	7.59e-24
 4.91657e+22	1.92e-05	1.00e+00	9.63e-24
 5.01310e+22	1.98e-05	1.00e+00	1.16e-23
 5.11047e+22	2.04e-05	1.00e+00	1.41e-23
 5.23705e+22	2.12e-05	1.00e+00	1.83e-23
 5.36454e+22	2.20e-05	1.00e+00	2.32e-23
 5.46688e+22	2.26e-05	1.00e+00	2.80e-23
 5.57362e+22	2.33e-05	1.00e+00	3.51e-23
 5.69260e+22	2.41e-05	1.00e+00	4.44e-23
 5.80166e+22	2.48e-05	1.00e+00	5.49e-23
 5.89485e+22	2.54e-05	1.00e+00	6.64e-23
 5.99324e+22	2.60e-05	1.00e+00	8.18e-23
 6.10131e+22	2.67e-05	1.00e+00	1.02e-22
 6.19706e+22	2.73e-05	1.00e+00	1.25e-22
 6.27756e+22	2.79e-05	1.00e+00	1.51e-22
 6.34639e+22	2.83e-05	1.00e+00	1.76e-22
 6.40864e+22	2.88e-05	1.00e+00	2.06e-22
 6.47905e+22	2.92e-05	1.00e+00	2.40e-22
 6.55423e+22	2.98e-05	1.00e+00	3.01e-22
 6.61602e+22	3.01e-05	1.00e+00	3.47e-22
 6.66574e+22	3.06e-05	1.00e+00	4.16e-22
 6.71938e+22	3.10e-05	1.00e+00	4.90e-22
 6.77734e+22	3.14e-05	1.00e+00	5.75e-22
 6.82665e+22	3.18e-05	1.00e+00	7.05e-22
 6.86638e+22	3.21e-05	1.00e+00	8.19e-22
 6.90791e+22	3.25e-05	1.00e+00	9.65e-22
 6.95362e+22	3.29e-05	1.00e+00	1.17e-21
 6.99332e+22	3.32e-05	1.00e+00	1.35e-21
 7.02564e+22	3.35e-05	1.00e+00	1.62e-21
 7.05495e+22	3.38e-05	1.00e+00	1.88e-21
 7.08824e+22	3.42e-05	1.00e+00	2.23e-21
 7.12394e+22	3.45e-05	1.00e+00	2.73e-21
 7.15366e+22	3.49e-05	1.00e+00	3.28e-21
 7.17734e+22	3.51e-05	1.00e+00	3.74e-21
 7.20232e+22	3.55e-05	1.00e+00	4.41e-21
 7.23017e+22	3.59e-05	1.00e+00	5.48e-21
 7.25511e+22	3.63e-05	1.00e+00	6.62e-21
 7.27590e+22	3.67e-05	1.00e+00	7.78e-21
 7.29794e+22	3.71e-05	1.00e+00	9.34e-21
 7.32230e+22	3.76e-05	1.00e+00	1.15e-20
 7.34399e+22	3.81e-05	1.00e+00	1.39e-20
 7.36247e+22	3.86e-05	1.00e+00	1.65e-20
 7.38252e+22	3.92e-05	1.00e+00	1.99e-20
 7.40510e+22	3.99e-05	1.00e+00	2.45e-20
 7.42614e+22	4.05e-05	1.00e+00	2.99e-20
 7.44512e+22	4.12e-05	1.00e+00	3.56e-20
 7.46625e+22	4.20e-05	1.00e+00	4.34e-20
 7.48950e+22	4.30e-05	1.00e+00	5.37e-20
 7.51065e+22	4.38e-05	1.00e+00	6.49e-20
 7.53025e+22	4.47e-05	1.00e+00	7.70e-20
 7.55267e+22	4.57e-05	1.00e+00	9.24e-20
 7.58182e+22	4.71e-05	1.00e+00	1.15e-19
 7.61224e+22	4.85e-05	1.00e+00	1.43e-19
 7.63860e+22	4.97e-05	1.00e+00	1.69e-19
 7.66717e+22	5.10e-05	1.00e+00	2.01e-19
 7.70303e+22	5.27e-05	1.00e+00	2.45e-19
 7.74309e+22	5.44e-05	1.00e+00	2.99e-19
 7.78379e+22	5.62e-05	1.00e+00	3.58e-19
 7.82578e+22	5.79e-05	1.00e+00	4.24e-19
 7.87155e+22	5.98e-05	1.00e+00	5.00e-19
 7.92231e+22	6.19e-05	1.00e+00	5.83e-19
 7.97800e+22	6.40e-05	1.00e+00	6.86e-19
 8.03918e+22	6.64e-05	1.00e+00	8.08e-19
 8.10637e+22	6.88e-05	1.00e+00	9.56e-19
 8.18088e+22	7.16e-05	1.00e+00	1.11e-18
 8.26531e+22	7.46e-05	1.00e+00	1.32e-18
 8.36135e+22	7.80e-05	1.00e+00	1.58e-18
 8.47043e+22	8.18e-05	1.00e+00	1.87e-18
 8.59560e+22	8.62e-05	1.00e+00	2.26e-18
 8.74108e+22	9.14e-05	1.00e+00	2.79e-18
 8.91370e+22	9.78e-05	1.00e+00	3.49e-18
 9.11539e+22	1.05e-04	1.00e+00	4.41e-18
 9.36238e+22	1.15e-04	1.00e+00	5.86e-18
 9.68348e+22	1.29e-04	1.00e+00	8.17e-18
 1.00278e+23	1.47e-04	1.00e+00	1.19e-17
 1.03015e+23	1.63e-04	1.00e+00	1.60e-17
 1.05110e+23	1.77e-04	1.00e+00	2.02e-17
 1.07376e+23	1.92e-04	1.00e+00	2.53e-17
 1.10321e+23	2.15e-04	1.00e+00	3.42e-17
 1.14151e+23	2.51e-04	1.00e+00	5.13e-17
 1.17964e+23	2.98e-04	1.00e+00	8.06e-17
 1.20730e+23	3.43e-04	1.00e+00	1.14e-16
 1.22853e+23	3.83e-04	1.00e+00	1.50e-16
 1.25166e+23	4.31e-04	1.00e+00	2.01e-16
 1.28173e+23	5.05e-04	9.99e-01	2.97e-16
 1.31338e+23	6.13e-04	9.99e-01	4.68e-16
 1.33826e+23	7.27e-04	9.99e-01	6.97e-16
 1.35674e+23	8.34e-04	9.99e-01	9.56e-16
 1.37572e+23	9.55e-04	9.99e-01	1.30e-15
 1.40039e+23	1.15e-03	9.99e-01	1.99e-15
 1.42502e+23	1.44e-03	9.99e-01	3.26e-15
 1.44235e+23	1.74e-03	9.98e-01	4.89e-15
 1.45418e+23	1.98e-03	9.98e-01	6.51e-15
 1.46612e+23	2.26e-03	9.98e-01	8.62e-15
 1.48163e+23	2.70e-03	9.97e-01	1.25e-14
 1.49708e+23	3.37e-03	9.97e-01	1.98e-14
 1.50777e+23	4.03e-03	9.96e-01	2.86e-14
 1.51308e+23	4.47e-03	9.96e-01	3.53e-14
 1.51518e+23	4.65e-03	9.95e-01	3.82e-14
 1.51701e+23	4.79e-03	9.95e-01	4.07e-14
 1.51939e+23	4.99e-03	9.95e-01	4.42e-14
 1.52248e+23	5.26e-03	9.95e-01	4.92e-14
 1.52649e+23	5.65e-03	9.94e-01	5.69e-14
 1.53065e+23	6.14e-03	9.94e-01	6.73e-14
 1.53383e+23	6.59e-03	9.93e-01	7.75e-14
 1.53623e+23	6.93e-03	9.93e-01	8.60e-14
 1.53876e+23	7.30e-03	9.93e-01	9.56e-14
 1.54205e+23	7.84e-03	9.92e-01	1.11e-13
 1.54543e+23	8.49e-03	9.92e-01	1.30e-13
 1.54797e+23	9.08e-03	9.91e-01	1.49e-13
 1.54987e+23	9.53e-03	9.90e-01	1.65e-13
 1.55189e+23	1.00e-02	9.90e-01	1.83e-13
 1.55451e+23	1.07e-02	9.89e-01	2.10e-13
 1.55724e+23	1.16e-02	9.88e-01	2.45e-13
 1.55936e+23	1.24e-02	9.88e-01	2.81e-13
 1.56096e+23	1.30e-02	9.87e-01	3.11e-13
 1.56265e+23	1.36e-02	9.86e-01	3.45e-13
 1.56485e+23	1.46e-02	9.85e-01	3.97e-13
 1.56713e+23	1.58e-02	9.84e-01	4.66e-13
 1.56889e+23	1.69e-02	9.83e-01	5.36e-13
 1.57022e+23	1.77e-02	9.82e-01	5.91e-13
 1.57163e+23	1.86e-02	9.81e-01	6.57e-13
 1.57348e+23	1.99e-02	9.80e-01	7.60e-13
 1.57540e+23	2.17e-02	9.78e-01	9.03e-13
 1.57690e+23	2.32e-02	9.77e-01	1.04e-12
 1.57805e+23	2.45e-02	9.76e-01	1.16e-12
 1.57928e+23	2.59e-02	9.74e-01	1.30e-12
 1.58088e+23	2.79e-02	9.72e-01	1.52e-12
 1.58257e+23	3.06e-02	9.69e-01	1.85e-12
 1.58391e+23	3.32e-02	9.67e-01	2.20e-12
 1.58497e+23	3.55e-02	9.65e-01	2.52e-12
 1.58610e+23	3.79e-02	9.62e-01	2.90e-12
 1.58757e+23	4.16e-02	9.58e-01	3.53e-12
 1.58905e+23	4.69e-02	9.53e-01	4.52e-12
 1.59012e+23	5.15e-02	9.48e-01	5.52e-12
 1.59088e+23	5.50e-02	9.45e-01	6.31e-12
 1.59168e+23	5.88e-02	9.41e-01	7.28e-12
 1.59271e+23	6.47e-02	9.35e-01	8.92e-12
 1.59378e+23	7.30e-02	9.27e-01	1.15e-11
 1.59461e+23	8.12e-02	9.19e-01	1.43e-11
 1.59521e+23	8.74e-02	9.13e-01	1.67e-11
 1.59582e+23	9.42e-02	9.06e-01	1.95e-11
 1.59661e+23	1.05e-01	8.95e-01	2.43e-11
 1.59742e+23	1.20e-01	8.80e-01	3.20e-11
 1.59802e+23	1.33e-01	8.67e-01	4.02e-11
 1.59845e+23	1.44e-01	8.56e-01	4.67e-11
 1.59889e+23	1.55e-01	8.45e-01	5.48e-11
 1.59945e+23	1.72e-01	8.28e-01	6.77e-11
 1.60006e+23	1.95e-01	8.05e-01	8.75e-11
 1.60053e+23	2.18e-01	7.82e-01	1.10e-10
 1.60088e+23	2.36e-01	7.64e-01	1.28e-10
 1.60124e+23	2.54e-01	7.46e-01	1.49e-10
 1.60170e+23	2.81e-01	7.19e-01	1.82e-10
 1.60217e+23	3.18e-01	6.82e-01	2.31e-10
 1.60253e+23	3.49e-01	6.51e-01	2.76e-10
 1.60279e+23	3.72e-01	6.28e-01	3.12e-10
 1.60306e+23	3.95e-01	6.05e-01	3.50e-10
 1.60339e+23	4.27e-01	5.73e-01	4.03e-10
 1.60370e+23	4.63e-01	5.37e-01	4.66e-10
 1.60393e+23	4.89e-01	5.11e-01	5.12e-10
 1.60410e+23	5.08e-01	4.92e-01	5.47e-10
 1.60428e+23	5.26e-01	4.74e-01	5.80e-10
 1.60449e+23	5.52e-01	4.48e-01	6.24e-10
 1.60465e+23	5.75e-01	4.25e-01	6.63e-10
 1.60474e+23	5.84e-01	4.16e-01	6.80e-10
 1.60481e+23	5.90e-01	4.10e-01	6.91e-10
 1.60491e+23	6.00e-01	4.00e-01	7.08e-10
 1.60503e+23	6.14e-01	3.86e-01	7.31e-10
 1.60515e+23	6.31e-01	3.69e-01	7.55e-10
 1.60525e+23	6.44e-01	3.56e-01	7.75e-10
 1.60533e+23	6.53e-01	3.47e-01	7.86e-10
 1.60542e+23	6.62e-01	3.38e-01	8.01e-10
 1.60553e+23	6.76e-01	3.24e-01	8.18e-10
 1.60564e+23	6.90e-01	3.10e-01	8.33e-10
 1.60573e+23	7.01e-01	2.99e-01	8.45e-10
 1.60581e+23	7.10e-01	2.90e-01	8.55e-10
 1.60589e+23	7.19e-01	2.81e-01	8.62e-10
 1.60600e+23	7.31e-01	2.69e-01	8.73e-10
 1.60609e+23	7.43e-01	2.57e-01	8.79e-10
 1.60618e+23	7.53e-01	2.47e-01	8.85e-10
 1.60625e+23	7.60e-01	2.40e-01	8.87e-10
 1.60634e+23	7.69e-01	2.31e-01	8.91e-10
 1.60644e+23	7.80e-01	2.20e-01	8.93e-10
 1.60653e+23	7.90e-01	2.10e-01	8.92e-10
 1.60660e+23	7.98e-01	2.02e-01	8.91e-10
 1.60667e+23	8.04e-01	1.96e-01	8.90e-10
 1.60676e+23	8.13e-01	1.87e-01	8.87e-10
 1.60685e+23	8.22e-01	1.78e-01	8.80e-10
 1.60693e+23	8.30e-01	1.70e-01	8.75e-10
 1.60700e+23	8.36e-01	1.64e-01	8.70e-10
 1.60708e+23	8.42e-01	1.58e-01	8.64e-10
 1.60716e+23	8.49e-01	1.51e-01	8.55e-10
 1.60724e+23	8.56e-01	1.44e-01	8.45e-10
 1.60731e+23	8.62e-01	1.38e-01	8.36e-10
 1.60738e+23	8.67e-01	1.33e-01	8.29e-10
 1.60745e+23	8.72e-01	1.28e-01	8.20e-10
 1.60753e+23	8.78e-01	1.22e-01	8.09e-10
 1.60760e+23	8.83e-01	1.17e-01	7.98e-10
 1.60767e+23	8.88e-01	1.12e-01	7.88e-10
 1.60773e+23	8.91e-01	1.09e-01	7.76e-10
 1.60780e+23	8.96e-01	1.04e-01	7.61e-10
 1.60787e+23	9.00e-01	1.00e-01	7.46e-10
 1.60794e+23	9.04e-01	9.61e-02	7.32e-10
 1.60800e+23	9.07e-01	9.27e-02	7.18e-10
 1.60807e+23	9.11e-01	8.95e-02	7.05e-10
 1.60813e+23	9.14e-01	8.65e-02	6.91e-10
 1.60819e+23	9.16e-01	8.37e-02	6.79e-10
 1.60824e+23	9.19e-01	8.11e-02	6.66e-10
 1.60830e+23	9.21e-01	7.87e-02	6.52e-10
 1.60835e+23	9.24e-01	7.64e-02	6.37e-10
 1.60840e+23	9.26e-01	7.43e-02	6.22e-10
 1.60845e+23	9.28e-01	7.22e-02	6.08e-10
 1.60850e+23	9.30e-01	7.03e-02	5.94e-10
 1.60855e+23	9.31e-01	6.86e-02	5.81e-10
 1.60860e+23	9.33e-01	6.68e-02	5.68e-10
 1.60864e+23	9.35e-01	6.53e-02	5.55e-10
 1.60868e+23	9.36e-01	6.40e-02	5.44e-10
 1.60872e+23	9.37e-01	6.28e-02	5.33e-10
 1.60875e+23	9.38e-01	6.18e-02	5.24e-10
 1.60878e+23	9.39e-01	6.09e-02	5.15e-10
 1.60881e+23	9.40e-01	6.01e-02	5.06e-10
 1.60883e+23	9.41e-01	5.94e-02	4.99e-10
 1.60886e+23	9.41e-01	5.86e-02	4.91e-10
 1.60888e+23	9.42e-01	5.82e-02	4.85e-10
 1.60890e+23	9.42e-01	5.75e-02	4.78e-10
 1.60892e+23	9.43e-01	5.68e-02	4.70e-10
 1.60895e+23	9.44e-01	5.60e-02	4.62e-10
 1.60898e+23	9.45e-01	5.52e-02	4.53e-10
 1.60901e+23	9.46e-01	5.43e-02	4.44e-10
 1.60903e+23	9.46e-01	5.37e-02	4.37e-10
 1.60905e+23	9.47e-01	5.31e-02	4.29e-10
 1.60907e+23	9.47e-01	5.27e-02	4.23e-10
 1.60909e+23	9.48e-01	5.20e-02	4.17e-10
 1.60912e+23	9.49e-01	5.12e-02	4.07e-10
 1.60915e+23	9.50e-01	5.04e-02	3.98e-10
 1.60918e+23	9.50e-01	4.96e-02	3.90e-10
 1.60921e+23	9.51e-01	4.90e-02	3.82e-10
 1.60923e+23	9.51e-01	4.87e-02	3.76e-10
 1.60926e+23	9.52e-01	4.80e-02	3.69e-10
 1.60928e+23	9.53e-01	4.74e-02	3.61e-10
 1.60931e+23	9.53e-01	4.70e-02	3.55e-10
 1.60933e+23	9.54e-01	4.63e-02	3.47e-10
 1.60936e+23	9.54e-01	4.57e-02	3.39e-10
 1.60939e+23	9.55e-01	4.52e-02	3.32e-10
 1.60942e+23	9.55e-01	4.46e-02	3.25e-10
 1.60945e+23	9.56e-01	4.40e-02	3.17e-10
 1.60948e+23	9.56e-01	4.35e-02	3.10e-10
 1.60951e+23	9.57e-01	4.31e-02	3.04e-10
 1.60953e+23	9.57e-01	4.27e-02	2.98e-10
 1.60956e+23	9.58e-01	4.23e-02	2.92e-10
 1.60959e+23	9.58e-01	4.17e-02	2.84e-10
 1.60963e+23	9.59e-01	4.11e-02	2.76e-10
 1.60966e+23	9.60e-01	4.04e-02	2.69e-10
 1.60969e+23	9.60e-01	4.01e-02	2.63e-10
 1.60972e+23	9.60e-01	3.97e-02	2.57e-10
 1.60974e+23	9.61e-01	3.94e-02	2.53e-10
 1.60977e+23	9.61e-01	3.91e-02	2.48e-10
 1.60981e+23	9.61e-01	3.86e-02	2.41e-10
 1.60985e+23	9.62e-01	3.81e-02	2.34e-10
 1.60988e+23	9.62e-01	3.76e-02	2.28e-10
 1.60992e+23	9.63e-01	3.72e-02	2.22e-10
 1.60996e+23	9.63e-01	3.67e-02	2.15e-10
 1.61000e+23	9.64e-01	3.64e-02	2.10e-10
 1.61004e+23	9.64e-01	3.60e-02	2.04e-10
 1.61008e+23	9.64e-01	3.56e-02	1.98e-10
 1.61013e+23	9.65e-01	3.52e-02	1.93e-10
 1.61016e+23	9.65e-01	3.50e-02	1.90e-10
 1.61020e+23	9.65e-01	3.48e-02	1.85e-10
 1.61026e+23	9.66e-01	3.44e-02	1.80e-10
 1.61031e+23	9.66e-01	3.40e-02	1.75e-10
 1.61038e+23	9.66e-01	3.36e-02	1.70e-10
 1.61044e+23	9.67e-01	3.32e-02	1.65e-10
 1.61052e+23	9.67e-01	3.29e-02	1.60e-10
 1.61060e+23	9.68e-01	3.25e-02	1.55e-10
 1.61068e+23	9.68e-01	3.22e-02	1.50e-10
 1.61078e+23	9.68e-01	3.18e-02	1.46e-10
 1.61088e+23	9.69e-01	3.15e-02	1.41e-10
 1.61099e+23	9.69e-01	3.12e-02	1.38e-10
 1.61112e+23	9.69e-01	3.09e-02	1.33e-10
 1.61125e+23	9.69e-01	3.06e-02	1.30e-10
 1.61139e+23	9.70e-01	3.04e-02	1.27e-10
 1.61155e+23	9.70e-01	3.02e-02	1.24e-10
 1.61172e+23	9.70e-01	2.99e-02	1.21e-10
 1.61191e+23	9.70e-01	2.97e-02	1.19e-10
 1.61211e+23	9.70e-01	2.96e-02	1.17e-10
 1.61235e+23	9.71e-01	2.94e-02	1.15e-10
 1.61261e+23	9.71e-01	2.93e-02	1.14e-10
 1.61287e+23	9.71e-01	2.92e-02	1.13e-10
 1.61317e+23	9.71e-01	2.91e-02	1.12e-10
 1.61355e+23	9.71e-01	2.89e-02	1.11e-10
 1.61405e+23	9.71e-01	2.88e-02	1.10e-10
 1.61471e+23	9.71e-01	2.86e-02	1.09e-10
 1.61556e+23	9.71e-01	2.86e-02	1.09e-10
 1.61666e+23	9.72e-01	2.84e-02	1.08e-10
 1.61809e+23	9.72e-01	2.83e-02	1.07e-10
 1.61996e+23	9.72e-01	2.81e-02	1.06e-10
 1.62238e+23	9.72e-01	2.79e-02	1.06e-10
 1.62553e+23	9.72e-01	2.77e-02	1.05e-10
 1.62963e+23	9.73e-01	2.75e-02	1.04e-10
 1.63495e+23	9.73e-01	2.72e-02	1.03e-10
 1.64187e+23	9.73e-01	2.68e-02	1.01e-10
 1.64934e+23	9.74e-01	2.65e-02	1.00e-10
 1.65753e+23	9.74e-01	2.61e-02	9.91e-11
 1.66637e+23	9.74e-01	2.57e-02	9.81e-11
 1.67442e+23	9.75e-01	2.54e-02	9.73e-11
 1.68323e+23	9.75e-01	2.50e-02	9.60e-11
 1.69275e+23	9.75e-01	2.46e-02	9.49e-11
 1.70141e+23	9.76e-01	2.43e-02	9.41e-11
 1.71090e+23	9.76e-01	2.39e-02	9.29e-11
 1.72114e+23	9.76e-01	2.36e-02	9.19e-11
 1.73046e+23	9.77e-01	2.33e-02	9.12e-11
 1.74068e+23	9.77e-01	2.29e-02	9.01e-11
 1.75171e+23	9.77e-01	2.25e-02	8.91e-11
 1.76174e+23	9.78e-01	2.22e-02	8.84e-11
 1.77274e+23	9.78e-01	2.19e-02	8.73e-11
 1.78462e+23	9.78e-01	2.15e-02	8.64e-11
 1.79542e+23	9.79e-01	2.13e-02	8.58e-11
 1.80726e+23	9.79e-01	2.09e-02	8.47e-11
 1.82004e+23	9.79e-01	2.06e-02	8.39e-11
 1.83167e+23	9.80e-01	2.03e-02	8.33e-11
 1.84442e+23	9.80e-01	2.00e-02	8.23e-11
 1.85818e+23	9.80e-01	1.96e-02	8.16e-11
 1.87070e+23	9.81e-01	1.94e-02	8.09e-11
 1.88442e+23	9.81e-01	1.91e-02	8.00e-11
 1.89923e+23	9.81e-01	1.88e-02	7.94e-11
 1.91271e+23	9.82e-01	1.85e-02	7.88e-11
 1.92748e+23	9.82e-01	1.82e-02	7.79e-11
 1.94343e+23	9.82e-01	1.79e-02	7.71e-11
 1.95794e+23	9.82e-01	1.77e-02	7.67e-11
 1.97384e+23	9.83e-01	1.74e-02	7.59e-11
 1.99100e+23	9.83e-01	1.72e-02	7.54e-11
 2.00662e+23	9.83e-01	1.69e-02	7.48e-11
 2.02374e+23	9.83e-01	1.66e-02	7.40e-11
 2.04222e+23	9.84e-01	1.64e-02	7.35e-11
 2.05904e+23	9.84e-01	1.61e-02	7.29e-11
 2.07747e+23	9.84e-01	1.59e-02	7.22e-11
 2.09736e+23	9.84e-01	1.57e-02	7.18e-11
 2.11547e+23	9.85e-01	1.54e-02	7.12e-11
 2.13530e+23	9.85e-01	1.52e-02	7.06e-11
 2.16109e+23	9.85e-01	1.49e-02	6.97e-11
 2.18894e+23	9.85e-01	1.46e-02	6.92e-11
 2.21427e+23	9.86e-01	1.43e-02	6.86e-11
 2.24204e+23	9.86e-01	1.41e-02	6.78e-11
 2.27201e+23	9.86e-01	1.38e-02	6.72e-11
 2.29928e+23	9.86e-01	1.36e-02	6.68e-11
 2.32917e+23	9.87e-01	1.34e-02	6.61e-11
 2.36803e+23	9.87e-01	1.31e-02	6.53e-11
 2.40997e+23	9.87e-01	1.28e-02	6.47e-11
 2.44814e+23	9.87e-01	1.26e-02	6.41e-11
 2.48997e+23	9.88e-01	1.24e-02	6.33e-11
 2.53513e+23	9.88e-01	1.21e-02	6.27e-11
 2.57622e+23	9.88e-01	1.19e-02	6.22e-11
 2.61875e+23	9.88e-01	1.17e-02	6.15e-11
 2.66236e+23	9.88e-01	1.16e-02	6.11e-11
 2.70160e+23	9.89e-01	1.14e-02	6.06e-11
 2.73692e+23	9.89e-01	1.13e-02	6.03e-11
 2.76893e+23	9.89e-01	1.12e-02	5.99e-11
 2.79948e+23	9.89e-01	1.11e-02	5.95e-11
 2.83003e+23	9.89e-01	1.10e-02	5.92e-11
 2.86057e+23	9.89e-01	1.09e-02	5.87e-11
 2.89112e+23	9.89e-01	1.08e-02	5.84e-11
 2.92167e+23	9.89e-01	1.07e-02	5.79e-11
 2.95222e+23	9.89e-01	1.06e-02	5.76e-11
 2.98277e+23	9.89e-01	1.06e-02	5.73e-11
 3.01331e+23	9.89e-01	1.05e-02	5.69e-11
 3.04170e+23	9.90e-01	1.05e-02	5.67e-11
