#depth	N	N+	N+2	N+3	N+4	N+5	N+6	N+7
 1.54284e+19	2.30e-25	4.98e-19	2.95e-14	1.59e-10	1.69e-07	9.58e-04	7.27e-02	9.26e-01
 9.25702e+19	4.00e-25	8.00e-19	4.39e-14	2.18e-10	2.12e-07	1.11e-03	7.80e-02	9.21e-01
 1.99242e+20	8.55e-25	1.53e-18	7.58e-14	3.36e-10	2.90e-07	1.35e-03	8.58e-02	9.13e-01
 2.67446e+20	1.34e-24	2.25e-18	1.05e-13	4.35e-10	3.49e-07	1.52e-03	9.07e-02	9.08e-01
 3.03524e+20	1.68e-24	2.74e-18	1.24e-13	4.97e-10	3.84e-07	1.62e-03	9.34e-02	9.05e-01
 3.33038e+20	2.01e-24	3.19e-18	1.40e-13	5.50e-10	4.13e-07	1.70e-03	9.55e-02	9.03e-01
 3.71406e+20	2.53e-24	3.89e-18	1.66e-13	6.29e-10	4.55e-07	1.81e-03	9.84e-02	9.00e-01
 4.21284e+20	3.40e-24	5.02e-18	2.06e-13	7.47e-10	5.15e-07	1.96e-03	1.02e-01	8.96e-01
 4.74713e+20	4.65e-24	6.57e-18	2.58e-13	8.96e-10	5.88e-07	2.13e-03	1.06e-01	8.92e-01
 5.21438e+20	6.05e-24	8.23e-18	3.12e-13	1.04e-09	6.56e-07	2.29e-03	1.10e-01	8.88e-01
 5.62519e+20	7.58e-24	1.00e-17	3.67e-13	1.19e-09	7.22e-07	2.43e-03	1.13e-01	8.84e-01
 6.07586e+20	9.64e-24	1.23e-17	4.38e-13	1.37e-09	7.99e-07	2.60e-03	1.17e-01	8.81e-01
 6.66172e+20	1.31e-23	1.60e-17	5.47e-13	1.64e-09	9.11e-07	2.82e-03	1.21e-01	8.76e-01
 7.25704e+20	1.79e-23	2.10e-17	6.87e-13	1.97e-09	1.04e-06	3.07e-03	1.26e-01	8.71e-01
 7.71521e+20	2.24e-23	2.54e-17	8.07e-13	2.24e-09	1.14e-06	3.27e-03	1.30e-01	8.67e-01
 8.16137e+20	2.77e-23	3.05e-17	9.43e-13	2.54e-09	1.25e-06	3.46e-03	1.33e-01	8.63e-01
 8.74138e+20	3.65e-23	3.87e-17	1.15e-12	2.99e-09	1.41e-06	3.74e-03	1.38e-01	8.58e-01
 9.32289e+20	4.80e-23	4.90e-17	1.41e-12	3.51e-09	1.59e-06	4.02e-03	1.43e-01	8.53e-01
 9.75786e+20	5.85e-23	5.80e-17	1.62e-12	3.94e-09	1.73e-06	4.25e-03	1.46e-01	8.49e-01
 1.01748e+21	7.03e-23	6.80e-17	1.86e-12	4.40e-09	1.87e-06	4.47e-03	1.50e-01	8.46e-01
 1.07169e+21	8.89e-23	8.33e-17	2.21e-12	5.05e-09	2.07e-06	4.77e-03	1.54e-01	8.41e-01
 1.13076e+21	1.15e-22	1.04e-16	2.66e-12	5.87e-09	2.31e-06	5.11e-03	1.59e-01	8.36e-01
 1.18205e+21	1.42e-22	1.25e-16	3.11e-12	6.66e-09	2.53e-06	5.42e-03	1.64e-01	8.31e-01
 1.23463e+21	1.76e-22	1.50e-16	3.63e-12	7.55e-09	2.77e-06	5.74e-03	1.68e-01	8.26e-01
 1.29308e+21	2.23e-22	1.84e-16	4.31e-12	8.68e-09	3.07e-06	6.13e-03	1.73e-01	8.21e-01
 1.34375e+21	2.72e-22	2.19e-16	4.99e-12	9.78e-09	3.35e-06	6.47e-03	1.77e-01	8.16e-01
 1.38611e+21	3.20e-22	2.51e-16	5.61e-12	1.07e-08	3.59e-06	6.76e-03	1.81e-01	8.12e-01
 1.43311e+21	3.81e-22	2.92e-16	6.38e-12	1.19e-08	3.87e-06	7.10e-03	1.85e-01	8.08e-01
 1.49421e+21	4.79e-22	3.56e-16	7.53e-12	1.36e-08	4.27e-06	7.55e-03	1.90e-01	8.02e-01
 1.55776e+21	6.04e-22	4.34e-16	8.92e-12	1.56e-08	4.71e-06	8.04e-03	1.95e-01	7.97e-01
 1.60921e+21	7.25e-22	5.08e-16	1.02e-11	1.74e-08	5.10e-06	8.45e-03	2.00e-01	7.92e-01
 1.66081e+21	8.65e-22	5.92e-16	1.16e-11	1.93e-08	5.50e-06	8.87e-03	2.04e-01	7.87e-01
 1.72790e+21	1.09e-21	7.23e-16	1.37e-11	2.21e-08	6.08e-06	9.45e-03	2.10e-01	7.81e-01
 1.79771e+21	1.38e-21	8.86e-16	1.63e-11	2.54e-08	6.73e-06	1.01e-02	2.16e-01	7.74e-01
 1.85458e+21	1.66e-21	1.04e-15	1.86e-11	2.84e-08	7.29e-06	1.06e-02	2.21e-01	7.69e-01
 1.90362e+21	1.94e-21	1.19e-15	2.09e-11	3.11e-08	7.80e-06	1.10e-02	2.25e-01	7.64e-01
 1.95901e+21	2.31e-21	1.38e-15	2.37e-11	3.44e-08	8.40e-06	1.16e-02	2.29e-01	7.59e-01
 2.03102e+21	2.89e-21	1.67e-15	2.79e-11	3.92e-08	9.24e-06	1.23e-02	2.35e-01	7.52e-01
 2.10385e+21	3.61e-21	2.03e-15	3.28e-11	4.47e-08	1.02e-05	1.30e-02	2.41e-01	7.46e-01
 2.16038e+21	4.27e-21	2.34e-15	3.70e-11	4.93e-08	1.09e-05	1.36e-02	2.46e-01	7.40e-01
 2.21648e+21	5.02e-21	2.69e-15	4.16e-11	5.42e-08	1.17e-05	1.42e-02	2.50e-01	7.35e-01
 2.28941e+21	6.20e-21	3.23e-15	4.84e-11	6.13e-08	1.28e-05	1.51e-02	2.56e-01	7.28e-01
 2.36710e+21	7.73e-21	3.90e-15	5.69e-11	6.98e-08	1.41e-05	1.60e-02	2.63e-01	7.21e-01
 2.43372e+21	9.27e-21	4.56e-15	6.49e-11	7.76e-08	1.52e-05	1.68e-02	2.68e-01	7.15e-01
 2.50308e+21	1.12e-20	5.36e-15	7.42e-11	8.65e-08	1.64e-05	1.76e-02	2.74e-01	7.09e-01
 2.59324e+21	1.42e-20	6.59e-15	8.84e-11	9.95e-08	1.82e-05	1.88e-02	2.81e-01	7.00e-01
 2.68648e+21	1.82e-20	8.13e-15	1.05e-10	1.15e-07	2.02e-05	2.00e-02	2.88e-01	6.91e-01
 2.76325e+21	2.21e-20	9.62e-15	1.22e-10	1.29e-07	2.20e-05	2.11e-02	2.94e-01	6.84e-01
 2.84256e+21	2.69e-20	1.14e-14	1.40e-10	1.44e-07	2.39e-05	2.22e-02	3.01e-01	6.77e-01
 2.94566e+21	3.47e-20	1.42e-14	1.68e-10	1.67e-07	2.66e-05	2.37e-02	3.09e-01	6.68e-01
 3.04728e+21	4.45e-20	1.76e-14	2.02e-10	1.93e-07	2.95e-05	2.53e-02	3.17e-01	6.58e-01
 3.12430e+21	5.34e-20	2.05e-14	2.30e-10	2.15e-07	3.19e-05	2.65e-02	3.22e-01	6.51e-01
 3.20175e+21	6.39e-20	2.40e-14	2.62e-10	2.39e-07	3.44e-05	2.78e-02	3.28e-01	6.44e-01
 3.30245e+21	8.07e-20	2.93e-14	3.10e-10	2.73e-07	3.80e-05	2.95e-02	3.36e-01	6.35e-01
 3.41320e+21	1.04e-19	3.64e-14	3.73e-10	3.17e-07	4.23e-05	3.15e-02	3.44e-01	6.24e-01
 3.51374e+21	1.30e-19	4.43e-14	4.39e-10	3.62e-07	4.65e-05	3.34e-02	3.52e-01	6.15e-01
 3.62118e+21	1.65e-19	5.42e-14	5.21e-10	4.15e-07	5.14e-05	3.54e-02	3.60e-01	6.05e-01
 3.76086e+21	2.23e-19	7.03e-14	6.49e-10	4.96e-07	5.84e-05	3.83e-02	3.70e-01	5.92e-01
 3.90026e+21	3.01e-19	9.10e-14	8.07e-10	5.92e-07	6.65e-05	4.14e-02	3.80e-01	5.78e-01
 4.00607e+21	3.74e-19	1.10e-13	9.47e-10	6.74e-07	7.30e-05	4.37e-02	3.88e-01	5.69e-01
 4.11037e+21	4.62e-19	1.32e-13	1.11e-09	7.64e-07	7.99e-05	4.62e-02	3.95e-01	5.59e-01
 4.24595e+21	6.08e-19	1.67e-13	1.35e-09	9.00e-07	8.99e-05	4.95e-02	4.04e-01	5.46e-01
 4.39244e+21	8.14e-19	2.15e-13	1.68e-09	1.07e-06	1.02e-04	5.34e-02	4.14e-01	5.32e-01
 4.51998e+21	1.04e-18	2.67e-13	2.01e-09	1.24e-06	1.14e-04	5.68e-02	4.23e-01	5.20e-01
 4.62779e+21	1.28e-18	3.18e-13	2.34e-09	1.41e-06	1.24e-04	5.98e-02	4.30e-01	5.10e-01
 4.74307e+21	1.58e-18	3.83e-13	2.74e-09	1.60e-06	1.36e-04	6.32e-02	4.37e-01	5.00e-01
 4.89293e+21	2.09e-18	4.87e-13	3.37e-09	1.90e-06	1.54e-04	6.79e-02	4.46e-01	4.86e-01
 5.04350e+21	2.74e-18	6.17e-13	4.13e-09	2.24e-06	1.74e-04	7.27e-02	4.55e-01	4.72e-01
 5.15923e+21	3.35e-18	7.35e-13	4.80e-09	2.54e-06	1.90e-04	7.65e-02	4.62e-01	4.61e-01
 5.27393e+21	4.07e-18	8.72e-13	5.56e-09	2.87e-06	2.08e-04	8.05e-02	4.69e-01	4.51e-01
 5.42304e+21	5.24e-18	1.09e-12	6.73e-09	3.36e-06	2.33e-04	8.59e-02	4.77e-01	4.37e-01
 5.58174e+21	6.81e-18	1.37e-12	8.21e-09	3.96e-06	2.63e-04	9.19e-02	4.85e-01	4.23e-01
 5.71745e+21	8.45e-18	1.65e-12	9.67e-09	4.54e-06	2.90e-04	9.71e-02	4.91e-01	4.11e-01
 5.85839e+21	1.05e-17	2.00e-12	1.14e-08	5.22e-06	3.21e-04	1.03e-01	4.98e-01	3.99e-01
 6.04162e+21	1.39e-17	2.56e-12	1.42e-08	6.26e-06	3.66e-04	1.10e-01	5.06e-01	3.83e-01
 6.22995e+21	1.83e-17	3.27e-12	1.75e-08	7.49e-06	4.17e-04	1.19e-01	5.14e-01	3.67e-01
 6.38139e+21	2.26e-17	3.94e-12	2.07e-08	8.60e-06	4.60e-04	1.25e-01	5.19e-01	3.55e-01
 6.53472e+21	2.79e-17	4.74e-12	2.43e-08	9.88e-06	5.09e-04	1.32e-01	5.24e-01	3.43e-01
 6.73406e+21	3.63e-17	6.00e-12	3.00e-08	1.18e-05	5.81e-04	1.42e-01	5.30e-01	3.27e-01
 6.94282e+21	4.73e-17	7.60e-12	3.70e-08	1.41e-05	6.62e-04	1.52e-01	5.36e-01	3.12e-01
 7.11555e+21	5.84e-17	9.16e-12	4.37e-08	1.63e-05	7.34e-04	1.61e-01	5.39e-01	2.99e-01
 7.26587e+21	6.96e-17	1.07e-11	5.02e-08	1.84e-05	8.01e-04	1.68e-01	5.42e-01	2.89e-01
 7.43537e+21	8.44e-17	1.27e-11	5.87e-08	2.10e-05	8.85e-04	1.77e-01	5.45e-01	2.77e-01
 7.65571e+21	1.07e-16	1.58e-11	7.15e-08	2.50e-05	1.00e-03	1.89e-01	5.48e-01	2.62e-01
 7.86977e+21	5.81e-17	1.94e-11	8.58e-08	2.92e-05	1.13e-03	2.00e-01	5.50e-01	2.49e-01
 8.02473e+21	6.60e-17	2.23e-11	9.73e-08	3.26e-05	1.22e-03	2.08e-01	5.50e-01	2.40e-01
 8.17523e+21	7.43e-17	2.54e-11	1.10e-07	3.62e-05	1.32e-03	2.16e-01	5.51e-01	2.31e-01
 8.37087e+21	8.61e-17	3.00e-11	1.28e-07	4.14e-05	1.46e-03	2.27e-01	5.51e-01	2.20e-01
 8.58365e+21	1.00e-16	3.57e-11	1.50e-07	4.76e-05	1.62e-03	2.39e-01	5.50e-01	2.09e-01
 8.77239e+21	1.14e-16	4.15e-11	1.71e-07	5.36e-05	1.76e-03	2.49e-01	5.49e-01	1.99e-01
 8.97143e+21	3.60e-16	4.82e-11	1.97e-07	6.06e-05	1.93e-03	2.61e-01	5.48e-01	1.90e-01
 9.23018e+21	4.37e-16	5.81e-11	2.34e-07	7.08e-05	2.17e-03	2.75e-01	5.45e-01	1.78e-01
 9.49076e+21	5.33e-16	6.98e-11	2.77e-07	8.21e-05	2.42e-03	2.89e-01	5.41e-01	1.67e-01
 9.69403e+21	6.19e-16	8.00e-11	3.14e-07	9.15e-05	2.62e-03	3.00e-01	5.38e-01	1.59e-01
 9.89858e+21	7.13e-16	9.11e-11	3.55e-07	1.02e-04	2.84e-03	3.11e-01	5.35e-01	1.51e-01
 1.01645e+22	8.50e-16	1.07e-10	4.14e-07	1.17e-04	3.15e-03	3.26e-01	5.29e-01	1.41e-01
 1.04494e+22	1.02e-15	1.27e-10	4.85e-07	1.35e-04	3.50e-03	3.41e-01	5.23e-01	1.32e-01
 1.06985e+22	1.19e-15	1.47e-10	5.54e-07	1.52e-04	3.82e-03	3.54e-01	5.18e-01	1.24e-01
 1.09616e+22	1.39e-15	1.70e-10	6.35e-07	1.71e-04	4.18e-03	3.68e-01	5.11e-01	1.16e-01
 1.12416e+22	1.63e-15	1.97e-10	7.31e-07	1.94e-04	4.58e-03	3.83e-01	5.04e-01	1.09e-01
 1.14797e+22	1.86e-15	2.23e-10	8.19e-07	2.14e-04	4.93e-03	3.94e-01	4.98e-01	1.03e-01
 1.17253e+22	2.12e-15	2.52e-10	9.19e-07	2.37e-04	5.32e-03	4.07e-01	4.91e-01	9.70e-02
 1.20447e+22	2.49e-15	2.93e-10	1.06e-06	2.69e-04	5.85e-03	4.22e-01	4.82e-01	8.99e-02
 1.23706e+22	2.93e-15	3.41e-10	1.23e-06	3.05e-04	6.42e-03	4.38e-01	4.72e-01	8.33e-02
 1.26305e+22	3.32e-15	3.84e-10	1.37e-06	3.36e-04	6.88e-03	4.49e-01	4.65e-01	7.85e-02
 1.28937e+22	3.74e-15	4.29e-10	1.52e-06	3.69e-04	7.38e-03	4.61e-01	4.57e-01	7.39e-02
 1.32358e+22	4.34e-15	4.94e-10	1.75e-06	4.15e-04	8.07e-03	4.77e-01	4.47e-01	6.82e-02
 1.35938e+22	5.07e-15	5.72e-10	2.01e-06	4.68e-04	8.81e-03	4.92e-01	4.36e-01	6.30e-02
 1.38933e+22	5.75e-15	6.43e-10	2.24e-06	5.15e-04	9.45e-03	5.04e-01	4.27e-01	5.89e-02
 1.42034e+22	6.49e-15	7.21e-10	2.51e-06	5.67e-04	1.02e-02	5.16e-01	4.18e-01	5.50e-02
 1.46066e+22	7.56e-15	8.34e-10	2.88e-06	6.41e-04	1.11e-02	5.32e-01	4.06e-01	5.02e-02
 1.50221e+22	8.84e-15	9.66e-10	3.32e-06	7.23e-04	1.21e-02	5.47e-01	3.94e-01	4.59e-02
 1.53631e+22	1.00e-14	1.09e-09	3.72e-06	7.94e-04	1.30e-02	5.59e-01	3.84e-01	4.27e-02
 1.57159e+22	1.13e-14	1.22e-09	4.16e-06	8.73e-04	1.40e-02	5.72e-01	3.74e-01	3.96e-02
 1.61745e+22	1.31e-14	1.40e-09	4.79e-06	9.84e-04	1.52e-02	5.87e-01	3.61e-01	3.59e-02
 1.66542e+22	1.53e-14	1.62e-09	5.53e-06	1.11e-03	1.66e-02	6.02e-01	3.48e-01	3.25e-02
 1.70514e+22	1.73e-14	1.83e-09	6.21e-06	1.22e-03	1.78e-02	6.13e-01	3.38e-01	2.99e-02
 1.74579e+22	1.94e-14	2.04e-09	6.95e-06	1.34e-03	1.91e-02	6.25e-01	3.27e-01	2.75e-02
 1.79863e+22	2.25e-14	2.36e-09	8.03e-06	1.51e-03	2.09e-02	6.39e-01	3.14e-01	2.47e-02
 1.85370e+22	2.64e-14	2.74e-09	9.30e-06	1.70e-03	2.27e-02	6.53e-01	3.00e-01	2.22e-02
 1.89895e+22	2.97e-14	3.07e-09	1.04e-05	1.87e-03	2.43e-02	6.64e-01	2.90e-01	2.03e-02
 1.94505e+22	3.36e-14	3.46e-09	1.17e-05	2.04e-03	2.60e-02	6.74e-01	2.80e-01	1.85e-02
 2.00499e+22	3.90e-14	3.99e-09	1.35e-05	2.29e-03	2.83e-02	6.86e-01	2.67e-01	1.65e-02
 2.06180e+22	4.50e-14	4.57e-09	1.54e-05	2.54e-03	3.05e-02	6.97e-01	2.55e-01	1.48e-02
 2.10090e+22	4.94e-14	5.00e-09	1.69e-05	2.72e-03	3.20e-02	7.04e-01	2.47e-01	1.38e-02
 2.13811e+22	5.38e-14	5.43e-09	1.83e-05	2.90e-03	3.35e-02	7.11e-01	2.40e-01	1.29e-02
 2.18649e+22	6.00e-14	6.03e-09	2.04e-05	3.15e-03	3.56e-02	7.19e-01	2.31e-01	1.18e-02
 2.24093e+22	6.76e-14	6.77e-09	2.29e-05	3.44e-03	3.79e-02	7.27e-01	2.21e-01	1.07e-02
 2.29201e+22	7.55e-14	7.52e-09	2.54e-05	3.73e-03	4.01e-02	7.34e-01	2.13e-01	9.74e-03
 2.34719e+22	8.47e-14	8.41e-09	2.84e-05	4.06e-03	4.26e-02	7.41e-01	2.04e-01	8.84e-03
 2.41893e+22	9.81e-14	9.70e-09	3.28e-05	4.51e-03	4.59e-02	7.49e-01	1.93e-01	7.81e-03
 2.49073e+22	1.13e-13	1.11e-08	3.77e-05	4.99e-03	4.93e-02	7.57e-01	1.82e-01	6.90e-03
 2.54628e+22	1.26e-13	1.23e-08	4.18e-05	5.38e-03	5.19e-02	7.62e-01	1.75e-01	6.29e-03
 2.60214e+22	1.40e-13	1.37e-08	4.64e-05	5.80e-03	5.47e-02	7.66e-01	1.67e-01	5.73e-03
 2.67476e+22	1.60e-13	1.56e-08	5.29e-05	6.37e-03	5.84e-02	7.72e-01	1.58e-01	5.09e-03
 2.75092e+22	1.84e-13	1.78e-08	6.05e-05	7.01e-03	6.23e-02	7.77e-01	1.50e-01	4.50e-03
 2.81579e+22	2.07e-13	1.99e-08	6.76e-05	7.57e-03	6.57e-02	7.80e-01	1.43e-01	4.06e-03
 2.88421e+22	2.33e-13	2.23e-08	7.60e-05	8.21e-03	6.94e-02	7.83e-01	1.36e-01	3.65e-03
 2.97316e+22	2.72e-13	2.59e-08	8.82e-05	9.09e-03	7.44e-02	7.86e-01	1.27e-01	3.19e-03
 3.06315e+22	3.17e-13	2.99e-08	1.02e-04	1.00e-02	7.95e-02	7.89e-01	1.19e-01	2.78e-03
 3.13616e+22	3.58e-13	3.34e-08	1.14e-04	1.09e-02	8.36e-02	7.90e-01	1.13e-01	2.50e-03
 3.21270e+22	4.07e-13	3.78e-08	1.29e-04	1.18e-02	8.82e-02	7.91e-01	1.07e-01	2.24e-03
 3.31220e+22	4.80e-13	4.41e-08	1.51e-04	1.30e-02	9.42e-02	7.91e-01	9.98e-02	1.94e-03
 3.40415e+22	5.53e-13	5.04e-08	1.73e-04	1.43e-02	9.99e-02	7.91e-01	9.34e-02	1.70e-03
 3.46763e+22	6.10e-13	5.52e-08	1.89e-04	1.52e-02	1.04e-01	7.90e-01	8.94e-02	1.56e-03
 3.53153e+22	6.75e-13	6.07e-08	2.08e-04	1.61e-02	1.08e-01	7.89e-01	8.56e-02	1.43e-03
 3.61459e+22	7.72e-13	6.88e-08	2.35e-04	1.75e-02	1.13e-01	7.87e-01	8.09e-02	1.28e-03
 3.70364e+22	8.85e-13	7.81e-08	2.67e-04	1.90e-02	1.19e-01	7.84e-01	7.61e-02	1.13e-03
 3.78214e+22	9.97e-13	8.71e-08	2.98e-04	2.03e-02	1.25e-01	7.82e-01	7.22e-02	1.02e-03
 3.86584e+22	1.14e-12	9.84e-08	3.36e-04	2.19e-02	1.30e-01	7.78e-01	6.83e-02	9.14e-04
 3.97466e+22	1.35e-12	1.15e-07	3.91e-04	2.42e-02	1.38e-01	7.73e-01	6.36e-02	7.97e-04
 4.08432e+22	1.59e-12	1.34e-07	4.54e-04	2.66e-02	1.46e-01	7.67e-01	5.90e-02	6.91e-04
 4.16841e+22	1.79e-12	1.49e-07	5.07e-04	2.85e-02	1.52e-01	7.62e-01	5.58e-02	6.22e-04
 4.25107e+22	2.04e-12	1.68e-07	5.69e-04	3.06e-02	1.58e-01	7.57e-01	5.29e-02	5.61e-04
 4.35853e+22	2.42e-12	1.96e-07	6.59e-04	3.36e-02	1.67e-01	7.49e-01	4.93e-02	4.92e-04
 4.47168e+22	2.87e-12	2.29e-07	7.68e-04	3.69e-02	1.76e-01	7.40e-01	4.58e-02	4.28e-04
 4.56648e+22	3.32e-12	2.61e-07	8.71e-04	3.99e-02	1.83e-01	7.32e-01	4.30e-02	3.82e-04
 4.66399e+22	3.88e-12	3.00e-07	9.95e-04	4.34e-02	1.91e-01	7.23e-01	4.04e-02	3.40e-04
 4.79074e+22	4.76e-12	3.61e-07	1.18e-03	4.82e-02	2.02e-01	7.11e-01	3.72e-02	2.93e-04
 4.91657e+22	5.79e-12	4.30e-07	1.40e-03	5.35e-02	2.13e-01	6.98e-01	3.42e-02	2.52e-04
 5.01310e+22	6.75e-12	4.94e-07	1.60e-03	5.80e-02	2.22e-01	6.87e-01	3.20e-02	2.25e-04
 5.11047e+22	7.96e-12	5.71e-07	1.83e-03	6.30e-02	2.30e-01	6.75e-01	3.01e-02	2.01e-04
 5.23705e+22	9.89e-12	6.93e-07	2.19e-03	7.01e-02	2.42e-01	6.58e-01	2.76e-02	1.73e-04
 5.36454e+22	1.23e-11	8.41e-07	2.62e-03	7.82e-02	2.53e-01	6.41e-01	2.53e-02	1.49e-04
 5.46688e+22	1.46e-11	9.82e-07	3.03e-03	8.54e-02	2.62e-01	6.25e-01	2.35e-02	1.32e-04
 5.57362e+22	1.79e-11	1.17e-06	3.56e-03	9.40e-02	2.73e-01	6.08e-01	2.18e-02	1.16e-04
 5.69260e+22	2.23e-11	1.43e-06	4.25e-03	1.05e-01	2.83e-01	5.88e-01	1.99e-02	1.01e-04
 5.80166e+22	2.75e-11	1.72e-06	5.03e-03	1.15e-01	2.93e-01	5.68e-01	1.84e-02	8.86e-05
 5.89485e+22	3.30e-11	2.02e-06	5.83e-03	1.26e-01	3.01e-01	5.50e-01	1.70e-02	7.89e-05
 5.99324e+22	4.04e-11	2.42e-06	6.82e-03	1.38e-01	3.10e-01	5.29e-01	1.58e-02	6.99e-05
 6.10131e+22	5.03e-11	2.93e-06	8.14e-03	1.53e-01	3.18e-01	5.06e-01	1.44e-02	6.11e-05
 6.19706e+22	6.19e-11	3.53e-06	9.58e-03	1.69e-01	3.25e-01	4.83e-01	1.32e-02	5.39e-05
 6.27756e+22	7.47e-11	4.16e-06	1.10e-02	1.83e-01	3.30e-01	4.63e-01	1.23e-02	4.83e-05
 6.34639e+22	8.76e-11	4.80e-06	1.25e-02	1.97e-01	3.34e-01	4.45e-01	1.14e-02	4.39e-05
 6.40864e+22	1.02e-10	5.47e-06	1.40e-02	2.11e-01	3.37e-01	4.28e-01	1.07e-02	4.01e-05
 6.47905e+22	1.17e-10	6.19e-06	1.59e-02	2.27e-01	3.39e-01	4.08e-01	9.95e-03	3.61e-05
 6.55423e+22	1.46e-10	7.54e-06	1.84e-02	2.47e-01	3.41e-01	3.85e-01	9.13e-03	3.22e-05
 6.61602e+22	1.65e-10	8.42e-06	2.07e-02	2.65e-01	3.41e-01	3.65e-01	8.45e-03	2.91e-05
 6.66574e+22	1.97e-10	9.78e-06	2.30e-02	2.81e-01	3.40e-01	3.48e-01	7.90e-03	2.68e-05
 6.71938e+22	2.27e-10	1.11e-05	2.56e-02	2.99e-01	3.38e-01	3.30e-01	7.34e-03	2.43e-05
 6.77734e+22	2.58e-10	1.24e-05	2.87e-02	3.21e-01	3.34e-01	3.09e-01	6.72e-03	2.18e-05
 6.82665e+22	3.09e-10	1.45e-05	3.19e-02	3.41e-01	3.29e-01	2.91e-01	6.21e-03	1.98e-05
 6.86638e+22	3.48e-10	1.61e-05	3.48e-02	3.59e-01	3.25e-01	2.75e-01	5.79e-03	1.82e-05
 6.90791e+22	3.94e-10	1.80e-05	3.80e-02	3.79e-01	3.19e-01	2.59e-01	5.36e-03	1.66e-05
 6.95362e+22	4.53e-10	2.03e-05	4.20e-02	4.02e-01	3.11e-01	2.40e-01	4.89e-03	1.49e-05
 6.99332e+22	4.97e-10	2.21e-05	4.59e-02	4.24e-01	3.03e-01	2.23e-01	4.47e-03	1.34e-05
 7.02564e+22	5.68e-10	2.48e-05	4.93e-02	4.43e-01	2.94e-01	2.09e-01	4.15e-03	1.24e-05
 7.05495e+22	6.24e-10	2.69e-05	5.26e-02	4.61e-01	2.86e-01	1.97e-01	3.86e-03	1.14e-05
 7.08824e+22	6.93e-10	2.95e-05	5.65e-02	4.82e-01	2.76e-01	1.82e-01	3.53e-03	1.03e-05
 7.12394e+22	7.77e-10	3.25e-05	6.11e-02	5.06e-01	2.63e-01	1.67e-01	3.19e-03	9.18e-06
 7.15366e+22	8.53e-10	3.53e-05	6.54e-02	5.27e-01	2.51e-01	1.53e-01	2.90e-03	8.25e-06
 7.17734e+22	9.08e-10	3.74e-05	6.89e-02	5.44e-01	2.41e-01	1.43e-01	2.68e-03	7.56e-06
 7.20232e+22	9.85e-10	4.01e-05	7.26e-02	5.63e-01	2.30e-01	1.33e-01	2.46e-03	6.88e-06
 7.23017e+22	1.09e-09	4.37e-05	7.68e-02	5.83e-01	2.16e-01	1.22e-01	2.23e-03	6.20e-06
 7.25511e+22	1.18e-09	4.68e-05	8.09e-02	6.02e-01	2.03e-01	1.12e-01	2.03e-03	5.59e-06
 7.27590e+22	1.25e-09	4.94e-05	8.44e-02	6.18e-01	1.92e-01	1.04e-01	1.86e-03	5.10e-06
 7.29794e+22	1.34e-09	5.23e-05	8.79e-02	6.34e-01	1.80e-01	9.58e-02	1.71e-03	4.64e-06
 7.32230e+22	1.43e-09	5.55e-05	9.20e-02	6.52e-01	1.67e-01	8.77e-02	1.55e-03	4.17e-06
 7.34399e+22	1.52e-09	5.85e-05	9.56e-02	6.67e-01	1.55e-01	8.10e-02	1.41e-03	3.78e-06
 7.36247e+22	1.61e-09	6.11e-05	9.88e-02	6.79e-01	1.45e-01	7.56e-02	1.31e-03	3.47e-06
 7.38252e+22	1.69e-09	6.40e-05	1.02e-01	6.92e-01	1.35e-01	7.05e-02	1.21e-03	3.18e-06
 7.40510e+22	1.79e-09	6.70e-05	1.05e-01	7.04e-01	1.24e-01	6.54e-02	1.11e-03	2.89e-06
 7.42614e+22	1.89e-09	7.00e-05	1.09e-01	7.15e-01	1.14e-01	6.12e-02	1.02e-03	2.64e-06
 7.44512e+22	1.98e-09	7.26e-05	1.11e-01	7.24e-01	1.05e-01	5.78e-02	9.54e-04	2.45e-06
 7.46625e+22	2.09e-09	7.57e-05	1.15e-01	7.33e-01	9.70e-02	5.44e-02	8.85e-04	2.24e-06
 7.48950e+22	2.21e-09	7.91e-05	1.18e-01	7.41e-01	8.86e-02	5.13e-02	8.20e-04	2.04e-06
 7.51065e+22	2.33e-09	8.22e-05	1.21e-01	7.48e-01	8.19e-02	4.88e-02	7.67e-04	1.88e-06
 7.53025e+22	2.45e-09	8.51e-05	1.24e-01	7.53e-01	7.63e-02	4.68e-02	7.23e-04	1.75e-06
 7.55267e+22	2.60e-09	8.86e-05	1.27e-01	7.57e-01	7.06e-02	4.47e-02	6.79e-04	1.61e-06
 7.58182e+22	2.79e-09	9.32e-05	1.30e-01	7.62e-01	6.43e-02	4.24e-02	6.28e-04	1.46e-06
 7.61224e+22	3.01e-09	9.79e-05	1.34e-01	7.66e-01	5.88e-02	4.03e-02	5.81e-04	1.32e-06
 7.63860e+22	3.21e-09	1.02e-04	1.37e-01	7.68e-01	5.48e-02	3.88e-02	5.46e-04	1.21e-06
 7.66717e+22	3.44e-09	1.07e-04	1.41e-01	7.71e-01	5.09e-02	3.72e-02	5.11e-04	1.11e-06
 7.70303e+22	3.73e-09	1.12e-04	1.45e-01	7.72e-01	4.69e-02	3.55e-02	4.73e-04	9.94e-07
 7.74309e+22	4.07e-09	1.19e-04	1.49e-01	7.73e-01	4.32e-02	3.39e-02	4.36e-04	0.00e+00
 7.78379e+22	4.43e-09	1.25e-04	1.53e-01	7.74e-01	4.00e-02	3.24e-02	4.03e-04	0.00e+00
 7.82578e+22	4.81e-09	1.32e-04	1.57e-01	7.74e-01	3.73e-02	3.10e-02	3.74e-04	0.00e+00
 7.87155e+22	5.24e-09	1.39e-04	1.62e-01	7.74e-01	3.48e-02	2.96e-02	3.45e-04	0.00e+00
 7.92231e+22	5.73e-09	1.46e-04	1.66e-01	7.73e-01	3.24e-02	2.83e-02	3.18e-04	0.00e+00
 7.97800e+22	6.28e-09	1.55e-04	1.71e-01	7.71e-01	3.02e-02	2.69e-02	2.91e-04	0.00e+00
 8.03918e+22	6.91e-09	1.64e-04	1.76e-01	7.70e-01	2.81e-02	2.56e-02	2.66e-04	0.00e+00
 8.10637e+22	7.62e-09	1.74e-04	1.81e-01	7.68e-01	2.62e-02	2.43e-02	2.42e-04	0.00e+00
 8.18088e+22	8.43e-09	1.86e-04	1.87e-01	7.65e-01	2.44e-02	2.30e-02	2.19e-04	0.00e+00
 8.26531e+22	9.40e-09	1.98e-04	1.94e-01	7.62e-01	2.26e-02	2.16e-02	1.96e-04	0.00e+00
 8.36135e+22	1.06e-08	2.13e-04	2.01e-01	7.58e-01	2.09e-02	2.03e-02	1.75e-04	0.00e+00
 8.47043e+22	1.19e-08	2.29e-04	2.08e-01	7.53e-01	1.93e-02	1.89e-02	1.54e-04	0.00e+00
 8.59560e+22	1.37e-08	2.49e-04	2.17e-01	7.47e-01	1.78e-02	1.75e-02	1.34e-04	0.00e+00
 8.74108e+22	1.58e-08	2.72e-04	2.27e-01	7.40e-01	1.62e-02	1.61e-02	1.15e-04	0.00e+00
 8.91370e+22	1.86e-08	3.01e-04	2.39e-01	7.31e-01	1.47e-02	1.45e-02	9.66e-05	0.00e+00
 9.11539e+22	2.23e-08	3.35e-04	2.52e-01	7.21e-01	1.32e-02	1.31e-02	7.97e-05	0.00e+00
 9.36238e+22	2.74e-08	3.79e-04	2.69e-01	7.07e-01	1.18e-02	1.15e-02	6.38e-05	0.00e+00
 9.68348e+22	3.51e-08	4.40e-04	2.90e-01	6.89e-01	1.02e-02	9.86e-03	4.88e-05	0.00e+00
 1.00278e+23	4.60e-08	5.17e-04	3.14e-01	6.68e-01	8.90e-03	8.37e-03	3.68e-05	0.00e+00
 1.03015e+23	5.70e-08	5.87e-04	3.34e-01	6.50e-01	8.05e-03	7.37e-03	2.96e-05	0.00e+00
 1.05110e+23	6.65e-08	6.43e-04	3.49e-01	6.37e-01	7.48e-03	6.72e-03	2.52e-05	0.00e+00
 1.07376e+23	7.76e-08	7.03e-04	3.64e-01	6.22e-01	6.91e-03	6.09e-03	2.14e-05	0.00e+00
 1.10321e+23	9.45e-08	7.87e-04	3.85e-01	6.03e-01	6.26e-03	5.38e-03	1.75e-05	0.00e+00
 1.14151e+23	1.22e-07	9.08e-04	4.12e-01	5.77e-01	5.55e-03	4.59e-03	1.35e-05	0.00e+00
 1.17964e+23	1.61e-07	1.06e-03	4.40e-01	5.50e-01	4.94e-03	3.90e-03	1.03e-05	0.00e+00
 1.20730e+23	2.00e-07	1.19e-03	4.61e-01	5.29e-01	4.56e-03	3.45e-03	8.49e-06	0.00e+00
 1.22853e+23	2.35e-07	1.30e-03	4.78e-01	5.14e-01	4.30e-03	3.14e-03	7.32e-06	0.00e+00
 1.25166e+23	2.79e-07	1.43e-03	4.95e-01	4.96e-01	4.04e-03	2.83e-03	6.24e-06	0.00e+00
 1.28173e+23	3.52e-07	1.61e-03	5.18e-01	4.74e-01	3.73e-03	2.47e-03	5.04e-06	0.00e+00
 1.31338e+23	4.67e-07	1.87e-03	5.44e-01	4.48e-01	3.43e-03	2.10e-03	3.92e-06	0.00e+00
 1.33826e+23	6.01e-07	2.14e-03	5.66e-01	4.27e-01	3.21e-03	1.82e-03	3.15e-06	0.00e+00
 1.35674e+23	7.39e-07	2.38e-03	5.83e-01	4.10e-01	3.06e-03	1.62e-03	2.63e-06	0.00e+00
 1.37572e+23	9.09e-07	2.66e-03	6.00e-01	3.93e-01	2.91e-03	1.44e-03	2.19e-06	0.00e+00
 1.40039e+23	1.22e-06	3.11e-03	6.24e-01	3.69e-01	2.72e-03	1.21e-03	1.67e-06	0.00e+00
 1.42502e+23	1.76e-06	3.79e-03	6.51e-01	3.42e-01	2.53e-03	9.72e-04	1.20e-06	0.00e+00
 1.44235e+23	2.41e-06	4.51e-03	6.72e-01	3.21e-01	2.39e-03	8.07e-04	9.00e-07	0.00e+00
 1.45418e+23	3.05e-06	5.14e-03	6.87e-01	3.05e-01	2.29e-03	7.01e-04	0.00e+00	0.00e+00
 1.46612e+23	3.86e-06	5.88e-03	7.03e-01	2.88e-01	2.19e-03	6.04e-04	0.00e+00	0.00e+00
 1.48163e+23	5.38e-06	7.12e-03	7.25e-01	2.65e-01	2.06e-03	4.87e-04	0.00e+00	0.00e+00
 1.49708e+23	8.22e-06	9.15e-03	7.50e-01	2.38e-01	1.91e-03	3.69e-04	0.00e+00	0.00e+00
 1.50777e+23	1.18e-05	1.14e-02	7.70e-01	2.16e-01	1.78e-03	2.90e-04	0.00e+00	0.00e+00
 1.51308e+23	1.47e-05	1.30e-02	7.81e-01	2.04e-01	1.71e-03	2.51e-04	0.00e+00	0.00e+00
 1.51518e+23	1.59e-05	1.37e-02	7.85e-01	1.99e-01	1.68e-03	2.37e-04	0.00e+00	0.00e+00
 1.51701e+23	1.70e-05	1.43e-02	7.89e-01	1.95e-01	1.66e-03	2.27e-04	0.00e+00	0.00e+00
 1.51939e+23	1.86e-05	1.50e-02	7.93e-01	1.90e-01	1.63e-03	2.13e-04	0.00e+00	0.00e+00
 1.52248e+23	2.09e-05	1.62e-02	7.99e-01	1.83e-01	1.59e-03	1.96e-04	0.00e+00	0.00e+00
 1.52649e+23	2.44e-05	1.78e-02	8.06e-01	1.74e-01	1.54e-03	1.75e-04	0.00e+00	0.00e+00
 1.53065e+23	2.94e-05	2.00e-02	8.14e-01	1.64e-01	1.48e-03	1.53e-04	0.00e+00	0.00e+00
 1.53383e+23	3.44e-05	2.21e-02	8.21e-01	1.56e-01	1.43e-03	1.37e-04	0.00e+00	0.00e+00
 1.53623e+23	3.87e-05	2.38e-02	8.25e-01	1.50e-01	1.39e-03	1.26e-04	0.00e+00	0.00e+00
 1.53876e+23	4.37e-05	2.57e-02	8.30e-01	1.43e-01	1.35e-03	1.15e-04	0.00e+00	0.00e+00
 1.54205e+23	5.16e-05	2.85e-02	8.35e-01	1.35e-01	1.30e-03	1.01e-04	0.00e+00	0.00e+00
 1.54543e+23	6.23e-05	3.21e-02	8.41e-01	1.26e-01	1.24e-03	8.78e-05	0.00e+00	0.00e+00
 1.54797e+23	7.30e-05	3.55e-02	8.45e-01	1.19e-01	1.20e-03	7.79e-05	0.00e+00	0.00e+00
 1.54987e+23	8.21e-05	3.82e-02	8.47e-01	1.13e-01	1.16e-03	7.11e-05	0.00e+00	0.00e+00
 1.55189e+23	9.26e-05	4.13e-02	8.49e-01	1.08e-01	1.13e-03	6.47e-05	0.00e+00	0.00e+00
 1.55451e+23	1.09e-04	4.58e-02	8.52e-01	1.01e-01	1.08e-03	5.68e-05	0.00e+00	0.00e+00
 1.55724e+23	1.32e-04	5.17e-02	8.54e-01	9.31e-02	1.03e-03	4.87e-05	0.00e+00	0.00e+00
 1.55936e+23	1.55e-04	5.73e-02	8.55e-01	8.70e-02	9.81e-04	4.28e-05	0.00e+00	0.00e+00
 1.56096e+23	1.76e-04	6.20e-02	8.54e-01	8.25e-02	9.48e-04	3.87e-05	0.00e+00	0.00e+00
 1.56265e+23	1.99e-04	6.71e-02	8.54e-01	7.79e-02	9.14e-04	3.49e-05	0.00e+00	0.00e+00
 1.56485e+23	2.36e-04	7.47e-02	8.52e-01	7.19e-02	8.69e-04	3.02e-05	0.00e+00	0.00e+00
 1.56713e+23	2.89e-04	8.47e-02	8.49e-01	6.54e-02	8.17e-04	2.55e-05	0.00e+00	0.00e+00
 1.56889e+23	3.42e-04	9.41e-02	8.44e-01	6.04e-02	7.74e-04	2.20e-05	0.00e+00	0.00e+00
 1.57022e+23	3.88e-04	1.02e-01	8.40e-01	5.67e-02	7.43e-04	1.98e-05	0.00e+00	0.00e+00
 1.57163e+23	4.42e-04	1.10e-01	8.35e-01	5.30e-02	7.11e-04	1.76e-05	0.00e+00	0.00e+00
 1.57348e+23	5.27e-04	1.23e-01	8.28e-01	4.82e-02	6.69e-04	1.49e-05	0.00e+00	0.00e+00
 1.57540e+23	6.50e-04	1.40e-01	8.16e-01	4.29e-02	6.18e-04	1.23e-05	0.00e+00	0.00e+00
 1.57690e+23	7.76e-04	1.56e-01	8.04e-01	3.88e-02	5.78e-04	1.04e-05	0.00e+00	0.00e+00
 1.57805e+23	8.90e-04	1.70e-01	7.93e-01	3.58e-02	5.47e-04	9.11e-06	0.00e+00	0.00e+00
 1.57928e+23	1.02e-03	1.85e-01	7.81e-01	3.28e-02	5.16e-04	7.92e-06	0.00e+00	0.00e+00
 1.58088e+23	1.24e-03	2.06e-01	7.63e-01	2.90e-02	4.75e-04	6.51e-06	0.00e+00	0.00e+00
 1.58257e+23	1.55e-03	2.36e-01	7.37e-01	2.49e-02	4.26e-04	5.09e-06	0.00e+00	0.00e+00
 1.58391e+23	1.90e-03	2.65e-01	7.11e-01	2.16e-02	3.85e-04	4.07e-06	0.00e+00	0.00e+00
 1.58497e+23	2.22e-03	2.90e-01	6.88e-01	1.92e-02	3.54e-04	3.40e-06	0.00e+00	0.00e+00
 1.58610e+23	2.61e-03	3.18e-01	6.63e-01	1.69e-02	3.22e-04	2.79e-06	0.00e+00	0.00e+00
 1.58757e+23	3.25e-03	3.58e-01	6.25e-01	1.39e-02	2.81e-04	2.11e-06	0.00e+00	0.00e+00
 1.58905e+23	4.21e-03	4.10e-01	5.75e-01	1.10e-02	2.35e-04	1.48e-06	0.00e+00	0.00e+00
 1.59012e+23	5.16e-03	4.55e-01	5.31e-01	8.96e-03	2.00e-04	1.10e-06	0.00e+00	0.00e+00
 1.59088e+23	5.94e-03	4.87e-01	5.00e-01	7.71e-03	1.79e-04	8.87e-07	0.00e+00	0.00e+00
 1.59168e+23	6.83e-03	5.19e-01	4.67e-01	6.55e-03	1.58e-04	0.00e+00	0.00e+00	0.00e+00
 1.59271e+23	8.25e-03	5.65e-01	4.21e-01	5.17e-03	1.31e-04	0.00e+00	0.00e+00	0.00e+00
 1.59378e+23	1.03e-02	6.20e-01	3.66e-01	3.82e-03	1.03e-04	0.00e+00	0.00e+00	0.00e+00
 1.59461e+23	1.24e-02	6.65e-01	3.19e-01	2.91e-03	8.18e-05	0.00e+00	0.00e+00	0.00e+00
 1.59521e+23	1.41e-02	6.96e-01	2.87e-01	2.37e-03	6.89e-05	0.00e+00	0.00e+00	0.00e+00
 1.59582e+23	1.61e-02	7.25e-01	2.57e-01	1.91e-03	5.78e-05	0.00e+00	0.00e+00	0.00e+00
 1.59661e+23	1.90e-02	7.62e-01	2.18e-01	1.41e-03	4.47e-05	0.00e+00	0.00e+00	0.00e+00
 1.59742e+23	2.33e-02	8.00e-01	1.75e-01	9.70e-04	3.20e-05	0.00e+00	0.00e+00	0.00e+00
 1.59802e+23	2.74e-02	8.27e-01	1.44e-01	7.08e-04	2.39e-05	0.00e+00	0.00e+00	0.00e+00
 1.59845e+23	3.07e-02	8.43e-01	1.25e-01	5.68e-04	1.94e-05	0.00e+00	0.00e+00	0.00e+00
 1.59889e+23	3.43e-02	8.57e-01	1.08e-01	4.55e-04	1.57e-05	0.00e+00	0.00e+00	0.00e+00
 1.59945e+23	3.99e-02	8.72e-01	8.80e-02	3.37e-04	1.16e-05	0.00e+00	0.00e+00	0.00e+00
 1.60006e+23	4.77e-02	8.84e-01	6.76e-02	2.37e-04	7.96e-06	0.00e+00	0.00e+00	0.00e+00
 1.60053e+23	5.61e-02	8.91e-01	5.29e-02	1.78e-04	5.63e-06	0.00e+00	0.00e+00	0.00e+00
 1.60088e+23	6.30e-02	8.93e-01	4.40e-02	1.46e-04	4.38e-06	0.00e+00	0.00e+00	0.00e+00
 1.60124e+23	7.09e-02	8.92e-01	3.66e-02	1.21e-04	3.41e-06	0.00e+00	0.00e+00	0.00e+00
 1.60170e+23	8.29e-02	8.89e-01	2.83e-02	9.63e-05	2.40e-06	0.00e+00	0.00e+00	0.00e+00
 1.60217e+23	1.00e-01	8.79e-01	2.06e-02	7.53e-05	1.56e-06	0.00e+00	0.00e+00	0.00e+00
 1.60253e+23	1.17e-01	8.67e-01	1.58e-02	6.34e-05	1.11e-06	0.00e+00	0.00e+00	0.00e+00
 1.60279e+23	1.31e-01	8.56e-01	1.30e-02	5.67e-05	8.60e-07	0.00e+00	0.00e+00	0.00e+00
 1.60306e+23	1.46e-01	8.43e-01	1.06e-02	5.11e-05	0.00e+00	0.00e+00	0.00e+00	0.00e+00
 1.60339e+23	1.68e-01	8.24e-01	8.17e-03	4.50e-05	0.00e+00	0.00e+00	0.00e+00	0.00e+00
 1.60370e+23	1.95e-01	7.98e-01	6.14e-03	3.95e-05	0.00e+00	0.00e+00	0.00e+00	0.00e+00
 1.60393e+23	2.18e-01	7.77e-01	4.95e-03	3.63e-05	0.00e+00	0.00e+00	0.00e+00	0.00e+00
 1.60410e+23	2.36e-01	7.60e-01	4.21e-03	3.42e-05	0.00e+00	0.00e+00	0.00e+00	0.00e+00
 1.60428e+23	2.55e-01	7.41e-01	3.56e-03	3.22e-05	0.00e+00	0.00e+00	0.00e+00	0.00e+00
 1.60449e+23	2.82e-01	7.16e-01	2.88e-03	2.97e-05	0.00e+00	0.00e+00	0.00e+00	0.00e+00
 1.60465e+23	3.06e-01	6.91e-01	2.38e-03	2.77e-05	0.00e+00	0.00e+00	0.00e+00	0.00e+00
 1.60474e+23	3.19e-01	6.79e-01	2.16e-03	2.69e-05	0.00e+00	0.00e+00	0.00e+00	0.00e+00
 1.60481e+23	3.28e-01	6.70e-01	2.01e-03	2.64e-05	0.00e+00	0.00e+00	0.00e+00	0.00e+00
 1.60491e+23	3.42e-01	6.57e-01	1.83e-03	2.56e-05	0.00e+00	0.00e+00	0.00e+00	0.00e+00
 1.60503e+23	3.60e-01	6.38e-01	1.60e-03	2.44e-05	0.00e+00	0.00e+00	0.00e+00	0.00e+00
 1.60515e+23	3.81e-01	6.17e-01	1.38e-03	2.32e-05	0.00e+00	0.00e+00	0.00e+00	0.00e+00
 1.60525e+23	3.99e-01	5.99e-01	1.23e-03	2.22e-05	0.00e+00	0.00e+00	0.00e+00	0.00e+00
 1.60533e+23	4.13e-01	5.86e-01	1.12e-03	2.15e-05	0.00e+00	0.00e+00	0.00e+00	0.00e+00
 1.60542e+23	4.28e-01	5.71e-01	1.01e-03	2.08e-05	0.00e+00	0.00e+00	0.00e+00	0.00e+00
 1.60553e+23	4.48e-01	5.51e-01	8.89e-04	1.99e-05	0.00e+00	0.00e+00	0.00e+00	0.00e+00
 1.60564e+23	4.69e-01	5.30e-01	7.76e-04	1.89e-05	0.00e+00	0.00e+00	0.00e+00	0.00e+00
 1.60573e+23	4.87e-01	5.12e-01	6.94e-04	1.82e-05	0.00e+00	0.00e+00	0.00e+00	0.00e+00
 1.60581e+23	5.02e-01	4.98e-01	6.32e-04	1.76e-05	0.00e+00	0.00e+00	0.00e+00	0.00e+00
 1.60589e+23	5.18e-01	4.82e-01	5.70e-04	1.69e-05	0.00e+00	0.00e+00	0.00e+00	0.00e+00
 1.60600e+23	5.39e-01	4.61e-01	5.02e-04	1.61e-05	0.00e+00	0.00e+00	0.00e+00	0.00e+00
 1.60609e+23	5.59e-01	4.40e-01	4.43e-04	1.53e-05	0.00e+00	0.00e+00	0.00e+00	0.00e+00
 1.60618e+23	5.76e-01	4.24e-01	4.01e-04	1.48e-05	0.00e+00	0.00e+00	0.00e+00	0.00e+00
 1.60625e+23	5.90e-01	4.09e-01	3.67e-04	1.43e-05	0.00e+00	0.00e+00	0.00e+00	0.00e+00
 1.60634e+23	6.07e-01	3.92e-01	3.31e-04	1.37e-05	0.00e+00	0.00e+00	0.00e+00	0.00e+00
 1.60644e+23	6.28e-01	3.72e-01	2.94e-04	1.30e-05	0.00e+00	0.00e+00	0.00e+00	0.00e+00
 1.60653e+23	6.45e-01	3.54e-01	2.65e-04	1.24e-05	0.00e+00	0.00e+00	0.00e+00	0.00e+00
 1.60660e+23	6.60e-01	3.40e-01	2.44e-04	1.20e-05	0.00e+00	0.00e+00	0.00e+00	0.00e+00
 1.60667e+23	6.74e-01	3.26e-01	2.26e-04	1.15e-05	0.00e+00	0.00e+00	0.00e+00	0.00e+00
 1.60676e+23	6.91e-01	3.09e-01	2.06e-04	1.10e-05	0.00e+00	0.00e+00	0.00e+00	0.00e+00
 1.60685e+23	7.08e-01	2.92e-01	1.87e-04	1.05e-05	0.00e+00	0.00e+00	0.00e+00	0.00e+00
 1.60693e+23	7.23e-01	2.77e-01	1.73e-04	1.00e-05	0.00e+00	0.00e+00	0.00e+00	0.00e+00
 1.60700e+23	7.35e-01	2.64e-01	1.63e-04	9.69e-06	0.00e+00	0.00e+00	0.00e+00	0.00e+00
 1.60708e+23	7.48e-01	2.52e-01	1.53e-04	9.34e-06	0.00e+00	0.00e+00	0.00e+00	0.00e+00
 1.60716e+23	7.62e-01	2.38e-01	1.43e-04	8.92e-06	0.00e+00	0.00e+00	0.00e+00	0.00e+00
 1.60724e+23	7.76e-01	2.24e-01	1.34e-04	8.52e-06	0.00e+00	0.00e+00	0.00e+00	0.00e+00
 1.60731e+23	7.87e-01	2.13e-01	1.28e-04	8.22e-06	0.00e+00	0.00e+00	0.00e+00	0.00e+00
 1.60738e+23	7.97e-01	2.03e-01	1.22e-04	7.95e-06	0.00e+00	0.00e+00	0.00e+00	0.00e+00
 1.60745e+23	8.07e-01	1.93e-01	1.17e-04	7.67e-06	0.00e+00	0.00e+00	0.00e+00	0.00e+00
 1.60753e+23	8.18e-01	1.82e-01	1.12e-04	7.37e-06	0.00e+00	0.00e+00	0.00e+00	0.00e+00
 1.60760e+23	8.28e-01	1.72e-01	1.08e-04	7.08e-06	0.00e+00	0.00e+00	0.00e+00	0.00e+00
 1.60767e+23	8.37e-01	1.63e-01	1.05e-04	6.87e-06	0.00e+00	0.00e+00	0.00e+00	0.00e+00
 1.60773e+23	8.44e-01	1.56e-01	1.02e-04	6.67e-06	0.00e+00	0.00e+00	0.00e+00	0.00e+00
 1.60780e+23	8.52e-01	1.48e-01	9.99e-05	6.47e-06	0.00e+00	0.00e+00	0.00e+00	0.00e+00
 1.60787e+23	8.60e-01	1.40e-01	9.75e-05	6.26e-06	0.00e+00	0.00e+00	0.00e+00	0.00e+00
 1.60794e+23	8.67e-01	1.33e-01	9.56e-05	6.08e-06	0.00e+00	0.00e+00	0.00e+00	0.00e+00
 1.60800e+23	8.73e-01	1.27e-01	9.40e-05	5.94e-06	0.00e+00	0.00e+00	0.00e+00	0.00e+00
 1.60807e+23	8.79e-01	1.21e-01	9.26e-05	5.80e-06	0.00e+00	0.00e+00	0.00e+00	0.00e+00
 1.60813e+23	8.84e-01	1.16e-01	9.14e-05	5.68e-06	0.00e+00	0.00e+00	0.00e+00	0.00e+00
 1.60819e+23	8.89e-01	1.11e-01	9.04e-05	5.58e-06	0.00e+00	0.00e+00	0.00e+00	0.00e+00
 1.60824e+23	8.93e-01	1.07e-01	8.95e-05	5.49e-06	0.00e+00	0.00e+00	0.00e+00	0.00e+00
 1.60830e+23	8.97e-01	1.03e-01	8.88e-05	5.42e-06	0.00e+00	0.00e+00	0.00e+00	0.00e+00
 1.60835e+23	9.00e-01	9.97e-02	8.82e-05	5.35e-06	0.00e+00	0.00e+00	0.00e+00	0.00e+00
 1.60840e+23	9.03e-01	9.65e-02	8.76e-05	5.30e-06	0.00e+00	0.00e+00	0.00e+00	0.00e+00
 1.60845e+23	9.06e-01	9.36e-02	8.71e-05	5.26e-06	0.00e+00	0.00e+00	0.00e+00	0.00e+00
 1.60850e+23	9.09e-01	9.09e-02	8.67e-05	5.24e-06	0.00e+00	0.00e+00	0.00e+00	0.00e+00
 1.60855e+23	9.11e-01	8.85e-02	8.63e-05	5.22e-06	0.00e+00	0.00e+00	0.00e+00	0.00e+00
 1.60860e+23	9.14e-01	8.63e-02	8.60e-05	5.21e-06	0.00e+00	0.00e+00	0.00e+00	0.00e+00
 1.60864e+23	9.16e-01	8.44e-02	8.58e-05	5.22e-06	0.00e+00	0.00e+00	0.00e+00	0.00e+00
 1.60868e+23	9.17e-01	8.28e-02	8.55e-05	5.22e-06	0.00e+00	0.00e+00	0.00e+00	0.00e+00
 1.60872e+23	9.18e-01	8.15e-02	8.54e-05	5.24e-06	0.00e+00	0.00e+00	0.00e+00	0.00e+00
 1.60875e+23	9.20e-01	8.03e-02	8.52e-05	5.27e-06	0.00e+00	0.00e+00	0.00e+00	0.00e+00
 1.60878e+23	9.21e-01	7.93e-02	8.51e-05	5.30e-06	0.00e+00	0.00e+00	0.00e+00	0.00e+00
 1.60881e+23	9.21e-01	7.85e-02	8.51e-05	5.33e-06	0.00e+00	0.00e+00	0.00e+00	0.00e+00
 1.60883e+23	9.22e-01	7.78e-02	8.50e-05	5.36e-06	0.00e+00	0.00e+00	0.00e+00	0.00e+00
 1.60886e+23	9.23e-01	7.72e-02	8.50e-05	5.42e-06	0.00e+00	0.00e+00	0.00e+00	0.00e+00
 1.60888e+23	9.23e-01	7.67e-02	8.49e-05	5.43e-06	0.00e+00	0.00e+00	0.00e+00	0.00e+00
 1.60890e+23	9.24e-01	7.61e-02	8.48e-05	5.47e-06	0.00e+00	0.00e+00	0.00e+00	0.00e+00
 1.60892e+23	9.24e-01	7.55e-02	8.48e-05	5.51e-06	0.00e+00	0.00e+00	0.00e+00	0.00e+00
 1.60895e+23	9.25e-01	7.49e-02	8.47e-05	5.56e-06	0.00e+00	0.00e+00	0.00e+00	0.00e+00
 1.60898e+23	9.26e-01	7.43e-02	8.47e-05	5.61e-06	0.00e+00	0.00e+00	0.00e+00	0.00e+00
 1.60901e+23	9.26e-01	7.38e-02	8.47e-05	5.68e-06	0.00e+00	0.00e+00	0.00e+00	0.00e+00
 1.60903e+23	9.27e-01	7.34e-02	8.46e-05	5.73e-06	0.00e+00	0.00e+00	0.00e+00	0.00e+00
 1.60905e+23	9.27e-01	7.30e-02	8.46e-05	5.81e-06	0.00e+00	0.00e+00	0.00e+00	0.00e+00
 1.60907e+23	9.27e-01	7.28e-02	8.46e-05	5.85e-06	0.00e+00	0.00e+00	0.00e+00	0.00e+00
 1.60909e+23	9.28e-01	7.24e-02	8.46e-05	5.90e-06	0.00e+00	0.00e+00	0.00e+00	0.00e+00
 1.60912e+23	9.28e-01	7.20e-02	8.46e-05	5.99e-06	0.00e+00	0.00e+00	0.00e+00	0.00e+00
 1.60915e+23	9.28e-01	7.16e-02	8.46e-05	6.06e-06	0.00e+00	0.00e+00	0.00e+00	0.00e+00
 1.60918e+23	9.29e-01	7.13e-02	8.46e-05	6.14e-06	0.00e+00	0.00e+00	0.00e+00	0.00e+00
 1.60921e+23	9.29e-01	7.11e-02	8.46e-05	6.23e-06	0.00e+00	0.00e+00	0.00e+00	0.00e+00
 1.60923e+23	9.29e-01	7.08e-02	8.45e-05	6.26e-06	0.00e+00	0.00e+00	0.00e+00	0.00e+00
 1.60926e+23	9.29e-01	7.06e-02	8.45e-05	6.34e-06	0.00e+00	0.00e+00	0.00e+00	0.00e+00
 1.60928e+23	9.30e-01	7.04e-02	8.45e-05	6.42e-06	0.00e+00	0.00e+00	0.00e+00	0.00e+00
 1.60931e+23	9.30e-01	7.02e-02	8.46e-05	6.49e-06	0.00e+00	0.00e+00	0.00e+00	0.00e+00
 1.60933e+23	9.30e-01	7.00e-02	8.46e-05	6.58e-06	0.00e+00	0.00e+00	0.00e+00	0.00e+00
 1.60936e+23	9.30e-01	6.98e-02	8.46e-05	6.67e-06	0.00e+00	0.00e+00	0.00e+00	0.00e+00
 1.60939e+23	9.30e-01	6.96e-02	8.46e-05	6.75e-06	0.00e+00	0.00e+00	0.00e+00	0.00e+00
 1.60942e+23	9.30e-01	6.95e-02	8.46e-05	6.85e-06	0.00e+00	0.00e+00	0.00e+00	0.00e+00
 1.60945e+23	9.31e-01	6.93e-02	8.46e-05	6.95e-06	0.00e+00	0.00e+00	0.00e+00	0.00e+00
 1.60948e+23	9.31e-01	6.92e-02	8.46e-05	7.04e-06	0.00e+00	0.00e+00	0.00e+00	0.00e+00
 1.60951e+23	9.31e-01	6.92e-02	8.47e-05	7.15e-06	0.00e+00	0.00e+00	0.00e+00	0.00e+00
 1.60953e+23	9.31e-01	6.91e-02	8.49e-05	7.23e-06	0.00e+00	0.00e+00	0.00e+00	0.00e+00
 1.60956e+23	9.31e-01	6.90e-02	8.51e-05	7.32e-06	0.00e+00	0.00e+00	0.00e+00	0.00e+00
 1.60959e+23	9.31e-01	6.90e-02	8.54e-05	7.46e-06	0.00e+00	0.00e+00	0.00e+00	0.00e+00
 1.60963e+23	9.31e-01	6.88e-02	8.57e-05	7.57e-06	0.00e+00	0.00e+00	0.00e+00	0.00e+00
 1.60966e+23	9.31e-01	6.88e-02	8.60e-05	7.71e-06	0.00e+00	0.00e+00	0.00e+00	0.00e+00
 1.60969e+23	9.31e-01	6.88e-02	8.62e-05	7.81e-06	0.00e+00	0.00e+00	0.00e+00	0.00e+00
 1.60972e+23	9.31e-01	6.88e-02	8.65e-05	7.95e-06	0.00e+00	0.00e+00	0.00e+00	0.00e+00
 1.60974e+23	9.31e-01	6.88e-02	8.67e-05	8.03e-06	0.00e+00	0.00e+00	0.00e+00	0.00e+00
 1.60977e+23	9.31e-01	6.87e-02	8.69e-05	8.12e-06	0.00e+00	0.00e+00	0.00e+00	0.00e+00
 1.60981e+23	9.31e-01	6.87e-02	8.72e-05	8.27e-06	0.00e+00	0.00e+00	0.00e+00	0.00e+00
 1.60985e+23	9.31e-01	6.87e-02	8.75e-05	8.41e-06	0.00e+00	0.00e+00	0.00e+00	0.00e+00
 1.60988e+23	9.31e-01	6.86e-02	8.77e-05	8.51e-06	0.00e+00	0.00e+00	0.00e+00	0.00e+00
 1.60992e+23	9.31e-01	6.86e-02	8.80e-05	8.65e-06	0.00e+00	0.00e+00	0.00e+00	0.00e+00
 1.60996e+23	9.31e-01	6.86e-02	8.82e-05	8.78e-06	0.00e+00	0.00e+00	0.00e+00	0.00e+00
 1.61000e+23	9.31e-01	6.86e-02	8.85e-05	8.89e-06	0.00e+00	0.00e+00	0.00e+00	0.00e+00
 1.61004e+23	9.31e-01	6.86e-02	8.88e-05	9.04e-06	0.00e+00	0.00e+00	0.00e+00	0.00e+00
 1.61008e+23	9.31e-01	6.85e-02	8.90e-05	9.17e-06	0.00e+00	0.00e+00	0.00e+00	0.00e+00
 1.61013e+23	9.31e-01	6.86e-02	8.93e-05	9.32e-06	0.00e+00	0.00e+00	0.00e+00	0.00e+00
 1.61016e+23	9.31e-01	6.85e-02	8.94e-05	9.35e-06	0.00e+00	0.00e+00	0.00e+00	0.00e+00
 1.61020e+23	9.31e-01	6.85e-02	8.96e-05	9.47e-06	0.00e+00	0.00e+00	0.00e+00	0.00e+00
 1.61026e+23	9.31e-01	6.84e-02	8.99e-05	9.60e-06	0.00e+00	0.00e+00	0.00e+00	0.00e+00
 1.61031e+23	9.32e-01	6.84e-02	9.01e-05	9.71e-06	0.00e+00	0.00e+00	0.00e+00	0.00e+00
 1.61038e+23	9.32e-01	6.83e-02	9.03e-05	9.82e-06	0.00e+00	0.00e+00	0.00e+00	0.00e+00
 1.61044e+23	9.32e-01	6.82e-02	9.06e-05	9.93e-06	0.00e+00	0.00e+00	0.00e+00	0.00e+00
 1.61052e+23	9.32e-01	6.82e-02	9.08e-05	1.01e-05	0.00e+00	0.00e+00	0.00e+00	0.00e+00
 1.61060e+23	9.32e-01	6.81e-02	9.10e-05	1.02e-05	0.00e+00	0.00e+00	0.00e+00	0.00e+00
 1.61068e+23	9.32e-01	6.81e-02	9.13e-05	1.03e-05	0.00e+00	0.00e+00	0.00e+00	0.00e+00
 1.61078e+23	9.32e-01	6.80e-02	9.15e-05	1.04e-05	0.00e+00	0.00e+00	0.00e+00	0.00e+00
 1.61088e+23	9.32e-01	6.80e-02	9.18e-05	1.06e-05	0.00e+00	0.00e+00	0.00e+00	0.00e+00
 1.61099e+23	9.32e-01	6.79e-02	9.19e-05	1.07e-05	0.00e+00	0.00e+00	0.00e+00	0.00e+00
 1.61112e+23	9.32e-01	6.79e-02	9.22e-05	1.08e-05	0.00e+00	0.00e+00	0.00e+00	0.00e+00
 1.61125e+23	9.32e-01	6.78e-02	9.24e-05	1.09e-05	0.00e+00	0.00e+00	0.00e+00	0.00e+00
 1.61139e+23	9.32e-01	6.78e-02	9.26e-05	1.10e-05	0.00e+00	0.00e+00	0.00e+00	0.00e+00
 1.61155e+23	9.32e-01	6.77e-02	9.27e-05	1.11e-05	0.00e+00	0.00e+00	0.00e+00	0.00e+00
 1.61172e+23	9.32e-01	6.77e-02	9.30e-05	1.12e-05	0.00e+00	0.00e+00	0.00e+00	0.00e+00
 1.61191e+23	9.32e-01	6.76e-02	9.29e-05	1.12e-05	0.00e+00	0.00e+00	0.00e+00	0.00e+00
 1.61211e+23	9.32e-01	6.76e-02	9.31e-05	1.13e-05	0.00e+00	0.00e+00	0.00e+00	0.00e+00
 1.61235e+23	9.32e-01	6.75e-02	9.32e-05	1.14e-05	0.00e+00	0.00e+00	0.00e+00	0.00e+00
 1.61261e+23	9.32e-01	6.74e-02	9.32e-05	1.14e-05	0.00e+00	0.00e+00	0.00e+00	0.00e+00
 1.61287e+23	9.33e-01	6.74e-02	9.32e-05	1.14e-05	0.00e+00	0.00e+00	0.00e+00	0.00e+00
 1.61317e+23	9.33e-01	6.73e-02	9.33e-05	1.15e-05	0.00e+00	0.00e+00	0.00e+00	0.00e+00
 1.61355e+23	9.33e-01	6.72e-02	9.34e-05	1.15e-05	0.00e+00	0.00e+00	0.00e+00	0.00e+00
 1.61405e+23	9.33e-01	6.70e-02	9.34e-05	1.16e-05	0.00e+00	0.00e+00	0.00e+00	0.00e+00
 1.61471e+23	9.33e-01	6.69e-02	9.34e-05	1.16e-05	0.00e+00	0.00e+00	0.00e+00	0.00e+00
 1.61556e+23	9.33e-01	6.66e-02	9.33e-05	1.16e-05	0.00e+00	0.00e+00	0.00e+00	0.00e+00
 1.61666e+23	9.34e-01	6.64e-02	9.32e-05	1.16e-05	0.00e+00	0.00e+00	0.00e+00	0.00e+00
 1.61809e+23	9.34e-01	6.61e-02	9.30e-05	1.16e-05	0.00e+00	0.00e+00	0.00e+00	0.00e+00
 1.61996e+23	9.34e-01	6.57e-02	9.27e-05	1.15e-05	0.00e+00	0.00e+00	0.00e+00	0.00e+00
 1.62238e+23	9.35e-01	6.53e-02	9.23e-05	1.15e-05	0.00e+00	0.00e+00	0.00e+00	0.00e+00
 1.62553e+23	9.35e-01	6.48e-02	9.18e-05	1.14e-05	0.00e+00	0.00e+00	0.00e+00	0.00e+00
 1.62963e+23	9.36e-01	6.42e-02	9.11e-05	1.13e-05	0.00e+00	0.00e+00	0.00e+00	0.00e+00
 1.63495e+23	9.36e-01	6.35e-02	9.02e-05	1.12e-05	0.00e+00	0.00e+00	0.00e+00	0.00e+00
 1.64187e+23	9.37e-01	6.26e-02	8.90e-05	1.10e-05	0.00e+00	0.00e+00	0.00e+00	0.00e+00
 1.64934e+23	9.38e-01	6.18e-02	8.76e-05	1.08e-05	0.00e+00	0.00e+00	0.00e+00	0.00e+00
 1.65753e+23	9.39e-01	6.08e-02	8.62e-05	1.06e-05	0.00e+00	0.00e+00	0.00e+00	0.00e+00
 1.66637e+23	9.40e-01	5.99e-02	8.47e-05	1.03e-05	0.00e+00	0.00e+00	0.00e+00	0.00e+00
 1.67442e+23	9.41e-01	5.90e-02	8.33e-05	1.01e-05	0.00e+00	0.00e+00	0.00e+00	0.00e+00
 1.68323e+23	9.42e-01	5.80e-02	8.20e-05	9.89e-06	0.00e+00	0.00e+00	0.00e+00	0.00e+00
 1.69275e+23	9.43e-01	5.71e-02	8.04e-05	9.64e-06	0.00e+00	0.00e+00	0.00e+00	0.00e+00
 1.70141e+23	9.44e-01	5.62e-02	7.91e-05	9.42e-06	0.00e+00	0.00e+00	0.00e+00	0.00e+00
 1.71090e+23	9.45e-01	5.52e-02	7.77e-05	9.20e-06	0.00e+00	0.00e+00	0.00e+00	0.00e+00
 1.72114e+23	9.46e-01	5.42e-02	7.62e-05	8.95e-06	0.00e+00	0.00e+00	0.00e+00	0.00e+00
 1.73046e+23	9.47e-01	5.34e-02	7.48e-05	8.72e-06	0.00e+00	0.00e+00	0.00e+00	0.00e+00
 1.74068e+23	9.48e-01	5.24e-02	7.34e-05	8.50e-06	0.00e+00	0.00e+00	0.00e+00	0.00e+00
