#depth	Si	Si+	Si+2	Si+3	Si+4	Si+5	Si+6	Si+7	Si+8	Si+9	Si+10	Si+11	Si+12	Si+13	Si+14
 1.54284e+19	0.00e+00	1.64e-26	2.62e-22	8.66e-19	5.54e-14	1.41e-10	7.69e-08	9.35e-06	4.13e-04	5.68e-03	2.75e-02	9.15e-02	6.59e-01	1.98e-01	1.75e-02
 9.25702e+19	4.06e-36	3.02e-26	4.43e-22	1.34e-18	8.72e-14	2.18e-10	1.15e-07	1.32e-05	5.49e-04	7.10e-03	3.20e-02	9.90e-02	6.62e-01	1.84e-01	1.51e-02
 1.99242e+20	0.00e+00	7.15e-26	9.27e-22	2.45e-18	1.60e-13	3.92e-10	1.97e-07	2.12e-05	8.09e-04	9.59e-03	3.93e-02	1.10e-01	6.62e-01	1.66e-01	1.23e-02
 2.67446e+20	1.77e-35	1.19e-25	1.43e-21	3.50e-18	2.30e-13	5.53e-10	2.70e-07	2.80e-05	1.01e-03	1.14e-02	4.43e-02	1.17e-01	6.60e-01	1.56e-01	1.08e-02
 3.03524e+20	0.00e+00	1.53e-25	1.78e-21	4.20e-18	2.77e-13	6.59e-10	3.18e-07	3.23e-05	1.14e-03	1.25e-02	4.70e-02	1.20e-01	6.59e-01	1.50e-01	1.01e-02
 3.33038e+20	2.88e-35	1.87e-25	2.11e-21	4.86e-18	3.20e-13	7.57e-10	3.60e-07	3.60e-05	1.24e-03	1.33e-02	4.92e-02	1.23e-01	6.58e-01	1.46e-01	9.63e-03
 3.71406e+20	0.00e+00	2.44e-25	2.65e-21	5.87e-18	3.86e-13	9.05e-10	4.24e-07	4.16e-05	1.40e-03	1.46e-02	5.22e-02	1.26e-01	6.55e-01	1.41e-01	9.00e-03
 4.21284e+20	5.50e-35	3.42e-25	3.56e-21	7.49e-18	4.91e-13	1.14e-09	5.23e-07	4.99e-05	1.62e-03	1.63e-02	5.63e-02	1.31e-01	6.52e-01	1.35e-01	8.23e-03
 4.74713e+20	0.00e+00	4.91e-25	4.85e-21	9.69e-18	6.32e-13	1.44e-09	6.52e-07	6.05e-05	1.89e-03	1.84e-02	6.09e-02	1.36e-01	6.47e-01	1.28e-01	7.49e-03
 5.21438e+20	1.12e-34	6.66e-25	6.31e-21	1.21e-17	7.82e-13	1.77e-09	7.84e-07	7.11e-05	2.15e-03	2.03e-02	6.50e-02	1.40e-01	6.43e-01	1.22e-01	6.90e-03
 5.62519e+20	0.00e+00	8.65e-25	7.91e-21	1.46e-17	9.38e-13	2.10e-09	9.19e-07	8.16e-05	2.41e-03	2.21e-02	6.87e-02	1.44e-01	6.39e-01	1.18e-01	6.43e-03
 6.07586e+20	1.98e-34	1.14e-24	1.01e-20	1.79e-17	1.14e-12	2.53e-09	1.09e-06	9.45e-05	2.71e-03	2.41e-02	7.28e-02	1.48e-01	6.34e-01	1.13e-01	5.95e-03
 6.66172e+20	0.00e+00	1.64e-24	1.38e-20	2.32e-17	1.46e-12	3.20e-09	1.35e-06	1.14e-04	3.15e-03	2.70e-02	7.83e-02	1.52e-01	6.27e-01	1.07e-01	5.39e-03
 7.25704e+20	4.29e-34	2.37e-24	1.89e-20	3.02e-17	1.87e-12	4.05e-09	1.67e-06	1.38e-04	3.66e-03	3.03e-02	8.42e-02	1.57e-01	6.19e-01	1.01e-01	4.86e-03
 7.71521e+20	0.00e+00	3.10e-24	2.39e-20	3.68e-17	2.25e-12	4.81e-09	1.96e-06	1.58e-04	4.07e-03	3.28e-02	8.86e-02	1.61e-01	6.13e-01	9.65e-02	4.51e-03
 8.16137e+20	7.41e-34	3.99e-24	2.98e-20	4.43e-17	2.69e-12	5.66e-09	2.27e-06	1.79e-04	4.51e-03	3.54e-02	9.30e-02	1.64e-01	6.06e-01	9.25e-02	4.19e-03
 8.74138e+20	0.00e+00	5.54e-24	3.96e-20	5.64e-17	3.36e-12	6.99e-09	2.75e-06	2.12e-04	5.15e-03	3.91e-02	9.88e-02	1.68e-01	5.97e-01	8.75e-02	3.81e-03
 9.32289e+20	1.48e-33	7.71e-24	5.28e-20	7.18e-17	4.18e-12	8.59e-09	3.33e-06	2.49e-04	5.86e-03	4.30e-02	1.05e-01	1.72e-01	5.88e-01	8.28e-02	3.46e-03
 9.75786e+20	0.00e+00	9.79e-24	6.50e-20	8.55e-17	4.91e-12	9.98e-09	3.81e-06	2.81e-04	6.43e-03	4.60e-02	1.09e-01	1.75e-01	5.81e-01	7.94e-02	3.23e-03
 1.01748e+21	2.40e-33	1.22e-23	7.87e-20	1.01e-16	5.71e-12	1.15e-08	4.33e-06	3.13e-04	7.01e-03	4.90e-02	1.14e-01	1.77e-01	5.74e-01	7.63e-02	3.02e-03
 1.07169e+21	0.00e+00	1.62e-23	1.01e-19	1.24e-16	6.91e-12	1.37e-08	5.09e-06	3.60e-04	7.82e-03	5.31e-02	1.19e-01	1.80e-01	5.64e-01	7.25e-02	2.77e-03
 1.13076e+21	4.48e-33	2.22e-23	1.33e-19	1.56e-16	8.49e-12	1.66e-08	6.06e-06	4.19e-04	8.80e-03	5.78e-02	1.26e-01	1.83e-01	5.53e-01	6.84e-02	2.52e-03
 1.18205e+21	0.00e+00	2.89e-23	1.67e-19	1.90e-16	1.01e-11	1.96e-08	7.02e-06	4.75e-04	9.71e-03	6.21e-02	1.31e-01	1.86e-01	5.44e-01	6.51e-02	2.32e-03
 1.23463e+21	7.72e-33	3.74e-23	2.09e-19	2.30e-16	1.20e-11	2.30e-08	8.12e-06	5.39e-04	1.07e-02	6.66e-02	1.36e-01	1.88e-01	5.34e-01	6.19e-02	2.14e-03
 1.29308e+21	0.00e+00	5.01e-23	2.70e-19	2.86e-16	1.46e-11	2.75e-08	9.54e-06	6.18e-04	1.19e-02	7.18e-02	1.42e-01	1.91e-01	5.22e-01	5.85e-02	1.95e-03
 1.34375e+21	1.36e-32	6.42e-23	3.35e-19	3.43e-16	1.71e-11	3.19e-08	1.09e-05	6.95e-04	1.30e-02	7.66e-02	1.48e-01	1.92e-01	5.12e-01	5.56e-02	1.80e-03
 1.38611e+21	0.00e+00	7.83e-23	3.99e-19	3.98e-16	1.95e-11	3.61e-08	1.22e-05	7.62e-04	1.40e-02	8.05e-02	1.52e-01	1.94e-01	5.04e-01	5.34e-02	1.69e-03
 1.43311e+21	2.09e-32	9.74e-23	4.83e-19	4.69e-16	2.26e-11	4.12e-08	1.37e-05	8.44e-04	1.51e-02	8.50e-02	1.57e-01	1.95e-01	4.95e-01	5.10e-02	1.57e-03
 1.49421e+21	0.00e+00	1.29e-22	6.19e-19	5.78e-16	2.72e-11	4.89e-08	1.60e-05	9.62e-04	1.67e-02	9.12e-02	1.63e-01	1.97e-01	4.82e-01	4.81e-02	1.43e-03
 1.55776e+21	3.79e-32	1.73e-22	8.00e-19	7.19e-16	3.28e-11	5.82e-08	1.87e-05	1.10e-03	1.85e-02	9.78e-02	1.69e-01	1.98e-01	4.69e-01	4.52e-02	1.30e-03
 1.60921e+21	0.00e+00	2.17e-22	9.77e-19	8.53e-16	3.81e-11	6.67e-08	2.11e-05	1.22e-03	2.00e-02	1.03e-01	1.74e-01	1.99e-01	4.59e-01	4.29e-02	1.20e-03
 1.66081e+21	6.03e-32	2.71e-22	1.19e-18	1.01e-15	4.41e-11	7.62e-08	2.38e-05	1.34e-03	2.15e-02	1.09e-01	1.79e-01	1.99e-01	4.49e-01	4.08e-02	1.11e-03
 1.72790e+21	0.00e+00	3.62e-22	1.53e-18	1.25e-15	5.32e-11	9.05e-08	2.77e-05	1.53e-03	2.37e-02	1.16e-01	1.85e-01	2.00e-01	4.35e-01	3.82e-02	1.00e-03
 1.79771e+21	1.11e-31	4.88e-22	1.99e-18	1.56e-15	6.44e-11	1.08e-07	3.24e-05	1.75e-03	2.62e-02	1.24e-01	1.91e-01	2.00e-01	4.21e-01	3.56e-02	9.01e-04
 1.85458e+21	0.00e+00	6.16e-22	2.44e-18	1.86e-15	7.50e-11	1.24e-07	3.65e-05	1.93e-03	2.82e-02	1.30e-01	1.95e-01	2.00e-01	4.09e-01	3.37e-02	8.28e-04
 1.90362e+21	1.73e-31	7.50e-22	2.90e-18	2.16e-15	8.52e-11	1.39e-07	4.05e-05	2.11e-03	3.01e-02	1.36e-01	1.99e-01	2.00e-01	4.00e-01	3.21e-02	7.70e-04
 1.95901e+21	0.00e+00	9.34e-22	3.52e-18	2.55e-15	9.84e-11	1.58e-07	4.54e-05	2.32e-03	3.23e-02	1.42e-01	2.04e-01	1.99e-01	3.89e-01	3.04e-02	7.10e-04
 2.03102e+21	2.91e-31	1.24e-21	4.52e-18	3.16e-15	1.18e-10	1.87e-07	5.25e-05	2.61e-03	3.53e-02	1.51e-01	2.09e-01	1.98e-01	3.75e-01	2.83e-02	6.39e-04
 2.10385e+21	0.00e+00	1.65e-21	5.81e-18	3.91e-15	1.42e-10	2.20e-07	6.07e-05	2.95e-03	3.85e-02	1.60e-01	2.14e-01	1.97e-01	3.61e-01	2.63e-02	5.74e-04
 2.16038e+21	4.86e-31	2.04e-21	6.99e-18	4.59e-15	1.63e-10	2.49e-07	6.75e-05	3.22e-03	4.10e-02	1.66e-01	2.18e-01	1.96e-01	3.50e-01	2.49e-02	5.29e-04
 2.21648e+21	0.00e+00	2.50e-21	8.37e-18	5.35e-15	1.86e-10	2.81e-07	7.49e-05	3.51e-03	4.36e-02	1.73e-01	2.21e-01	1.95e-01	3.40e-01	2.36e-02	4.88e-04
 2.28941e+21	7.89e-31	3.26e-21	1.06e-17	6.55e-15	2.21e-10	3.27e-07	8.57e-05	3.91e-03	4.72e-02	1.82e-01	2.25e-01	1.93e-01	3.26e-01	2.19e-02	4.39e-04
 2.36710e+21	0.00e+00	4.32e-21	1.36e-17	8.09e-15	2.64e-10	3.84e-07	9.85e-05	4.39e-03	5.12e-02	1.91e-01	2.30e-01	1.91e-01	3.12e-01	2.02e-02	3.92e-04
 2.43372e+21	1.34e-30	5.44e-21	1.67e-17	9.65e-15	3.07e-10	4.39e-07	1.10e-04	4.81e-03	5.47e-02	1.99e-01	2.33e-01	1.89e-01	3.01e-01	1.89e-02	3.57e-04
 2.50308e+21	0.00e+00	6.88e-21	2.05e-17	1.15e-14	3.57e-10	5.03e-07	1.24e-04	5.29e-03	5.85e-02	2.07e-01	2.36e-01	1.86e-01	2.89e-01	1.77e-02	3.23e-04
 2.59324e+21	2.34e-30	9.32e-21	2.68e-17	1.45e-14	4.34e-10	5.98e-07	1.44e-04	5.97e-03	6.37e-02	2.18e-01	2.39e-01	1.83e-01	2.74e-01	1.61e-02	2.84e-04
 2.68648e+21	0.00e+00	1.27e-20	3.52e-17	1.83e-14	5.28e-10	7.11e-07	1.67e-04	6.73e-03	6.92e-02	2.29e-01	2.42e-01	1.79e-01	2.59e-01	1.47e-02	2.49e-04
 2.76325e+21	4.15e-30	1.63e-20	4.37e-17	2.21e-14	6.18e-10	8.17e-07	1.88e-04	7.40e-03	7.39e-02	2.37e-01	2.44e-01	1.76e-01	2.47e-01	1.36e-02	2.23e-04
 2.84256e+21	0.00e+00	2.08e-20	5.43e-17	2.66e-14	7.24e-10	9.40e-07	2.12e-04	8.14e-03	7.89e-02	2.46e-01	2.46e-01	1.72e-01	2.35e-01	1.25e-02	2.00e-04
 2.94566e+21	7.43e-30	2.86e-20	7.20e-17	3.38e-14	8.87e-10	1.12e-06	2.47e-04	9.19e-03	8.57e-02	2.58e-01	2.48e-01	1.68e-01	2.21e-01	1.13e-02	1.73e-04
 3.04728e+21	0.00e+00	3.92e-20	9.49e-17	4.27e-14	1.08e-09	1.33e-06	2.85e-04	1.03e-02	9.26e-02	2.68e-01	2.49e-01	1.63e-01	2.07e-01	1.02e-02	1.49e-04
 3.12430e+21	1.30e-29	4.91e-20	1.16e-16	5.06e-14	1.24e-09	1.51e-06	3.17e-04	1.12e-02	9.79e-02	2.76e-01	2.49e-01	1.59e-01	1.97e-01	9.38e-03	1.34e-04
 3.20175e+21	0.00e+00	6.12e-20	1.40e-16	5.97e-14	1.43e-09	1.70e-06	3.51e-04	1.22e-02	1.03e-01	2.84e-01	2.49e-01	1.55e-01	1.87e-01	8.67e-03	1.20e-04
 3.30245e+21	2.19e-29	8.16e-20	1.81e-16	7.40e-14	1.71e-09	1.99e-06	4.01e-04	1.35e-02	1.11e-01	2.94e-01	2.49e-01	1.50e-01	1.75e-01	7.80e-03	1.04e-04
 3.41320e+21	0.00e+00	1.12e-19	2.38e-16	9.33e-14	2.07e-09	2.36e-06	4.61e-04	1.51e-02	1.19e-01	3.04e-01	2.48e-01	1.45e-01	1.62e-01	6.94e-03	8.92e-05
 3.51374e+21	4.01e-29	1.47e-19	3.03e-16	1.14e-13	2.44e-09	2.73e-06	5.22e-04	1.66e-02	1.26e-01	3.13e-01	2.47e-01	1.39e-01	1.51e-01	6.24e-03	7.73e-05
 3.62118e+21	0.00e+00	1.95e-19	3.88e-16	1.41e-13	2.91e-09	3.18e-06	5.93e-04	1.84e-02	1.35e-01	3.22e-01	2.45e-01	1.34e-01	1.40e-01	5.58e-03	6.64e-05
 3.76086e+21	7.82e-29	2.81e-19	5.34e-16	1.85e-13	3.63e-09	3.85e-06	6.96e-04	2.08e-02	1.46e-01	3.33e-01	2.41e-01	1.27e-01	1.27e-01	4.80e-03	5.45e-05
 3.90026e+21	0.00e+00	4.05e-19	7.34e-16	2.41e-13	4.50e-09	4.64e-06	8.14e-04	2.35e-02	1.57e-01	3.43e-01	2.37e-01	1.20e-01	1.15e-01	4.12e-03	4.45e-05
 4.00607e+21	1.49e-28	5.26e-19	9.22e-16	2.92e-13	5.26e-09	5.31e-06	9.11e-04	2.57e-02	1.66e-01	3.50e-01	2.34e-01	1.15e-01	1.06e-01	3.68e-03	3.83e-05
 4.11037e+21	0.00e+00	6.76e-19	1.15e-15	3.51e-13	6.12e-09	6.05e-06	1.02e-03	2.79e-02	1.74e-01	3.56e-01	2.30e-01	1.10e-01	9.83e-02	3.29e-03	3.30e-05
 4.24595e+21	2.69e-28	9.39e-19	1.53e-15	4.46e-13	7.42e-09	7.14e-06	1.17e-03	3.11e-02	1.85e-01	3.63e-01	2.25e-01	1.03e-01	8.87e-02	2.83e-03	2.72e-05
 4.39244e+21	0.00e+00	1.33e-18	2.07e-15	5.75e-13	9.07e-09	8.49e-06	1.35e-03	3.48e-02	1.97e-01	3.70e-01	2.19e-01	9.64e-02	7.93e-02	2.41e-03	2.20e-05
 4.51998e+21	5.18e-28	1.79e-18	2.67e-15	7.12e-13	1.07e-08	9.83e-06	1.52e-03	3.81e-02	2.08e-01	3.75e-01	2.13e-01	9.08e-02	7.19e-02	2.09e-03	1.83e-05
 4.62779e+21	6.63e-28	2.29e-18	3.30e-15	8.49e-13	1.24e-08	1.11e-05	1.68e-03	4.11e-02	2.17e-01	3.78e-01	2.08e-01	8.63e-02	6.62e-02	1.86e-03	1.57e-05
 4.74307e+21	8.59e-28	2.95e-18	4.12e-15	1.02e-12	1.43e-08	1.26e-05	1.86e-03	4.46e-02	2.26e-01	3.81e-01	2.02e-01	8.16e-02	6.05e-02	1.64e-03	1.33e-05
 4.89293e+21	1.20e-27	4.11e-18	5.48e-15	1.29e-12	1.73e-08	1.47e-05	2.12e-03	4.93e-02	2.39e-01	3.84e-01	1.95e-01	7.57e-02	5.37e-02	1.38e-03	1.07e-05
 5.04350e+21	1.68e-27	5.74e-18	7.31e-15	1.64e-12	2.07e-08	1.72e-05	2.41e-03	5.44e-02	2.51e-01	3.86e-01	1.87e-01	7.01e-02	4.76e-02	1.17e-03	8.60e-06
 5.15923e+21	2.14e-27	7.33e-18	9.03e-15	1.96e-12	2.38e-08	1.94e-05	2.65e-03	5.84e-02	2.60e-01	3.87e-01	1.81e-01	6.61e-02	4.35e-02	1.03e-03	7.30e-06
 5.27393e+21	2.72e-27	9.28e-18	1.11e-14	2.32e-12	2.72e-08	2.17e-05	2.91e-03	6.26e-02	2.69e-01	3.87e-01	1.75e-01	6.23e-02	3.97e-02	9.04e-04	6.20e-06
 5.42304e+21	3.71e-27	1.26e-17	1.45e-14	2.89e-12	3.23e-08	2.51e-05	3.27e-03	6.85e-02	2.80e-01	3.87e-01	1.68e-01	5.76e-02	3.52e-02	7.64e-04	4.99e-06
 5.58174e+21	5.15e-27	1.76e-17	1.92e-14	3.66e-12	3.87e-08	2.92e-05	3.70e-03	7.51e-02	2.92e-01	3.85e-01	1.59e-01	5.29e-02	3.09e-02	6.39e-04	3.97e-06
 5.71745e+21	6.76e-27	2.31e-17	2.43e-14	4.45e-12	4.51e-08	3.31e-05	4.09e-03	8.09e-02	3.02e-01	3.83e-01	1.52e-01	4.92e-02	2.77e-02	5.49e-04	3.28e-06
 5.85839e+21	8.88e-27	3.04e-17	3.08e-14	5.42e-12	5.26e-08	3.76e-05	4.54e-03	8.74e-02	3.12e-01	3.80e-01	1.45e-01	4.56e-02	2.47e-02	4.69e-04	2.68e-06
 6.04162e+21	1.27e-26	4.35e-17	4.20e-14	7.02e-12	6.42e-08	4.43e-05	5.17e-03	9.63e-02	3.25e-01	3.75e-01	1.36e-01	4.12e-02	2.12e-02	3.81e-04	2.06e-06
 6.22995e+21	1.82e-26	6.27e-17	5.77e-14	9.15e-12	7.86e-08	5.23e-05	5.90e-03	1.06e-01	3.37e-01	3.69e-01	1.27e-01	3.71e-02	1.82e-02	3.09e-04	1.58e-06
 6.38139e+21	2.41e-26	8.31e-17	7.37e-14	1.12e-11	9.20e-08	5.95e-05	6.52e-03	1.14e-01	3.46e-01	3.63e-01	1.20e-01	3.41e-02	1.61e-02	2.61e-04	1.28e-06
 6.53472e+21	3.18e-26	1.10e-16	9.39e-14	1.38e-11	1.08e-07	6.77e-05	7.21e-03	1.22e-01	3.55e-01	3.57e-01	1.13e-01	3.12e-02	1.42e-02	2.20e-04	1.03e-06
 6.73406e+21	4.57e-26	1.59e-16	1.29e-13	1.80e-11	1.33e-07	8.00e-05	8.21e-03	1.34e-01	3.66e-01	3.47e-01	1.04e-01	2.78e-02	1.20e-02	1.76e-04	7.79e-07
 6.94282e+21	6.66e-26	2.32e-16	1.80e-13	2.38e-11	1.64e-07	9.48e-05	9.35e-03	1.47e-01	3.76e-01	3.37e-01	9.55e-02	2.47e-02	1.01e-02	1.40e-04	0.00e+00
 7.11555e+21	9.00e-26	3.12e-16	2.33e-13	2.97e-11	1.95e-07	1.09e-04	1.04e-02	1.58e-01	3.83e-01	3.28e-01	8.89e-02	2.24e-02	8.78e-03	1.16e-04	0.00e+00
 7.26587e+21	1.16e-25	4.04e-16	2.92e-13	3.59e-11	2.26e-07	1.22e-04	1.13e-02	1.68e-01	3.89e-01	3.20e-01	8.34e-02	2.05e-02	7.77e-03	9.84e-05	0.00e+00
 7.43537e+21	1.55e-25	5.38e-16	3.76e-13	4.45e-11	2.67e-07	1.39e-04	1.25e-02	1.79e-01	3.95e-01	3.10e-01	7.73e-02	1.85e-02	6.75e-03	8.16e-05	0.00e+00
 7.65571e+21	2.25e-25	7.79e-16	5.20e-13	5.88e-11	3.31e-07	1.65e-04	1.42e-02	1.95e-01	4.02e-01	2.97e-01	7.00e-02	1.63e-02	5.61e-03	6.40e-05	0.00e+00
 7.86977e+21	3.21e-25	1.11e-15	7.09e-13	7.66e-11	4.05e-07	1.93e-04	1.59e-02	2.10e-01	4.07e-01	2.84e-01	6.36e-02	1.43e-02	4.72e-03	5.09e-05	0.00e+00
 8.02473e+21	4.09e-25	1.41e-15	8.78e-13	9.20e-11	4.68e-07	2.15e-04	1.72e-02	2.21e-01	4.09e-01	2.75e-01	5.93e-02	1.31e-02	4.16e-03	4.32e-05	0.00e+00
 8.17523e+21	5.13e-25	1.77e-15	1.07e-12	1.09e-10	5.36e-07	2.39e-04	1.86e-02	2.32e-01	4.11e-01	2.66e-01	5.54e-02	1.20e-02	3.69e-03	3.70e-05	0.00e+00
 8.37087e+21	6.91e-25	2.39e-15	1.40e-12	1.38e-10	6.41e-07	2.74e-04	2.05e-02	2.47e-01	4.13e-01	2.54e-01	5.04e-02	1.07e-02	3.14e-03	3.00e-05	0.00e+00
 8.58365e+21	9.49e-25	3.29e-15	1.86e-12	1.76e-10	7.74e-07	3.16e-04	2.27e-02	2.63e-01	4.14e-01	2.42e-01	4.56e-02	9.38e-03	2.65e-03	2.40e-05	0.00e+00
 8.77239e+21	1.24e-24	4.31e-15	2.36e-12	2.16e-10	9.08e-07	3.57e-04	2.47e-02	2.77e-01	4.14e-01	2.31e-01	4.18e-02	8.40e-03	2.28e-03	1.98e-05	0.00e+00
 8.97143e+21	1.63e-24	5.68e-15	3.02e-12	2.69e-10	1.08e-06	4.06e-04	2.70e-02	2.92e-01	4.13e-01	2.20e-01	3.80e-02	7.47e-03	1.95e-03	1.61e-05	0.00e+00
 9.23018e+21	2.31e-24	8.11e-15	4.15e-12	3.54e-10	1.33e-06	4.76e-04	3.02e-02	3.12e-01	4.11e-01	2.05e-01	3.35e-02	6.40e-03	1.59e-03	1.24e-05	0.00e+00
 9.49076e+21	3.24e-24	1.15e-14	5.66e-12	4.63e-10	1.64e-06	5.55e-04	3.36e-02	3.30e-01	4.07e-01	1.92e-01	2.97e-02	5.50e-03	1.30e-03	9.58e-06	0.00e+00
 9.69403e+21	4.18e-24	1.48e-14	7.10e-12	5.65e-10	1.91e-06	6.22e-04	3.63e-02	3.44e-01	4.04e-01	1.82e-01	2.70e-02	4.90e-03	1.11e-03	7.88e-06	0.00e+00
 9.89858e+21	5.36e-24	1.90e-14	8.89e-12	6.88e-10	2.23e-06	6.98e-04	3.92e-02	3.59e-01	3.99e-01	1.72e-01	2.45e-02	4.35e-03	9.53e-04	6.46e-06	0.00e+00
 1.01645e+22	7.36e-24	2.62e-14	1.19e-11	8.88e-10	2.72e-06	8.07e-04	4.32e-02	3.77e-01	3.93e-01	1.60e-01	2.15e-02	3.72e-03	7.78e-04	4.99e-06	0.00e+00
 1.04494e+22	1.02e-23	3.66e-14	1.61e-11	1.16e-09	3.32e-06	9.34e-04	4.76e-02	3.96e-01	3.85e-01	1.48e-01	1.88e-02	3.16e-03	6.29e-04	3.82e-06	0.00e+00
 1.06985e+22	1.33e-23	4.83e-14	2.06e-11	1.44e-09	3.93e-06	1.06e-03	5.16e-02	4.12e-01	3.78e-01	1.38e-01	1.68e-02	2.75e-03	5.25e-04	3.04e-06	0.00e+00
 1.09616e+22	1.75e-23	6.40e-14	2.66e-11	1.80e-09	4.68e-06	1.20e-03	5.60e-02	4.28e-01	3.70e-01	1.28e-01	1.48e-02	2.37e-03	4.34e-04	2.38e-06	0.00e+00
 1.12416e+22	2.33e-23	8.62e-14	3.48e-11	2.29e-09	5.61e-06	1.37e-03	6.09e-02	4.44e-01	3.60e-01	1.18e-01	1.30e-02	2.03e-03	3.54e-04	1.85e-06	0.00e+00
 1.14797e+22	2.92e-23	1.09e-13	4.31e-11	2.76e-09	6.48e-06	1.52e-03	6.50e-02	4.57e-01	3.52e-01	1.11e-01	1.17e-02	1.78e-03	3.01e-04	1.51e-06	0.00e+00
 1.17253e+22	3.67e-23	1.39e-13	5.35e-11	3.35e-09	7.53e-06	1.69e-03	6.96e-02	4.70e-01	3.44e-01	1.03e-01	1.04e-02	1.56e-03	2.54e-04	1.22e-06	0.00e+00
 1.20447e+22	4.88e-23	1.88e-13	7.07e-11	4.29e-09	9.09e-06	1.93e-03	7.56e-02	4.86e-01	3.32e-01	9.38e-02	9.01e-03	1.31e-03	2.03e-04	9.22e-07	0.00e+00
 1.23706e+22	6.47e-23	2.55e-13	9.31e-11	5.47e-09	1.09e-05	2.20e-03	8.19e-02	5.01e-01	3.21e-01	8.56e-02	7.80e-03	1.10e-03	1.63e-04	0.00e+00	0.00e+00
 1.26305e+22	7.99e-23	3.20e-13	1.15e-10	6.57e-09	1.26e-05	2.42e-03	8.70e-02	5.12e-01	3.11e-01	7.96e-02	6.97e-03	9.65e-04	1.38e-04	0.00e+00	0.00e+00
 1.28937e+22	9.85e-23	4.00e-13	1.40e-10	7.88e-09	1.45e-05	2.67e-03	9.24e-02	5.22e-01	3.02e-01	7.38e-02	6.20e-03	8.41e-04	1.16e-04	0.00e+00	0.00e+00
 1.32358e+22	1.29e-22	5.33e-13	1.82e-10	9.97e-09	1.73e-05	3.03e-03	9.95e-02	5.35e-01	2.89e-01	6.69e-02	5.34e-03	7.05e-04	9.30e-05	0.00e+00	0.00e+00
 1.35938e+22	1.68e-22	7.14e-13	2.38e-10	1.26e-08	2.06e-05	3.43e-03	1.07e-01	5.47e-01	2.77e-01	6.05e-02	4.58e-03	5.89e-04	7.42e-05	0.00e+00	0.00e+00
 1.38933e+22	2.08e-22	9.00e-13	2.95e-10	1.53e-08	2.38e-05	3.78e-03	1.13e-01	5.56e-01	2.67e-01	5.57e-02	4.04e-03	5.09e-04	6.18e-05	0.00e+00	0.00e+00
 1.42034e+22	2.58e-22	1.13e-12	3.64e-10	1.85e-08	2.75e-05	4.19e-03	1.20e-01	5.64e-01	2.56e-01	5.11e-02	3.55e-03	4.37e-04	5.11e-05	0.00e+00	0.00e+00
 1.46066e+22	3.40e-22	1.52e-12	4.77e-10	2.36e-08	3.31e-05	4.75e-03	1.29e-01	5.74e-01	2.43e-01	4.56e-02	3.00e-03	3.59e-04	4.00e-05	0.00e+00	0.00e+00
 1.50221e+22	4.46e-22	2.05e-12	6.27e-10	3.01e-08	3.97e-05	5.38e-03	1.39e-01	5.82e-01	2.30e-01	4.07e-02	2.53e-03	2.95e-04	3.14e-05	0.00e+00	0.00e+00
 1.53631e+22	5.51e-22	2.58e-12	7.75e-10	3.64e-08	4.58e-05	5.93e-03	1.46e-01	5.88e-01	2.20e-01	3.71e-02	2.21e-03	2.52e-04	2.58e-05	0.00e+00	0.00e+00
 1.57159e+22	6.84e-22	3.23e-12	9.56e-10	4.41e-08	5.30e-05	6.54e-03	1.54e-01	5.94e-01	2.10e-01	3.37e-02	1.92e-03	2.15e-04	2.11e-05	0.00e+00	0.00e+00
 1.61745e+22	9.01e-22	4.33e-12	1.25e-09	5.65e-08	6.38e-05	7.41e-03	1.65e-01	5.99e-01	1.97e-01	2.98e-02	1.61e-03	1.74e-04	1.63e-05	0.00e+00	0.00e+00
 1.66542e+22	1.19e-21	5.83e-12	1.65e-09	7.25e-08	7.67e-05	8.38e-03	1.76e-01	6.03e-01	1.84e-01	2.62e-02	1.34e-03	1.41e-04	1.26e-05	0.00e+00	0.00e+00
 1.70514e+22	1.48e-21	7.36e-12	2.05e-09	8.83e-08	8.88e-05	9.24e-03	1.86e-01	6.06e-01	1.74e-01	2.36e-02	1.15e-03	1.19e-04	1.02e-05	0.00e+00	0.00e+00
 1.74579e+22	1.84e-21	9.23e-12	2.54e-09	1.07e-07	1.03e-04	1.02e-02	1.95e-01	6.07e-01	1.65e-01	2.12e-02	9.91e-04	1.00e-04	8.24e-06	0.00e+00	0.00e+00
 1.79863e+22	2.45e-21	1.24e-11	3.33e-09	1.38e-07	1.24e-04	1.15e-02	2.08e-01	6.08e-01	1.53e-01	1.85e-02	8.15e-04	8.01e-05	6.26e-06	0.00e+00	0.00e+00
 1.85370e+22	3.26e-21	1.67e-11	4.41e-09	1.78e-07	1.49e-04	1.30e-02	2.21e-01	6.07e-01	1.42e-01	1.61e-02	6.69e-04	6.39e-05	4.75e-06	0.00e+00	0.00e+00
 1.89895e+22	4.08e-21	2.11e-11	5.50e-09	2.18e-07	1.73e-04	1.44e-02	2.32e-01	6.06e-01	1.33e-01	1.43e-02	5.69e-04	5.32e-05	3.79e-06	0.00e+00	0.00e+00
 1.94505e+22	5.14e-21	2.64e-11	6.79e-09	2.64e-07	2.01e-04	1.58e-02	2.43e-01	6.03e-01	1.24e-01	1.28e-02	4.86e-04	4.45e-05	3.04e-06	0.00e+00	0.00e+00
 2.00499e+22	6.95e-21	3.53e-11	8.92e-09	3.40e-07	2.42e-04	1.78e-02	2.57e-01	5.99e-01	1.14e-01	1.10e-02	3.96e-04	3.52e-05	2.29e-06	0.00e+00	0.00e+00
 2.06180e+22	9.08e-21	4.64e-11	1.15e-08	4.30e-07	2.86e-04	1.99e-02	2.71e-01	5.94e-01	1.06e-01	9.60e-03	3.27e-04	2.84e-05	1.76e-06	0.00e+00	0.00e+00
 2.10090e+22	1.08e-20	5.52e-11	1.36e-08	5.00e-07	3.20e-04	2.13e-02	2.80e-01	5.90e-01	1.00e-01	8.75e-03	2.88e-04	2.46e-05	1.48e-06	0.00e+00	0.00e+00
 2.13811e+22	1.28e-20	6.47e-11	1.58e-08	5.76e-07	3.56e-04	2.28e-02	2.88e-01	5.85e-01	9.49e-02	8.00e-03	2.55e-04	2.15e-05	1.25e-06	0.00e+00	0.00e+00
 2.18649e+22	1.63e-20	7.98e-11	1.93e-08	6.94e-07	4.08e-04	2.49e-02	3.00e-01	5.79e-01	8.85e-02	7.13e-03	2.18e-04	1.80e-05	1.01e-06	0.00e+00	0.00e+00
 2.24093e+22	2.10e-20	1.01e-10	2.40e-08	8.51e-07	4.73e-04	2.73e-02	3.12e-01	5.71e-01	8.20e-02	6.27e-03	1.84e-04	1.49e-05	7.97e-07	0.00e+00	0.00e+00
 2.29201e+22	2.64e-20	1.24e-10	2.93e-08	1.02e-06	5.40e-04	2.98e-02	3.24e-01	5.64e-01	7.63e-02	5.58e-03	1.57e-04	1.24e-05	0.00e+00	0.00e+00	0.00e+00
 2.34719e+22	3.40e-20	1.53e-10	3.59e-08	1.24e-06	6.23e-04	3.25e-02	3.36e-01	5.55e-01	7.06e-02	4.91e-03	1.32e-04	1.03e-05	0.00e+00	0.00e+00	0.00e+00
 2.41893e+22	4.79e-20	2.01e-10	4.66e-08	1.58e-06	7.43e-04	3.63e-02	3.51e-01	5.43e-01	6.39e-02	4.18e-03	1.07e-04	8.13e-06	0.00e+00	0.00e+00	0.00e+00
 2.49073e+22	6.47e-20	2.64e-10	6.05e-08	2.02e-06	8.84e-04	4.04e-02	3.67e-01	5.31e-01	5.78e-02	3.56e-03	8.64e-05	6.42e-06	0.00e+00	0.00e+00	0.00e+00
 2.54628e+22	8.11e-20	3.21e-10	7.30e-08	2.41e-06	1.00e-03	4.37e-02	3.78e-01	5.21e-01	5.36e-02	3.16e-03	7.38e-05	5.39e-06	0.00e+00	0.00e+00	0.00e+00
 2.60214e+22	1.06e-19	3.88e-10	8.75e-08	2.86e-06	1.14e-03	4.72e-02	3.89e-01	5.10e-01	4.96e-02	2.80e-03	6.30e-05	4.52e-06	0.00e+00	0.00e+00	0.00e+00
 2.67476e+22	1.43e-19	4.95e-10	1.11e-07	3.57e-06	1.34e-03	5.20e-02	4.03e-01	4.96e-01	4.49e-02	2.40e-03	5.15e-05	3.62e-06	0.00e+00	0.00e+00	0.00e+00
 2.75092e+22	1.96e-19	6.37e-10	1.41e-07	4.49e-06	1.58e-03	5.74e-02	4.17e-01	4.82e-01	4.05e-02	2.04e-03	4.18e-05	2.88e-06	0.00e+00	0.00e+00	0.00e+00
 2.81579e+22	2.54e-19	7.81e-10	1.72e-07	5.41e-06	1.80e-03	6.21e-02	4.28e-01	4.69e-01	3.71e-02	1.79e-03	3.52e-05	2.38e-06	0.00e+00	0.00e+00	0.00e+00
 2.88421e+22	3.33e-19	9.58e-10	2.09e-07	6.53e-06	2.07e-03	6.74e-02	4.40e-01	4.55e-01	3.38e-02	1.56e-03	2.94e-05	1.95e-06	0.00e+00	0.00e+00	0.00e+00
 2.97316e+22	4.79e-19	1.24e-09	2.69e-07	8.32e-06	2.45e-03	7.46e-02	4.54e-01	4.38e-01	3.00e-02	1.30e-03	2.35e-05	1.52e-06	0.00e+00	0.00e+00	0.00e+00
 3.06315e+22	6.58e-19	1.62e-09	3.48e-07	1.06e-05	2.91e-03	8.23e-02	4.67e-01	4.20e-01	2.66e-02	1.09e-03	1.87e-05	1.19e-06	0.00e+00	0.00e+00	0.00e+00
 3.13616e+22	8.34e-19	1.98e-09	4.23e-07	1.28e-05	3.32e-03	8.88e-02	4.77e-01	4.06e-01	2.42e-02	9.48e-04	1.56e-05	9.77e-07	0.00e+00	0.00e+00	0.00e+00
 3.21270e+22	1.10e-18	2.42e-09	5.14e-07	1.54e-05	3.80e-03	9.59e-02	4.86e-01	3.91e-01	2.19e-02	8.19e-04	1.30e-05	0.00e+00	0.00e+00	0.00e+00	0.00e+00
 3.31220e+22	1.54e-18	3.14e-09	6.61e-07	1.96e-05	4.51e-03	1.06e-01	4.98e-01	3.72e-01	1.92e-02	6.80e-04	1.03e-05	0.00e+00	0.00e+00	0.00e+00	0.00e+00
 3.40415e+22	2.06e-18	3.99e-09	8.36e-07	2.46e-05	5.25e-03	1.15e-01	5.07e-01	3.55e-01	1.70e-02	5.73e-04	8.31e-06	0.00e+00	0.00e+00	0.00e+00	0.00e+00
 3.46763e+22	2.46e-18	4.64e-09	9.67e-07	2.84e-05	5.82e-03	1.21e-01	5.13e-01	3.44e-01	1.57e-02	5.10e-04	7.20e-06	0.00e+00	0.00e+00	0.00e+00	0.00e+00
 3.53153e+22	2.95e-18	5.38e-09	1.12e-06	3.27e-05	6.43e-03	1.28e-01	5.18e-01	3.32e-01	1.44e-02	4.55e-04	6.24e-06	0.00e+00	0.00e+00	0.00e+00	0.00e+00
 3.61459e+22	3.86e-18	6.56e-09	1.35e-06	3.93e-05	7.31e-03	1.37e-01	5.24e-01	3.17e-01	1.29e-02	3.93e-04	5.20e-06	0.00e+00	0.00e+00	0.00e+00	0.00e+00
 3.70364e+22	4.99e-18	8.07e-09	1.66e-06	4.78e-05	8.35e-03	1.48e-01	5.30e-01	3.02e-01	1.15e-02	3.35e-04	4.28e-06	0.00e+00	0.00e+00	0.00e+00	0.00e+00
 3.78214e+22	6.15e-18	9.61e-09	1.97e-06	5.64e-05	9.36e-03	1.57e-01	5.34e-01	2.89e-01	1.04e-02	2.93e-04	3.62e-06	0.00e+00	0.00e+00	0.00e+00	0.00e+00
 3.86584e+22	7.73e-18	1.15e-08	2.34e-06	6.68e-05	1.05e-02	1.67e-01	5.37e-01	2.76e-01	9.38e-03	2.54e-04	3.04e-06	0.00e+00	0.00e+00	0.00e+00	0.00e+00
 3.97466e+22	1.05e-17	1.45e-08	2.93e-06	8.29e-05	1.22e-02	1.80e-01	5.41e-01	2.59e-01	8.19e-03	2.12e-04	2.44e-06	0.00e+00	0.00e+00	0.00e+00	0.00e+00
 4.08432e+22	1.38e-17	1.83e-08	3.69e-06	1.04e-04	1.42e-02	1.94e-01	5.42e-01	2.42e-01	7.10e-03	1.76e-04	1.94e-06	0.00e+00	0.00e+00	0.00e+00	0.00e+00
 4.16841e+22	1.67e-17	2.16e-08	4.34e-06	1.22e-04	1.58e-02	2.04e-01	5.43e-01	2.31e-01	6.38e-03	1.54e-04	1.64e-06	0.00e+00	0.00e+00	0.00e+00	0.00e+00
 4.25107e+22	2.08e-17	2.54e-08	5.07e-06	1.42e-04	1.76e-02	2.15e-01	5.42e-01	2.19e-01	5.75e-03	1.34e-04	1.40e-06	0.00e+00	0.00e+00	0.00e+00	0.00e+00
 4.35853e+22	2.72e-17	3.14e-08	6.22e-06	1.73e-04	2.00e-02	2.29e-01	5.41e-01	2.05e-01	5.02e-03	1.13e-04	1.13e-06	0.00e+00	0.00e+00	0.00e+00	0.00e+00
 4.47168e+22	3.57e-17	3.91e-08	7.71e-06	2.14e-04	2.29e-02	2.44e-01	5.38e-01	1.91e-01	4.35e-03	9.47e-05	9.12e-07	0.00e+00	0.00e+00	0.00e+00	0.00e+00
 4.56648e+22	4.44e-17	4.66e-08	9.15e-06	2.52e-04	2.56e-02	2.56e-01	5.34e-01	1.80e-01	3.87e-03	8.18e-05	0.00e+00	0.00e+00	0.00e+00	0.00e+00	0.00e+00
 4.66399e+22	5.58e-17	5.55e-08	1.08e-05	2.98e-04	2.86e-02	2.69e-01	5.30e-01	1.69e-01	3.43e-03	7.05e-05	0.00e+00	0.00e+00	0.00e+00	0.00e+00	0.00e+00
 4.79074e+22	7.53e-17	7.00e-08	1.36e-05	3.69e-04	3.28e-02	2.86e-01	5.23e-01	1.55e-01	2.92e-03	5.83e-05	0.00e+00	0.00e+00	0.00e+00	0.00e+00	0.00e+00
 4.91657e+22	1.00e-16	8.80e-08	1.69e-05	4.58e-04	3.75e-02	3.02e-01	5.15e-01	1.43e-01	2.50e-03	4.83e-05	0.00e+00	0.00e+00	0.00e+00	0.00e+00	0.00e+00
 5.01310e+22	1.25e-16	1.04e-07	1.99e-05	5.36e-04	4.15e-02	3.15e-01	5.07e-01	1.33e-01	2.21e-03	4.18e-05	0.00e+00	0.00e+00	0.00e+00	0.00e+00	0.00e+00
 5.11047e+22	1.56e-16	1.23e-07	2.33e-05	6.24e-04	4.57e-02	3.27e-01	4.99e-01	1.25e-01	1.96e-03	3.64e-05	0.00e+00	0.00e+00	0.00e+00	0.00e+00	0.00e+00
 5.23705e+22	2.10e-16	1.53e-07	2.88e-05	7.62e-04	5.17e-02	3.43e-01	4.88e-01	1.14e-01	1.68e-03	3.03e-05	0.00e+00	0.00e+00	0.00e+00	0.00e+00	0.00e+00
 5.36454e+22	2.82e-16	1.91e-07	3.56e-05	9.34e-04	5.84e-02	3.59e-01	4.76e-01	1.04e-01	1.43e-03	2.53e-05	0.00e+00	0.00e+00	0.00e+00	0.00e+00	0.00e+00
 5.46688e+22	3.56e-16	2.27e-07	4.18e-05	1.09e-03	6.41e-02	3.71e-01	4.66e-01	9.70e-02	1.26e-03	2.20e-05	0.00e+00	0.00e+00	0.00e+00	0.00e+00	0.00e+00
 5.57362e+22	4.59e-16	2.71e-07	4.96e-05	1.28e-03	7.07e-02	3.84e-01	4.54e-01	8.96e-02	1.10e-03	1.89e-05	0.00e+00	0.00e+00	0.00e+00	0.00e+00	0.00e+00
 5.69260e+22	6.17e-16	3.34e-07	6.03e-05	1.53e-03	7.84e-02	3.97e-01	4.40e-01	8.20e-02	9.51e-04	1.60e-05	0.00e+00	0.00e+00	0.00e+00	0.00e+00	0.00e+00
 5.80166e+22	8.13e-16	4.04e-07	7.20e-05	1.80e-03	8.59e-02	4.08e-01	4.28e-01	7.56e-02	8.31e-04	1.38e-05	0.00e+00	0.00e+00	0.00e+00	0.00e+00	0.00e+00
 5.89485e+22	1.03e-15	4.73e-07	8.35e-05	2.06e-03	9.29e-02	4.17e-01	4.16e-01	7.03e-02	7.39e-04	1.22e-05	0.00e+00	0.00e+00	0.00e+00	0.00e+00	0.00e+00
 5.99324e+22	1.33e-15	5.61e-07	9.78e-05	2.37e-03	1.01e-01	4.27e-01	4.04e-01	6.52e-02	6.54e-04	1.07e-05	0.00e+00	0.00e+00	0.00e+00	0.00e+00	0.00e+00
 6.10131e+22	1.79e-15	6.80e-07	1.17e-04	2.78e-03	1.10e-01	4.36e-01	3.91e-01	5.99e-02	5.72e-04	9.23e-06	0.00e+00	0.00e+00	0.00e+00	0.00e+00	0.00e+00
 6.19706e+22	2.36e-15	8.09e-07	1.37e-04	3.20e-03	1.18e-01	4.44e-01	3.79e-01	5.55e-02	5.07e-04	8.12e-06	0.00e+00	0.00e+00	0.00e+00	0.00e+00	0.00e+00
 6.27756e+22	3.03e-15	9.46e-07	1.58e-04	3.59e-03	1.25e-01	4.50e-01	3.68e-01	5.20e-02	4.58e-04	7.29e-06	0.00e+00	0.00e+00	0.00e+00	0.00e+00	0.00e+00
 6.34639e+22	3.76e-15	1.08e-06	1.78e-04	3.97e-03	1.32e-01	4.55e-01	3.59e-01	4.92e-02	4.20e-04	6.65e-06	0.00e+00	0.00e+00	0.00e+00	0.00e+00	0.00e+00
 6.40864e+22	4.62e-15	1.22e-06	1.98e-04	4.35e-03	1.38e-01	4.59e-01	3.51e-01	4.67e-02	3.88e-04	6.12e-06	0.00e+00	0.00e+00	0.00e+00	0.00e+00	0.00e+00
 6.47905e+22	5.51e-15	1.34e-06	2.19e-04	4.83e-03	1.46e-01	4.64e-01	3.41e-01	4.39e-02	3.53e-04	5.56e-06	0.00e+00	0.00e+00	0.00e+00	0.00e+00	0.00e+00
 6.55423e+22	7.77e-15	1.64e-06	2.59e-04	5.40e-03	1.54e-01	4.68e-01	3.31e-01	4.13e-02	3.22e-04	5.05e-06	0.00e+00	0.00e+00	0.00e+00	0.00e+00	0.00e+00
 6.61602e+22	9.19e-15	1.78e-06	2.82e-04	5.94e-03	1.61e-01	4.71e-01	3.23e-01	3.91e-02	2.97e-04	4.64e-06	0.00e+00	0.00e+00	0.00e+00	0.00e+00	0.00e+00
 6.66574e+22	1.21e-14	2.07e-06	3.19e-04	6.38e-03	1.67e-01	4.73e-01	3.16e-01	3.74e-02	2.78e-04	4.34e-06	0.00e+00	0.00e+00	0.00e+00	0.00e+00	0.00e+00
 6.71938e+22	1.50e-14	2.31e-06	3.53e-04	6.93e-03	1.73e-01	4.75e-01	3.08e-01	3.56e-02	2.59e-04	4.04e-06	0.00e+00	0.00e+00	0.00e+00	0.00e+00	0.00e+00
 6.77734e+22	1.83e-14	2.54e-06	3.88e-04	7.61e-03	1.81e-01	4.78e-01	3.00e-01	3.37e-02	2.39e-04	3.72e-06	0.00e+00	0.00e+00	0.00e+00	0.00e+00	0.00e+00
 6.82665e+22	2.53e-14	2.99e-06	4.43e-04	8.17e-03	1.87e-01	4.79e-01	2.93e-01	3.23e-02	2.25e-04	3.50e-06	0.00e+00	0.00e+00	0.00e+00	0.00e+00	0.00e+00
 6.86638e+22	3.07e-14	3.28e-06	4.81e-04	8.72e-03	1.92e-01	4.80e-01	2.87e-01	3.11e-02	2.12e-04	3.30e-06	0.00e+00	0.00e+00	0.00e+00	0.00e+00	0.00e+00
 6.90791e+22	3.82e-14	3.63e-06	5.26e-04	9.32e-03	1.98e-01	4.81e-01	2.81e-01	2.98e-02	2.00e-04	3.11e-06	0.00e+00	0.00e+00	0.00e+00	0.00e+00	0.00e+00
 6.95362e+22	4.94e-14	4.08e-06	5.85e-04	1.01e-02	2.05e-01	4.81e-01	2.74e-01	2.85e-02	1.88e-04	2.92e-06	0.00e+00	0.00e+00	0.00e+00	0.00e+00	0.00e+00
 6.99332e+22	5.83e-14	4.36e-06	6.25e-04	1.08e-02	2.11e-01	4.82e-01	2.68e-01	2.73e-02	1.76e-04	2.74e-06	0.00e+00	0.00e+00	0.00e+00	0.00e+00	0.00e+00
 7.02564e+22	7.69e-14	4.93e-06	6.92e-04	1.14e-02	2.16e-01	4.82e-01	2.63e-01	2.64e-02	1.69e-04	2.62e-06	0.00e+00	0.00e+00	0.00e+00	0.00e+00	0.00e+00
 7.05495e+22	9.30e-14	5.34e-06	7.43e-04	1.20e-02	2.21e-01	4.82e-01	2.58e-01	2.56e-02	1.61e-04	2.51e-06	0.00e+00	0.00e+00	0.00e+00	0.00e+00	0.00e+00
 7.08824e+22	1.16e-13	5.85e-06	8.08e-04	1.28e-02	2.27e-01	4.82e-01	2.53e-01	2.46e-02	1.53e-04	2.38e-06	0.00e+00	0.00e+00	0.00e+00	0.00e+00	0.00e+00
 7.12394e+22	1.50e-13	6.49e-06	8.87e-04	1.37e-02	2.34e-01	4.81e-01	2.47e-01	2.36e-02	1.44e-04	2.25e-06	0.00e+00	0.00e+00	0.00e+00	0.00e+00	0.00e+00
 7.15366e+22	1.87e-13	7.04e-06	9.58e-04	1.46e-02	2.40e-01	4.80e-01	2.41e-01	2.27e-02	1.36e-04	2.13e-06	0.00e+00	0.00e+00	0.00e+00	0.00e+00	0.00e+00
 7.17734e+22	2.17e-13	7.43e-06	1.01e-03	1.53e-02	2.45e-01	4.80e-01	2.37e-01	2.19e-02	1.30e-04	2.04e-06	0.00e+00	0.00e+00	0.00e+00	0.00e+00	0.00e+00
 7.20232e+22	2.65e-13	8.02e-06	1.08e-03	1.61e-02	2.51e-01	4.79e-01	2.32e-01	2.12e-02	1.24e-04	1.95e-06	0.00e+00	0.00e+00	0.00e+00	0.00e+00	0.00e+00
 7.23017e+22	3.52e-13	8.90e-06	1.19e-03	1.71e-02	2.57e-01	4.77e-01	2.27e-01	2.04e-02	1.18e-04	1.86e-06	0.00e+00	0.00e+00	0.00e+00	0.00e+00	0.00e+00
 7.25511e+22	4.40e-13	9.63e-06	1.28e-03	1.82e-02	2.63e-01	4.76e-01	2.21e-01	1.96e-02	1.12e-04	1.77e-06	0.00e+00	0.00e+00	0.00e+00	0.00e+00	0.00e+00
 7.27590e+22	5.27e-13	1.03e-05	1.36e-03	1.92e-02	2.69e-01	4.74e-01	2.17e-01	1.90e-02	1.07e-04	1.69e-06	0.00e+00	0.00e+00	0.00e+00	0.00e+00	0.00e+00
 7.29794e+22	6.48e-13	1.10e-05	1.46e-03	2.03e-02	2.76e-01	4.73e-01	2.12e-01	1.82e-02	1.01e-04	1.61e-06	0.00e+00	0.00e+00	0.00e+00	0.00e+00	0.00e+00
 7.32230e+22	8.14e-13	1.19e-05	1.57e-03	2.17e-02	2.83e-01	4.70e-01	2.06e-01	1.74e-02	9.51e-05	1.52e-06	0.00e+00	0.00e+00	0.00e+00	0.00e+00	0.00e+00
 7.34399e+22	1.01e-12	1.27e-05	1.68e-03	2.31e-02	2.91e-01	4.68e-01	2.00e-01	1.67e-02	8.95e-05	1.43e-06	0.00e+00	0.00e+00	0.00e+00	0.00e+00	0.00e+00
 7.36247e+22	1.20e-12	1.34e-05	1.78e-03	2.44e-02	2.98e-01	4.65e-01	1.95e-01	1.60e-02	8.45e-05	1.36e-06	0.00e+00	0.00e+00	0.00e+00	0.00e+00	0.00e+00
 7.38252e+22	1.46e-12	1.43e-05	1.90e-03	2.60e-02	3.06e-01	4.62e-01	1.89e-01	1.53e-02	7.93e-05	1.28e-06	0.00e+00	0.00e+00	0.00e+00	0.00e+00	0.00e+00
 7.40510e+22	1.82e-12	1.53e-05	2.04e-03	2.79e-02	3.16e-01	4.58e-01	1.82e-01	1.44e-02	7.35e-05	1.20e-06	0.00e+00	0.00e+00	0.00e+00	0.00e+00	0.00e+00
 7.42614e+22	2.23e-12	1.63e-05	2.19e-03	3.00e-02	3.25e-01	4.53e-01	1.75e-01	1.36e-02	6.80e-05	1.11e-06	0.00e+00	0.00e+00	0.00e+00	0.00e+00	0.00e+00
 7.44512e+22	2.69e-12	1.73e-05	2.33e-03	3.20e-02	3.35e-01	4.49e-01	1.69e-01	1.29e-02	6.33e-05	1.04e-06	0.00e+00	0.00e+00	0.00e+00	0.00e+00	0.00e+00
 7.46625e+22	3.25e-12	1.85e-05	2.49e-03	3.46e-02	3.46e-01	4.43e-01	1.62e-01	1.21e-02	5.75e-05	9.53e-07	0.00e+00	0.00e+00	0.00e+00	0.00e+00	0.00e+00
 7.48950e+22	4.04e-12	1.98e-05	2.69e-03	3.76e-02	3.59e-01	4.36e-01	1.53e-01	1.11e-02	5.17e-05	0.00e+00	0.00e+00	0.00e+00	0.00e+00	0.00e+00	0.00e+00
 7.51065e+22	4.92e-12	2.12e-05	2.89e-03	4.07e-02	3.72e-01	4.29e-01	1.46e-01	1.03e-02	4.67e-05	0.00e+00	0.00e+00	0.00e+00	0.00e+00	0.00e+00	0.00e+00
 7.53025e+22	5.89e-12	2.25e-05	3.08e-03	4.37e-02	3.84e-01	4.21e-01	1.38e-01	9.57e-03	4.22e-05	0.00e+00	0.00e+00	0.00e+00	0.00e+00	0.00e+00	0.00e+00
 7.55267e+22	7.17e-12	2.42e-05	3.31e-03	4.75e-02	3.98e-01	4.12e-01	1.30e-01	8.75e-03	3.74e-05	0.00e+00	0.00e+00	0.00e+00	0.00e+00	0.00e+00	0.00e+00
 7.58182e+22	9.22e-12	2.66e-05	3.64e-03	5.27e-02	4.16e-01	4.00e-01	1.20e-01	7.74e-03	3.18e-05	0.00e+00	0.00e+00	0.00e+00	0.00e+00	0.00e+00	0.00e+00
 7.61224e+22	1.19e-11	2.93e-05	4.01e-03	5.85e-02	4.35e-01	3.86e-01	1.09e-01	6.78e-03	2.68e-05	0.00e+00	0.00e+00	0.00e+00	0.00e+00	0.00e+00	0.00e+00
 7.63860e+22	1.48e-11	3.18e-05	4.35e-03	6.38e-02	4.52e-01	3.73e-01	1.01e-01	6.03e-03	2.30e-05	0.00e+00	0.00e+00	0.00e+00	0.00e+00	0.00e+00	0.00e+00
 7.66717e+22	1.85e-11	3.49e-05	4.75e-03	6.97e-02	4.69e-01	3.59e-01	9.16e-02	5.29e-03	1.94e-05	0.00e+00	0.00e+00	0.00e+00	0.00e+00	0.00e+00	0.00e+00
 7.70303e+22	2.43e-11	3.90e-05	5.27e-03	7.74e-02	4.90e-01	3.41e-01	8.14e-02	4.48e-03	1.57e-05	0.00e+00	0.00e+00	0.00e+00	0.00e+00	0.00e+00	0.00e+00
 7.74309e+22	3.26e-11	4.39e-05	5.88e-03	8.61e-02	5.12e-01	3.21e-01	7.11e-02	3.72e-03	1.25e-05	0.00e+00	0.00e+00	0.00e+00	0.00e+00	0.00e+00	0.00e+00
 7.78379e+22	4.31e-11	4.93e-05	6.53e-03	9.50e-02	5.32e-01	3.01e-01	6.20e-02	3.07e-03	9.85e-06	0.00e+00	0.00e+00	0.00e+00	0.00e+00	0.00e+00	0.00e+00
 7.82578e+22	5.67e-11	5.52e-05	7.22e-03	1.04e-01	5.51e-01	2.81e-01	5.38e-02	2.53e-03	7.75e-06	0.00e+00	0.00e+00	0.00e+00	0.00e+00	0.00e+00	0.00e+00
 7.87155e+22	7.52e-11	6.20e-05	7.99e-03	1.14e-01	5.69e-01	2.61e-01	4.60e-02	2.05e-03	6.00e-06	0.00e+00	0.00e+00	0.00e+00	0.00e+00	0.00e+00	0.00e+00
 7.92231e+22	1.01e-10	6.99e-05	8.86e-03	1.24e-01	5.87e-01	2.39e-01	3.88e-02	1.63e-03	4.55e-06	0.00e+00	0.00e+00	0.00e+00	0.00e+00	0.00e+00	0.00e+00
 7.97800e+22	1.36e-10	7.89e-05	9.81e-03	1.36e-01	6.03e-01	2.18e-01	3.23e-02	1.27e-03	3.38e-06	0.00e+00	0.00e+00	0.00e+00	0.00e+00	0.00e+00	0.00e+00
 8.03918e+22	1.85e-10	8.94e-05	1.09e-02	1.47e-01	6.18e-01	1.96e-01	2.64e-02	9.72e-04	2.47e-06	0.00e+00	0.00e+00	0.00e+00	0.00e+00	0.00e+00	0.00e+00
 8.10637e+22	2.53e-10	1.01e-04	1.20e-02	1.60e-01	6.31e-01	1.75e-01	2.14e-02	7.32e-04	1.78e-06	0.00e+00	0.00e+00	0.00e+00	0.00e+00	0.00e+00	0.00e+00
 8.18088e+22	3.44e-10	1.15e-04	1.33e-02	1.72e-01	6.42e-01	1.55e-01	1.70e-02	5.41e-04	1.25e-06	0.00e+00	0.00e+00	0.00e+00	0.00e+00	0.00e+00	0.00e+00
 8.26531e+22	4.70e-10	1.31e-04	1.47e-02	1.86e-01	6.50e-01	1.35e-01	1.33e-02	3.89e-04	8.60e-07	0.00e+00	0.00e+00	0.00e+00	0.00e+00	0.00e+00	0.00e+00
 8.36135e+22	6.41e-10	1.50e-04	1.63e-02	2.00e-01	6.56e-01	1.17e-01	1.01e-02	2.73e-04	0.00e+00	0.00e+00	0.00e+00	0.00e+00	0.00e+00	0.00e+00	0.00e+00
 8.47043e+22	8.72e-10	1.73e-04	1.80e-02	2.15e-01	6.60e-01	9.96e-02	7.61e-03	1.87e-04	0.00e+00	0.00e+00	0.00e+00	0.00e+00	0.00e+00	0.00e+00	0.00e+00
 8.59560e+22	1.19e-09	2.00e-04	2.00e-02	2.30e-01	6.60e-01	8.37e-02	5.59e-03	1.25e-04	0.00e+00	0.00e+00	0.00e+00	0.00e+00	0.00e+00	0.00e+00	0.00e+00
 8.74108e+22	1.61e-09	2.34e-04	2.23e-02	2.47e-01	6.58e-01	6.92e-02	4.02e-03	8.18e-05	0.00e+00	0.00e+00	0.00e+00	0.00e+00	0.00e+00	0.00e+00	0.00e+00
 8.91370e+22	2.23e-09	2.77e-04	2.49e-02	2.65e-01	6.51e-01	5.60e-02	2.82e-03	5.16e-05	0.00e+00	0.00e+00	0.00e+00	0.00e+00	0.00e+00	0.00e+00	0.00e+00
 9.11539e+22	3.10e-09	3.33e-04	2.81e-02	2.84e-01	6.41e-01	4.47e-02	1.95e-03	3.22e-05	0.00e+00	0.00e+00	0.00e+00	0.00e+00	0.00e+00	0.00e+00	0.00e+00
 9.36238e+22	4.40e-09	4.08e-04	3.18e-02	3.05e-01	6.27e-01	3.47e-02	1.32e-03	1.96e-05	0.00e+00	0.00e+00	0.00e+00	0.00e+00	0.00e+00	0.00e+00	0.00e+00
 9.68348e+22	6.51e-09	5.18e-04	3.68e-02	3.30e-01	6.06e-01	2.59e-02	8.75e-04	1.14e-05	0.00e+00	0.00e+00	0.00e+00	0.00e+00	0.00e+00	0.00e+00	0.00e+00
 1.00278e+23	9.67e-09	6.70e-04	4.28e-02	3.56e-01	5.80e-01	1.93e-02	6.06e-04	7.02e-06	0.00e+00	0.00e+00	0.00e+00	0.00e+00	0.00e+00	0.00e+00	0.00e+00
 1.03015e+23	1.29e-08	8.21e-04	4.81e-02	3.76e-01	5.59e-01	1.56e-02	4.76e-04	5.02e-06	0.00e+00	0.00e+00	0.00e+00	0.00e+00	0.00e+00	0.00e+00	0.00e+00
 1.05110e+23	1.57e-08	9.48e-04	5.22e-02	3.91e-01	5.42e-01	1.34e-02	4.07e-04	4.00e-06	0.00e+00	0.00e+00	0.00e+00	0.00e+00	0.00e+00	0.00e+00	0.00e+00
 1.07376e+23	1.89e-08	1.09e-03	5.64e-02	4.05e-01	5.25e-01	1.15e-02	3.51e-04	3.21e-06	0.00e+00	0.00e+00	0.00e+00	0.00e+00	0.00e+00	0.00e+00	0.00e+00
 1.10321e+23	2.37e-08	1.31e-03	6.22e-02	4.24e-01	5.03e-01	9.50e-03	2.97e-04	2.47e-06	0.00e+00	0.00e+00	0.00e+00	0.00e+00	0.00e+00	0.00e+00	0.00e+00
 1.14151e+23	3.14e-08	1.66e-03	7.02e-02	4.47e-01	4.73e-01	7.53e-03	2.46e-04	1.82e-06	0.00e+00	0.00e+00	0.00e+00	0.00e+00	0.00e+00	0.00e+00	0.00e+00
 1.17964e+23	4.22e-08	2.15e-03	8.02e-02	4.71e-01	4.40e-01	6.01e-03	2.06e-04	1.36e-06	0.00e+00	0.00e+00	0.00e+00	0.00e+00	0.00e+00	0.00e+00	0.00e+00
 1.20730e+23	5.27e-08	2.62e-03	8.87e-02	4.89e-01	4.15e-01	5.10e-03	1.82e-04	1.10e-06	0.00e+00	0.00e+00	0.00e+00	0.00e+00	0.00e+00	0.00e+00	0.00e+00
 1.22853e+23	6.19e-08	3.04e-03	9.54e-02	5.02e-01	3.95e-01	4.51e-03	1.65e-04	9.48e-07	0.00e+00	0.00e+00	0.00e+00	0.00e+00	0.00e+00	0.00e+00	0.00e+00
 1.25166e+23	7.30e-08	3.56e-03	1.03e-01	5.16e-01	3.74e-01	3.95e-03	1.50e-04	0.00e+00	0.00e+00	0.00e+00	0.00e+00	0.00e+00	0.00e+00	0.00e+00	0.00e+00
 1.28173e+23	9.08e-08	4.38e-03	1.13e-01	5.35e-01	3.44e-01	3.32e-03	1.31e-04	0.00e+00	0.00e+00	0.00e+00	0.00e+00	0.00e+00	0.00e+00	0.00e+00	0.00e+00
 1.31338e+23	1.18e-07	5.64e-03	1.27e-01	5.55e-01	3.10e-01	2.71e-03	1.11e-04	0.00e+00	0.00e+00	0.00e+00	0.00e+00	0.00e+00	0.00e+00	0.00e+00	0.00e+00
 1.33826e+23	1.49e-07	7.04e-03	1.40e-01	5.71e-01	2.80e-01	2.28e-03	9.53e-05	0.00e+00	0.00e+00	0.00e+00	0.00e+00	0.00e+00	0.00e+00	0.00e+00	0.00e+00
 1.35674e+23	1.79e-07	8.39e-03	1.52e-01	5.83e-01	2.55e-01	1.97e-03	8.36e-05	0.00e+00	0.00e+00	0.00e+00	0.00e+00	0.00e+00	0.00e+00	0.00e+00	0.00e+00
 1.37572e+23	2.13e-07	9.94e-03	1.63e-01	5.94e-01	2.32e-01	1.70e-03	7.28e-05	0.00e+00	0.00e+00	0.00e+00	0.00e+00	0.00e+00	0.00e+00	0.00e+00	0.00e+00
 1.40039e+23	2.70e-07	1.25e-02	1.80e-01	6.06e-01	2.00e-01	1.38e-03	5.92e-05	0.00e+00	0.00e+00	0.00e+00	0.00e+00	0.00e+00	0.00e+00	0.00e+00	0.00e+00
 1.42502e+23	3.61e-07	1.66e-02	2.02e-01	6.16e-01	1.65e-01	1.08e-03	4.50e-05	0.00e+00	0.00e+00	0.00e+00	0.00e+00	0.00e+00	0.00e+00	0.00e+00	0.00e+00
 1.44235e+23	4.58e-07	2.08e-02	2.22e-01	6.19e-01	1.38e-01	8.72e-04	3.52e-05	0.00e+00	0.00e+00	0.00e+00	0.00e+00	0.00e+00	0.00e+00	0.00e+00	0.00e+00
 1.45418e+23	5.42e-07	2.45e-02	2.36e-01	6.18e-01	1.21e-01	7.47e-04	2.90e-05	0.00e+00	0.00e+00	0.00e+00	0.00e+00	0.00e+00	0.00e+00	0.00e+00	0.00e+00
 1.46612e+23	6.36e-07	2.86e-02	2.51e-01	6.16e-01	1.04e-01	6.41e-04	2.38e-05	0.00e+00	0.00e+00	0.00e+00	0.00e+00	0.00e+00	0.00e+00	0.00e+00	0.00e+00
 1.48163e+23	7.91e-07	3.52e-02	2.71e-01	6.08e-01	8.45e-02	5.18e-04	1.77e-05	0.00e+00	0.00e+00	0.00e+00	0.00e+00	0.00e+00	0.00e+00	0.00e+00	0.00e+00
 1.49708e+23	1.04e-06	4.57e-02	2.98e-01	5.92e-01	6.41e-02	3.99e-04	1.20e-05	0.00e+00	0.00e+00	0.00e+00	0.00e+00	0.00e+00	0.00e+00	0.00e+00	0.00e+00
 1.50777e+23	1.30e-06	5.65e-02	3.21e-01	5.72e-01	5.03e-02	3.23e-04	8.50e-06	0.00e+00	0.00e+00	0.00e+00	0.00e+00	0.00e+00	0.00e+00	0.00e+00	0.00e+00
 1.51308e+23	1.48e-06	6.41e-02	3.35e-01	5.57e-01	4.35e-02	2.86e-04	6.89e-06	0.00e+00	0.00e+00	0.00e+00	0.00e+00	0.00e+00	0.00e+00	0.00e+00	0.00e+00
 1.51518e+23	1.56e-06	6.72e-02	3.40e-01	5.51e-01	4.11e-02	2.73e-04	6.35e-06	0.00e+00	0.00e+00	0.00e+00	0.00e+00	0.00e+00	0.00e+00	0.00e+00	0.00e+00
 1.51701e+23	1.62e-06	6.97e-02	3.44e-01	5.47e-01	3.92e-02	2.64e-04	5.95e-06	0.00e+00	0.00e+00	0.00e+00	0.00e+00	0.00e+00	0.00e+00	0.00e+00	0.00e+00
 1.51939e+23	1.70e-06	7.32e-02	3.49e-01	5.41e-01	3.69e-02	2.52e-04	5.46e-06	0.00e+00	0.00e+00	0.00e+00	0.00e+00	0.00e+00	0.00e+00	0.00e+00	0.00e+00
 1.52248e+23	1.81e-06	7.78e-02	3.56e-01	5.32e-01	3.39e-02	2.37e-04	4.86e-06	0.00e+00	0.00e+00	0.00e+00	0.00e+00	0.00e+00	0.00e+00	0.00e+00	0.00e+00
 1.52649e+23	1.98e-06	8.47e-02	3.65e-01	5.20e-01	3.03e-02	2.18e-04	4.14e-06	0.00e+00	0.00e+00	0.00e+00	0.00e+00	0.00e+00	0.00e+00	0.00e+00	0.00e+00
 1.53065e+23	2.19e-06	9.35e-02	3.76e-01	5.04e-01	2.65e-02	1.98e-04	3.43e-06	0.00e+00	0.00e+00	0.00e+00	0.00e+00	0.00e+00	0.00e+00	0.00e+00	0.00e+00
 1.53383e+23	2.39e-06	1.02e-01	3.85e-01	4.90e-01	2.36e-02	1.82e-04	2.92e-06	0.00e+00	0.00e+00	0.00e+00	0.00e+00	0.00e+00	0.00e+00	0.00e+00	0.00e+00
 1.53623e+23	2.54e-06	1.08e-01	3.91e-01	4.79e-01	2.16e-02	1.72e-04	2.58e-06	0.00e+00	0.00e+00	0.00e+00	0.00e+00	0.00e+00	0.00e+00	0.00e+00	0.00e+00
 1.53876e+23	2.71e-06	1.15e-01	3.97e-01	4.68e-01	1.97e-02	1.62e-04	2.27e-06	0.00e+00	0.00e+00	0.00e+00	0.00e+00	0.00e+00	0.00e+00	0.00e+00	0.00e+00
 1.54205e+23	2.96e-06	1.25e-01	4.05e-01	4.52e-01	1.74e-02	1.49e-04	1.90e-06	0.00e+00	0.00e+00	0.00e+00	0.00e+00	0.00e+00	0.00e+00	0.00e+00	0.00e+00
 1.54543e+23	3.25e-06	1.37e-01	4.15e-01	4.33e-01	1.50e-02	1.36e-04	1.55e-06	0.00e+00	0.00e+00	0.00e+00	0.00e+00	0.00e+00	0.00e+00	0.00e+00	0.00e+00
 1.54797e+23	3.52e-06	1.48e-01	4.22e-01	4.17e-01	1.33e-02	1.26e-04	1.31e-06	0.00e+00	0.00e+00	0.00e+00	0.00e+00	0.00e+00	0.00e+00	0.00e+00	0.00e+00
 1.54987e+23	3.73e-06	1.57e-01	4.27e-01	4.05e-01	1.21e-02	1.19e-04	1.15e-06	0.00e+00	0.00e+00	0.00e+00	0.00e+00	0.00e+00	0.00e+00	0.00e+00	0.00e+00
