#depth	Ne	Ne+	Ne+2	Ne+3	Ne+4	Ne+5	Ne+6	Ne+7	Ne+8	Ne+9	Ne+10
 1.54284e+19	0.00e+00	1.63e-22	1.62e-17	1.80e-13	3.96e-10	1.66e-07	1.70e-05	8.01e-04	1.28e-01	4.72e-01	3.99e-01
 9.25702e+19	1.93e-28	2.87e-22	2.68e-17	2.80e-13	5.80e-10	2.29e-07	2.18e-05	9.53e-04	1.41e-01	4.81e-01	3.77e-01
 1.99242e+20	4.49e-28	6.17e-22	5.31e-17	5.09e-13	9.79e-10	3.56e-07	3.10e-05	1.21e-03	1.60e-01	4.91e-01	3.47e-01
 2.67446e+20	7.38e-28	9.69e-22	7.94e-17	7.24e-13	1.33e-09	4.61e-07	3.80e-05	1.39e-03	1.72e-01	4.97e-01	3.30e-01
 3.03524e+20	9.51e-28	1.22e-21	9.76e-17	8.68e-13	1.56e-09	5.27e-07	4.21e-05	1.49e-03	1.79e-01	4.99e-01	3.21e-01
 3.33038e+20	1.16e-27	1.46e-21	1.14e-16	9.97e-13	1.76e-09	5.83e-07	4.56e-05	1.58e-03	1.84e-01	5.01e-01	3.14e-01
 3.71406e+20	1.49e-27	1.84e-21	1.41e-16	1.19e-12	2.06e-09	6.65e-07	5.06e-05	1.69e-03	1.91e-01	5.02e-01	3.05e-01
 4.21284e+20	2.07e-27	2.47e-21	1.83e-16	1.50e-12	2.52e-09	7.88e-07	5.78e-05	1.85e-03	2.00e-01	5.05e-01	2.94e-01
 4.74713e+20	2.91e-27	3.37e-21	2.42e-16	1.92e-12	3.11e-09	9.41e-07	6.64e-05	2.03e-03	2.09e-01	5.06e-01	2.82e-01
 5.21438e+20	3.88e-27	4.37e-21	3.05e-16	2.35e-12	3.71e-09	1.09e-06	7.47e-05	2.20e-03	2.18e-01	5.07e-01	2.72e-01
 5.62519e+20	4.96e-27	5.47e-21	3.73e-16	2.80e-12	4.32e-09	1.24e-06	8.25e-05	2.36e-03	2.26e-01	5.08e-01	2.64e-01
 6.07586e+20	6.44e-27	6.93e-21	4.61e-16	3.38e-12	5.08e-09	1.42e-06	9.17e-05	2.53e-03	2.34e-01	5.08e-01	2.55e-01
 6.66172e+20	8.98e-27	9.38e-21	6.05e-16	4.28e-12	6.24e-09	1.69e-06	1.05e-04	2.77e-03	2.44e-01	5.08e-01	2.44e-01
 7.25704e+20	1.25e-26	1.27e-20	7.95e-16	5.44e-12	7.68e-09	2.01e-06	1.20e-04	3.04e-03	2.56e-01	5.08e-01	2.33e-01
 7.71521e+20	1.60e-26	1.59e-20	9.69e-16	6.46e-12	8.92e-09	2.28e-06	1.33e-04	3.24e-03	2.64e-01	5.07e-01	2.26e-01
 8.16137e+20	2.02e-26	1.96e-20	1.17e-15	7.61e-12	1.03e-08	2.57e-06	1.46e-04	3.45e-03	2.72e-01	5.06e-01	2.18e-01
 8.74138e+20	2.71e-26	2.56e-20	1.49e-15	9.40e-12	1.23e-08	2.99e-06	1.64e-04	3.74e-03	2.82e-01	5.05e-01	2.09e-01
 9.32289e+20	3.63e-26	3.34e-20	1.89e-15	1.16e-11	1.48e-08	3.48e-06	1.85e-04	4.04e-03	2.93e-01	5.03e-01	2.00e-01
 9.75786e+20	4.48e-26	4.05e-20	2.24e-15	1.35e-11	1.69e-08	3.88e-06	2.01e-04	4.28e-03	3.01e-01	5.01e-01	1.94e-01
 1.01748e+21	5.46e-26	4.85e-20	2.64e-15	1.55e-11	1.90e-08	4.30e-06	2.17e-04	4.51e-03	3.08e-01	5.00e-01	1.88e-01
 1.07169e+21	7.02e-26	6.09e-20	3.23e-15	1.85e-11	2.22e-08	4.88e-06	2.40e-04	4.82e-03	3.17e-01	4.97e-01	1.80e-01
 1.13076e+21	9.20e-26	7.79e-20	4.03e-15	2.24e-11	2.62e-08	5.61e-06	2.68e-04	5.18e-03	3.28e-01	4.94e-01	1.73e-01
 1.18205e+21	1.16e-25	9.60e-20	4.86e-15	2.64e-11	3.02e-08	6.32e-06	2.93e-04	5.50e-03	3.37e-01	4.91e-01	1.66e-01
 1.23463e+21	1.45e-25	1.18e-19	5.84e-15	3.10e-11	3.47e-08	7.08e-06	3.20e-04	5.83e-03	3.46e-01	4.88e-01	1.60e-01
 1.29308e+21	1.86e-25	1.48e-19	7.16e-15	3.71e-11	4.04e-08	8.05e-06	3.54e-04	6.22e-03	3.55e-01	4.85e-01	1.53e-01
 1.34375e+21	2.30e-25	1.80e-19	8.52e-15	4.32e-11	4.61e-08	8.98e-06	3.85e-04	6.57e-03	3.64e-01	4.81e-01	1.48e-01
 1.38611e+21	2.73e-25	2.10e-19	9.78e-15	4.87e-11	5.11e-08	9.78e-06	4.11e-04	6.86e-03	3.71e-01	4.79e-01	1.43e-01
 1.43311e+21	3.30e-25	2.49e-19	1.14e-14	5.56e-11	5.73e-08	1.08e-05	4.42e-04	7.20e-03	3.78e-01	4.75e-01	1.39e-01
 1.49421e+21	4.19e-25	3.10e-19	1.39e-14	6.59e-11	6.63e-08	1.21e-05	4.85e-04	7.65e-03	3.88e-01	4.71e-01	1.33e-01
 1.55776e+21	5.36e-25	3.87e-19	1.69e-14	7.85e-11	7.70e-08	1.37e-05	5.34e-04	8.14e-03	3.98e-01	4.66e-01	1.27e-01
 1.60921e+21	6.51e-25	4.63e-19	1.98e-14	9.01e-11	8.68e-08	1.52e-05	5.76e-04	8.55e-03	4.06e-01	4.62e-01	1.22e-01
 1.66081e+21	7.87e-25	5.49e-19	2.31e-14	1.03e-10	9.73e-08	1.67e-05	6.19e-04	8.96e-03	4.14e-01	4.59e-01	1.18e-01
 1.72790e+21	1.00e-24	6.85e-19	2.82e-14	1.22e-10	1.13e-07	1.88e-05	6.79e-04	9.51e-03	4.24e-01	4.53e-01	1.13e-01
 1.79771e+21	1.29e-24	8.59e-19	3.45e-14	1.46e-10	1.31e-07	2.13e-05	7.47e-04	1.01e-02	4.34e-01	4.48e-01	1.07e-01
 1.85458e+21	1.57e-24	1.03e-18	4.05e-14	1.67e-10	1.48e-07	2.35e-05	8.05e-04	1.06e-02	4.42e-01	4.43e-01	1.03e-01
 1.90362e+21	1.85e-24	1.20e-18	4.63e-14	1.88e-10	1.63e-07	2.55e-05	8.57e-04	1.10e-02	4.49e-01	4.39e-01	9.97e-02
 1.95901e+21	2.23e-24	1.42e-18	5.39e-14	2.15e-10	1.82e-07	2.80e-05	9.19e-04	1.16e-02	4.57e-01	4.34e-01	9.60e-02
 2.03102e+21	2.83e-24	1.76e-18	6.53e-14	2.54e-10	2.10e-07	3.14e-05	1.00e-03	1.22e-02	4.67e-01	4.29e-01	9.15e-02
 2.10385e+21	3.59e-24	2.18e-18	7.92e-14	3.00e-10	2.42e-07	3.53e-05	1.10e-03	1.29e-02	4.76e-01	4.22e-01	8.71e-02
 2.16038e+21	4.29e-24	2.56e-18	9.14e-14	3.39e-10	2.69e-07	3.85e-05	1.17e-03	1.35e-02	4.84e-01	4.18e-01	8.39e-02
 2.21648e+21	5.11e-24	3.00e-18	1.05e-13	3.83e-10	2.99e-07	4.19e-05	1.25e-03	1.40e-02	4.91e-01	4.13e-01	8.09e-02
 2.28941e+21	6.41e-24	3.68e-18	1.26e-13	4.49e-10	3.42e-07	4.68e-05	1.36e-03	1.48e-02	5.00e-01	4.07e-01	7.72e-02
 2.36710e+21	8.12e-24	4.56e-18	1.53e-13	5.29e-10	3.93e-07	5.25e-05	1.48e-03	1.56e-02	5.09e-01	4.01e-01	7.33e-02
 2.43372e+21	9.89e-24	5.46e-18	1.79e-13	6.06e-10	4.41e-07	5.76e-05	1.59e-03	1.63e-02	5.17e-01	3.95e-01	7.03e-02
 2.50308e+21	1.21e-23	6.55e-18	2.10e-13	6.97e-10	4.96e-07	6.34e-05	1.71e-03	1.71e-02	5.24e-01	3.89e-01	6.73e-02
 2.59324e+21	1.57e-23	8.28e-18	2.59e-13	8.35e-10	5.78e-07	7.18e-05	1.87e-03	1.81e-02	5.34e-01	3.82e-01	6.36e-02
 2.68648e+21	2.04e-23	1.05e-17	3.20e-13	1.00e-09	6.75e-07	8.14e-05	2.06e-03	1.92e-02	5.44e-01	3.74e-01	5.99e-02
 2.76325e+21	2.52e-23	1.27e-17	3.79e-13	1.16e-09	7.63e-07	9.00e-05	2.22e-03	2.01e-02	5.52e-01	3.68e-01	5.71e-02
 2.84256e+21	3.12e-23	1.54e-17	4.50e-13	1.34e-09	8.64e-07	9.95e-05	2.39e-03	2.10e-02	5.60e-01	3.62e-01	5.44e-02
 2.94566e+21	4.11e-23	1.98e-17	5.61e-13	1.62e-09	1.01e-06	1.13e-04	2.63e-03	2.23e-02	5.70e-01	3.54e-01	5.11e-02
 3.04728e+21	5.35e-23	2.51e-17	6.95e-13	1.95e-09	1.19e-06	1.29e-04	2.90e-03	2.37e-02	5.80e-01	3.45e-01	4.80e-02
 3.12430e+21	6.50e-23	3.00e-17	8.13e-13	2.23e-09	1.33e-06	1.41e-04	3.10e-03	2.47e-02	5.87e-01	3.39e-01	4.58e-02
 3.20175e+21	7.88e-23	3.57e-17	9.48e-13	2.55e-09	1.49e-06	1.55e-04	3.32e-03	2.57e-02	5.94e-01	3.33e-01	4.37e-02
 3.30245e+21	1.01e-22	4.47e-17	1.16e-12	3.03e-09	1.72e-06	1.74e-04	3.62e-03	2.71e-02	6.02e-01	3.26e-01	4.11e-02
 3.41320e+21	1.32e-22	5.68e-17	1.44e-12	3.65e-09	2.02e-06	1.98e-04	3.99e-03	2.87e-02	6.11e-01	3.17e-01	3.84e-02
 3.51374e+21	1.66e-22	7.03e-17	1.74e-12	4.30e-09	2.32e-06	2.22e-04	4.34e-03	3.02e-02	6.19e-01	3.10e-01	3.61e-02
 3.62118e+21	2.12e-22	8.79e-17	2.12e-12	5.11e-09	2.68e-06	2.50e-04	4.73e-03	3.18e-02	6.28e-01	3.02e-01	3.39e-02
 3.76086e+21	2.89e-22	1.17e-16	2.73e-12	6.36e-09	3.23e-06	2.91e-04	5.30e-03	3.40e-02	6.38e-01	2.92e-01	3.11e-02
 3.90026e+21	3.91e-22	1.54e-16	3.50e-12	7.89e-09	3.89e-06	3.38e-04	5.93e-03	3.64e-02	6.47e-01	2.82e-01	2.86e-02
 4.00607e+21	4.86e-22	1.88e-16	4.19e-12	9.23e-09	4.44e-06	3.77e-04	6.43e-03	3.82e-02	6.54e-01	2.74e-01	2.68e-02
 4.11037e+21	6.00e-22	2.28e-16	4.99e-12	1.07e-08	5.06e-06	4.19e-04	6.95e-03	4.00e-02	6.60e-01	2.67e-01	2.52e-02
 4.24595e+21	7.86e-22	2.92e-16	6.26e-12	1.31e-08	5.99e-06	4.81e-04	7.69e-03	4.25e-02	6.68e-01	2.58e-01	2.32e-02
 4.39244e+21	1.04e-21	3.79e-16	7.92e-12	1.61e-08	7.16e-06	5.57e-04	8.57e-03	4.53e-02	6.76e-01	2.48e-01	2.13e-02
 4.51998e+21	1.31e-21	4.71e-16	9.66e-12	1.91e-08	8.32e-06	6.30e-04	9.38e-03	4.78e-02	6.83e-01	2.40e-01	1.97e-02
 4.62779e+21	1.59e-21	5.64e-16	1.14e-11	2.21e-08	9.42e-06	6.97e-04	1.01e-02	5.00e-02	6.88e-01	2.33e-01	1.85e-02
 4.74307e+21	1.94e-21	6.80e-16	1.35e-11	2.57e-08	1.07e-05	7.76e-04	1.09e-02	5.24e-02	6.93e-01	2.26e-01	1.72e-02
 4.89293e+21	2.49e-21	8.59e-16	1.68e-11	3.11e-08	1.27e-05	8.91e-04	1.21e-02	5.56e-02	6.99e-01	2.17e-01	1.57e-02
 5.04350e+21	3.16e-21	1.08e-15	2.07e-11	3.75e-08	1.49e-05	1.02e-03	1.34e-02	5.90e-02	7.04e-01	2.08e-01	1.44e-02
 5.15923e+21	3.79e-21	1.28e-15	2.43e-11	4.31e-08	1.69e-05	1.13e-03	1.44e-02	6.16e-02	7.08e-01	2.01e-01	1.34e-02
 5.27393e+21	4.48e-21	1.50e-15	2.82e-11	4.93e-08	1.90e-05	1.24e-03	1.55e-02	6.43e-02	7.12e-01	1.95e-01	1.25e-02
 5.42304e+21	5.52e-21	1.84e-15	3.41e-11	5.85e-08	2.21e-05	1.41e-03	1.70e-02	6.79e-02	7.15e-01	1.87e-01	1.14e-02
 5.58174e+21	6.83e-21	2.27e-15	4.16e-11	6.99e-08	2.59e-05	1.61e-03	1.87e-02	7.19e-02	7.19e-01	1.78e-01	1.04e-02
 5.71745e+21	8.15e-21	2.70e-15	4.90e-11	8.09e-08	2.95e-05	1.79e-03	2.02e-02	7.53e-02	7.21e-01	1.72e-01	9.58e-03
 5.85839e+21	9.67e-21	3.20e-15	5.77e-11	9.37e-08	3.36e-05	2.00e-03	2.19e-02	7.90e-02	7.23e-01	1.65e-01	8.81e-03
 6.04162e+21	1.19e-20	3.94e-15	7.07e-11	1.13e-07	3.97e-05	2.30e-03	2.43e-02	8.40e-02	7.25e-01	1.56e-01	7.88e-03
 6.22995e+21	1.46e-20	4.85e-15	8.67e-11	1.36e-07	4.70e-05	2.64e-03	2.69e-02	8.92e-02	7.27e-01	1.48e-01	7.05e-03
 6.38139e+21	1.71e-20	5.71e-15	1.02e-10	1.57e-07	5.34e-05	2.94e-03	2.91e-02	9.34e-02	7.27e-01	1.41e-01	6.46e-03
 6.53472e+21	1.98e-20	6.64e-15	1.18e-10	1.81e-07	6.07e-05	3.27e-03	3.14e-02	9.77e-02	7.27e-01	1.35e-01	5.90e-03
 6.73406e+21	2.35e-20	8.00e-15	1.43e-10	2.15e-07	7.13e-05	3.75e-03	3.47e-02	1.04e-01	7.26e-01	1.27e-01	5.24e-03
 6.94282e+21	2.80e-20	9.67e-15	1.73e-10	2.58e-07	8.40e-05	4.30e-03	3.83e-02	1.10e-01	7.23e-01	1.19e-01	4.64e-03
 7.11555e+21	3.23e-20	1.13e-14	2.02e-10	2.98e-07	9.58e-05	4.79e-03	4.13e-02	1.15e-01	7.21e-01	1.13e-01	4.20e-03
 7.26587e+21	3.62e-20	1.28e-14	2.30e-10	3.37e-07	1.07e-04	5.25e-03	4.41e-02	1.20e-01	7.19e-01	1.08e-01	3.86e-03
 7.43537e+21	4.06e-20	1.46e-14	2.65e-10	3.85e-07	1.21e-04	5.82e-03	4.75e-02	1.25e-01	7.15e-01	1.03e-01	3.50e-03
 7.65571e+21	4.65e-20	1.72e-14	3.16e-10	4.56e-07	1.41e-04	6.62e-03	5.20e-02	1.32e-01	7.10e-01	9.63e-02	3.08e-03
 7.86977e+21	5.36e-20	2.02e-14	3.75e-10	5.36e-07	1.64e-04	7.46e-03	5.65e-02	1.38e-01	7.04e-01	9.04e-02	2.74e-03
 8.02473e+21	5.89e-20	2.26e-14	4.22e-10	6.00e-07	1.82e-04	8.11e-03	5.99e-02	1.43e-01	7.00e-01	8.63e-02	2.51e-03
 8.17523e+21	6.45e-20	2.51e-14	4.73e-10	6.69e-07	2.00e-04	8.78e-03	6.32e-02	1.48e-01	6.95e-01	8.26e-02	2.32e-03
 8.37087e+21	7.11e-20	2.86e-14	5.45e-10	7.68e-07	2.27e-04	9.73e-03	6.78e-02	1.54e-01	6.89e-01	7.78e-02	2.08e-03
 8.58365e+21	7.97e-20	3.29e-14	6.36e-10	8.91e-07	2.60e-04	1.08e-02	7.29e-02	1.60e-01	6.81e-01	7.30e-02	1.85e-03
 8.77239e+21	8.84e-20	3.73e-14	7.29e-10	1.01e-06	2.91e-04	1.19e-02	7.74e-02	1.66e-01	6.74e-01	6.91e-02	1.68e-03
 8.97143e+21	9.71e-20	4.21e-14	8.36e-10	1.16e-06	3.28e-04	1.30e-02	8.24e-02	1.72e-01	6.66e-01	6.51e-02	1.51e-03
 9.23018e+21	1.09e-19	4.93e-14	9.97e-10	1.37e-06	3.82e-04	1.47e-02	8.92e-02	1.80e-01	6.55e-01	6.03e-02	1.32e-03
 9.49076e+21	1.25e-19	5.82e-14	1.19e-09	1.63e-06	4.44e-04	1.65e-02	9.60e-02	1.87e-01	6.43e-01	5.59e-02	1.16e-03
 9.69403e+21	1.39e-19	6.62e-14	1.37e-09	1.86e-06	4.96e-04	1.79e-02	1.01e-01	1.92e-01	6.34e-01	5.28e-02	1.04e-03
 9.89858e+21	1.52e-19	7.46e-14	1.57e-09	2.11e-06	5.55e-04	1.95e-02	1.07e-01	1.98e-01	6.24e-01	4.98e-02	9.42e-04
 1.01645e+22	1.71e-19	8.73e-14	1.87e-09	2.50e-06	6.41e-04	2.18e-02	1.14e-01	2.05e-01	6.11e-01	4.60e-02	8.25e-04
 1.04494e+22	1.97e-19	1.04e-13	2.26e-09	2.98e-06	7.46e-04	2.44e-02	1.23e-01	2.12e-01	5.97e-01	4.24e-02	7.18e-04
 1.06985e+22	2.23e-19	1.21e-13	2.65e-09	3.47e-06	8.47e-04	2.68e-02	1.30e-01	2.18e-01	5.84e-01	3.96e-02	6.38e-04
 1.09616e+22	2.51e-19	1.41e-13	3.14e-09	4.06e-06	9.67e-04	2.96e-02	1.38e-01	2.24e-01	5.70e-01	3.67e-02	5.62e-04
 1.12416e+22	2.86e-19	1.66e-13	3.75e-09	4.79e-06	1.11e-03	3.27e-02	1.46e-01	2.30e-01	5.56e-01	3.39e-02	4.92e-04
 1.14797e+22	3.26e-19	1.93e-13	4.37e-09	5.50e-06	1.24e-03	3.55e-02	1.53e-01	2.35e-01	5.43e-01	3.17e-02	4.42e-04
 1.17253e+22	3.66e-19	2.22e-13	5.09e-09	6.33e-06	1.39e-03	3.85e-02	1.61e-01	2.39e-01	5.30e-01	2.96e-02	3.95e-04
 1.20447e+22	4.25e-19	2.68e-13	6.21e-09	7.59e-06	1.61e-03	4.28e-02	1.70e-01	2.45e-01	5.13e-01	2.71e-02	3.41e-04
 1.23706e+22	5.02e-19	3.25e-13	7.58e-09	9.08e-06	1.86e-03	4.73e-02	1.80e-01	2.50e-01	4.95e-01	2.47e-02	2.95e-04
 1.26305e+22	5.75e-19	3.80e-13	8.87e-09	1.04e-05	2.08e-03	5.11e-02	1.88e-01	2.54e-01	4.82e-01	2.30e-02	2.63e-04
 1.28937e+22	6.54e-19	4.42e-13	1.04e-08	1.20e-05	2.33e-03	5.52e-02	1.96e-01	2.57e-01	4.68e-01	2.14e-02	2.34e-04
 1.32358e+22	7.75e-19	5.38e-13	1.27e-08	1.44e-05	2.68e-03	6.09e-02	2.06e-01	2.61e-01	4.50e-01	1.95e-02	2.02e-04
 1.35938e+22	9.34e-19	6.63e-13	1.56e-08	1.73e-05	3.09e-03	6.71e-02	2.16e-01	2.65e-01	4.31e-01	1.76e-02	1.73e-04
 1.38933e+22	1.09e-18	7.88e-13	1.86e-08	2.00e-05	3.47e-03	7.24e-02	2.24e-01	2.67e-01	4.16e-01	1.63e-02	1.53e-04
 1.42034e+22	1.28e-18	9.39e-13	2.21e-08	2.33e-05	3.90e-03	7.83e-02	2.33e-01	2.69e-01	4.00e-01	1.49e-02	1.34e-04
 1.46066e+22	1.58e-18	1.18e-12	2.76e-08	2.82e-05	4.52e-03	8.64e-02	2.44e-01	2.71e-01	3.80e-01	1.34e-02	1.13e-04
 1.50221e+22	1.96e-18	1.49e-12	3.46e-08	3.42e-05	5.23e-03	9.51e-02	2.55e-01	2.72e-01	3.60e-01	1.19e-02	9.51e-05
 1.53631e+22	2.36e-18	1.80e-12	4.15e-08	3.98e-05	5.87e-03	1.02e-01	2.64e-01	2.73e-01	3.45e-01	1.09e-02	8.28e-05
 1.57159e+22	2.83e-18	2.19e-12	4.99e-08	4.65e-05	6.60e-03	1.10e-01	2.72e-01	2.72e-01	3.29e-01	9.89e-03	7.18e-05
 1.61745e+22	3.61e-18	2.81e-12	6.32e-08	5.67e-05	7.64e-03	1.21e-01	2.83e-01	2.71e-01	3.08e-01	8.73e-03	5.96e-05
 1.66542e+22	4.67e-18	3.64e-12	8.04e-08	6.91e-05	8.84e-03	1.33e-01	2.93e-01	2.69e-01	2.88e-01	7.66e-03	4.92e-05
 1.70514e+22	5.77e-18	4.49e-12	9.75e-08	8.09e-05	9.93e-03	1.43e-01	3.01e-01	2.67e-01	2.72e-01	6.89e-03	4.21e-05
 1.74579e+22	7.15e-18	5.56e-12	1.18e-07	9.48e-05	1.12e-02	1.53e-01	3.08e-01	2.64e-01	2.56e-01	6.17e-03	3.59e-05
 1.79863e+22	9.46e-18	7.31e-12	1.52e-07	1.16e-04	1.29e-02	1.67e-01	3.17e-01	2.60e-01	2.37e-01	5.35e-03	2.92e-05
 1.85370e+22	1.27e-17	9.66e-12	1.95e-07	1.42e-04	1.49e-02	1.82e-01	3.26e-01	2.55e-01	2.18e-01	4.61e-03	2.37e-05
 1.89895e+22	1.61e-17	1.21e-11	2.38e-07	1.66e-04	1.67e-02	1.95e-01	3.32e-01	2.50e-01	2.03e-01	4.08e-03	1.99e-05
 1.94505e+22	2.05e-17	1.52e-11	2.89e-07	1.94e-04	1.86e-02	2.08e-01	3.37e-01	2.44e-01	1.89e-01	3.61e-03	1.67e-05
 2.00499e+22	2.81e-17	2.03e-11	3.73e-07	2.36e-04	2.14e-02	2.25e-01	3.42e-01	2.36e-01	1.72e-01	3.07e-03	1.33e-05
 2.06180e+22	3.77e-17	2.64e-11	4.68e-07	2.82e-04	2.43e-02	2.41e-01	3.47e-01	2.29e-01	1.57e-01	2.64e-03	1.08e-05
 2.10090e+22	4.58e-17	3.15e-11	5.45e-07	3.18e-04	2.63e-02	2.52e-01	3.49e-01	2.23e-01	1.47e-01	2.38e-03	9.38e-06
 2.13811e+22	5.54e-17	3.74e-11	6.30e-07	3.55e-04	2.84e-02	2.62e-01	3.51e-01	2.18e-01	1.38e-01	2.15e-03	8.18e-06
 2.18649e+22	7.07e-17	4.65e-11	7.57e-07	4.09e-04	3.13e-02	2.76e-01	3.52e-01	2.11e-01	1.28e-01	1.89e-03	6.84e-06
 2.24093e+22	9.25e-17	5.90e-11	9.26e-07	4.77e-04	3.48e-02	2.91e-01	3.53e-01	2.02e-01	1.16e-01	1.64e-03	5.62e-06
 2.29201e+22	1.18e-16	7.33e-11	1.11e-06	5.47e-04	3.82e-02	3.06e-01	3.53e-01	1.95e-01	1.07e-01	1.43e-03	4.68e-06
 2.34719e+22	1.54e-16	9.24e-11	1.35e-06	6.32e-04	4.21e-02	3.21e-01	3.52e-01	1.86e-01	9.74e-02	1.24e-03	3.85e-06
 2.41893e+22	2.16e-16	1.24e-10	1.71e-06	7.57e-04	4.75e-02	3.40e-01	3.49e-01	1.76e-01	8.62e-02	1.03e-03	3.00e-06
 2.49073e+22	3.00e-16	1.64e-10	2.16e-06	9.00e-04	5.33e-02	3.58e-01	3.46e-01	1.65e-01	7.61e-02	8.50e-04	2.33e-06
 2.54628e+22	3.83e-16	2.03e-10	2.57e-06	1.02e-03	5.79e-02	3.72e-01	3.42e-01	1.57e-01	6.93e-02	7.37e-04	1.93e-06
 2.60214e+22	4.90e-16	2.50e-10	3.05e-06	1.16e-03	6.28e-02	3.85e-01	3.38e-01	1.49e-01	6.29e-02	6.38e-04	1.60e-06
 2.67476e+22	6.70e-16	3.27e-10	3.78e-06	1.36e-03	6.96e-02	4.02e-01	3.32e-01	1.39e-01	5.54e-02	5.30e-04	1.25e-06
 2.75092e+22	9.18e-16	4.28e-10	4.70e-06	1.59e-03	7.70e-02	4.19e-01	3.25e-01	1.29e-01	4.86e-02	4.37e-04	9.71e-07
 2.81579e+22	1.19e-15	5.34e-10	5.61e-06	1.81e-03	8.35e-02	4.32e-01	3.18e-01	1.21e-01	4.34e-02	3.71e-04	0.00e+00
 2.88421e+22	1.56e-15	6.72e-10	6.74e-06	2.06e-03	9.07e-02	4.45e-01	3.10e-01	1.13e-01	3.86e-02	3.13e-04	0.00e+00
 2.97316e+22	2.20e-15	8.97e-10	8.48e-06	2.43e-03	1.00e-01	4.61e-01	3.00e-01	1.03e-01	3.31e-02	2.52e-04	0.00e+00
 3.06315e+22	3.07e-15	1.19e-09	1.06e-05	2.85e-03	1.11e-01	4.76e-01	2.88e-01	9.38e-02	2.83e-02	2.02e-04	0.00e+00
 3.13616e+22	3.98e-15	1.48e-09	1.26e-05	3.22e-03	1.19e-01	4.86e-01	2.79e-01	8.68e-02	2.50e-02	1.69e-04	0.00e+00
 3.21270e+22	5.22e-15	1.86e-09	1.51e-05	3.65e-03	1.29e-01	4.96e-01	2.69e-01	7.99e-02	2.19e-02	1.41e-04	0.00e+00
 3.31220e+22	7.34e-15	2.49e-09	1.89e-05	4.27e-03	1.41e-01	5.08e-01	2.56e-01	7.16e-02	1.85e-02	1.11e-04	0.00e+00
 3.40415e+22	9.91e-15	3.21e-09	2.31e-05	4.91e-03	1.53e-01	5.17e-01	2.44e-01	6.47e-02	1.58e-02	8.94e-05	0.00e+00
 3.46763e+22	1.21e-14	3.81e-09	2.64e-05	5.38e-03	1.62e-01	5.22e-01	2.36e-01	6.02e-02	1.42e-02	7.72e-05	0.00e+00
 3.53153e+22	1.48e-14	4.51e-09	3.02e-05	5.89e-03	1.71e-01	5.27e-01	2.28e-01	5.61e-02	1.27e-02	6.66e-05	0.00e+00
 3.61459e+22	1.93e-14	5.63e-09	3.58e-05	6.62e-03	1.82e-01	5.32e-01	2.17e-01	5.10e-02	1.11e-02	5.51e-05	0.00e+00
 3.70364e+22	2.52e-14	7.07e-09	4.28e-05	7.47e-03	1.95e-01	5.36e-01	2.05e-01	4.61e-02	9.51e-03	4.50e-05	0.00e+00
 3.78214e+22	3.16e-14	8.59e-09	4.97e-05	8.27e-03	2.06e-01	5.39e-01	1.96e-01	4.21e-02	8.34e-03	3.77e-05	0.00e+00
 3.86584e+22	4.04e-14	1.06e-08	5.84e-05	9.21e-03	2.19e-01	5.41e-01	1.86e-01	3.82e-02	7.26e-03	3.13e-05	0.00e+00
 3.97466e+22	5.47e-14	1.37e-08	7.12e-05	1.05e-02	2.35e-01	5.42e-01	1.73e-01	3.38e-02	6.09e-03	2.47e-05	0.00e+00
 4.08432e+22	7.43e-14	1.78e-08	8.71e-05	1.20e-02	2.52e-01	5.41e-01	1.61e-01	2.96e-02	5.06e-03	1.94e-05	0.00e+00
 4.16841e+22	9.26e-14	2.15e-08	1.01e-04	1.32e-02	2.65e-01	5.39e-01	1.52e-01	2.68e-02	4.41e-03	1.62e-05	0.00e+00
 4.25107e+22	1.16e-13	2.59e-08	1.17e-04	1.46e-02	2.78e-01	5.36e-01	1.43e-01	2.43e-02	3.86e-03	1.35e-05	0.00e+00
 4.35853e+22	1.54e-13	3.31e-08	1.40e-04	1.64e-02	2.95e-01	5.32e-01	1.32e-01	2.14e-02	3.24e-03	1.08e-05	0.00e+00
 4.47168e+22	2.05e-13	4.24e-08	1.70e-04	1.86e-02	3.13e-01	5.25e-01	1.22e-01	1.87e-02	2.70e-03	8.49e-06	0.00e+00
 4.56648e+22	2.60e-13	5.20e-08	1.98e-04	2.05e-02	3.28e-01	5.19e-01	1.13e-01	1.67e-02	2.32e-03	6.97e-06	0.00e+00
 4.66399e+22	3.32e-13	6.41e-08	2.33e-04	2.27e-02	3.43e-01	5.11e-01	1.05e-01	1.49e-02	1.98e-03	5.71e-06	0.00e+00
 4.79074e+22	4.55e-13	8.41e-08	2.86e-04	2.58e-02	3.64e-01	5.00e-01	9.53e-02	1.28e-02	1.62e-03	4.41e-06	0.00e+00
 4.91657e+22	6.15e-13	1.09e-07	3.49e-04	2.92e-02	3.84e-01	4.88e-01	8.60e-02	1.09e-02	1.33e-03	3.41e-06	0.00e+00
 5.01310e+22	7.76e-13	1.34e-07	4.07e-04	3.21e-02	3.99e-01	4.78e-01	7.94e-02	9.72e-03	1.14e-03	2.81e-06	0.00e+00
 5.11047e+22	9.83e-13	1.64e-07	4.75e-04	3.53e-02	4.15e-01	4.67e-01	7.32e-02	8.63e-03	9.77e-04	2.31e-06	0.00e+00
 5.23705e+22	1.34e-12	2.14e-07	5.81e-04	3.98e-02	4.34e-01	4.51e-01	6.56e-02	7.39e-03	8.01e-04	1.80e-06	0.00e+00
 5.36454e+22	1.81e-12	2.80e-07	7.11e-04	4.48e-02	4.54e-01	4.35e-01	5.86e-02	6.30e-03	6.55e-04	1.40e-06	0.00e+00
 5.46688e+22	2.30e-12	3.46e-07	8.36e-04	4.92e-02	4.69e-01	4.22e-01	5.35e-02	5.56e-03	5.60e-04	1.15e-06	0.00e+00
 5.57362e+22	3.02e-12	4.37e-07	9.98e-04	5.44e-02	4.85e-01	4.06e-01	4.84e-02	4.85e-03	4.71e-04	9.28e-07	0.00e+00
 5.69260e+22	4.04e-12	5.65e-07	1.21e-03	6.06e-02	5.01e-01	3.89e-01	4.32e-02	4.17e-03	3.91e-04	0.00e+00	0.00e+00
 5.80166e+22	5.30e-12	7.17e-07	1.46e-03	6.69e-02	5.16e-01	3.73e-01	3.89e-02	3.63e-03	3.29e-04	0.00e+00	0.00e+00
 5.89485e+22	6.73e-12	8.85e-07	1.71e-03	7.29e-02	5.28e-01	3.59e-01	3.54e-02	3.22e-03	2.84e-04	0.00e+00	0.00e+00
 5.99324e+22	8.71e-12	1.11e-06	2.03e-03	7.97e-02	5.40e-01	3.43e-01	3.20e-02	2.83e-03	2.43e-04	0.00e+00	0.00e+00
 6.10131e+22	1.15e-11	1.42e-06	2.46e-03	8.79e-02	5.52e-01	3.27e-01	2.86e-02	2.46e-03	2.04e-04	0.00e+00	0.00e+00
 6.19706e+22	1.50e-11	1.79e-06	2.95e-03	9.61e-02	5.61e-01	3.11e-01	2.58e-02	2.16e-03	1.75e-04	0.00e+00	0.00e+00
 6.27756e+22	1.89e-11	2.19e-06	3.46e-03	1.04e-01	5.69e-01	2.98e-01	2.36e-02	1.94e-03	1.53e-04	0.00e+00	0.00e+00
 6.34639e+22	2.31e-11	2.62e-06	3.98e-03	1.11e-01	5.75e-01	2.87e-01	2.18e-02	1.76e-03	1.37e-04	0.00e+00	0.00e+00
 6.40864e+22	2.79e-11	3.09e-06	4.54e-03	1.18e-01	5.79e-01	2.76e-01	2.03e-02	1.61e-03	1.23e-04	0.00e+00	0.00e+00
 6.47905e+22	3.41e-11	3.75e-06	5.29e-03	1.26e-01	5.84e-01	2.64e-01	1.86e-02	1.46e-03	1.09e-04	0.00e+00	0.00e+00
 6.55423e+22	4.42e-11	4.64e-06	6.29e-03	1.36e-01	5.88e-01	2.52e-01	1.69e-02	1.31e-03	9.59e-05	0.00e+00	0.00e+00
 6.61602e+22	5.34e-11	5.59e-06	7.32e-03	1.45e-01	5.90e-01	2.41e-01	1.56e-02	1.19e-03	8.58e-05	0.00e+00	0.00e+00
 6.66574e+22	6.51e-11	6.54e-06	8.33e-03	1.53e-01	5.91e-01	2.32e-01	1.46e-02	1.10e-03	7.84e-05	0.00e+00	0.00e+00
 6.71938e+22	7.91e-11	7.78e-06	9.62e-03	1.62e-01	5.91e-01	2.22e-01	1.35e-02	1.01e-03	7.08e-05	0.00e+00	0.00e+00
 6.77734e+22	9.69e-11	9.47e-06	1.13e-02	1.73e-01	5.91e-01	2.11e-01	1.24e-02	9.21e-04	6.33e-05	0.00e+00	0.00e+00
 6.82665e+22	1.20e-10	1.13e-05	1.32e-02	1.84e-01	5.89e-01	2.02e-01	1.16e-02	8.49e-04	5.77e-05	0.00e+00	0.00e+00
 6.86638e+22	1.43e-10	1.31e-05	1.50e-02	1.93e-01	5.87e-01	1.94e-01	1.08e-02	7.90e-04	5.30e-05	0.00e+00	0.00e+00
 6.90791e+22	1.71e-10	1.55e-05	1.73e-02	2.03e-01	5.84e-01	1.85e-01	1.01e-02	7.31e-04	4.85e-05	0.00e+00	0.00e+00
 6.95362e+22	2.12e-10	1.87e-05	2.04e-02	2.15e-01	5.79e-01	1.76e-01	9.26e-03	6.69e-04	4.38e-05	0.00e+00	0.00e+00
 6.99332e+22	2.55e-10	2.24e-05	2.39e-02	2.28e-01	5.73e-01	1.67e-01	8.54e-03	6.14e-04	3.96e-05	0.00e+00	0.00e+00
 7.02564e+22	3.05e-10	2.60e-05	2.73e-02	2.38e-01	5.67e-01	1.59e-01	8.01e-03	5.74e-04	3.67e-05	0.00e+00	0.00e+00
 7.05495e+22	3.58e-10	3.00e-05	3.10e-02	2.49e-01	5.60e-01	1.52e-01	7.50e-03	5.36e-04	3.39e-05	0.00e+00	0.00e+00
 7.08824e+22	4.32e-10	3.55e-05	3.61e-02	2.61e-01	5.51e-01	1.44e-01	6.92e-03	4.93e-04	3.09e-05	0.00e+00	0.00e+00
 7.12394e+22	5.36e-10	4.31e-05	4.30e-02	2.76e-01	5.40e-01	1.35e-01	6.30e-03	4.48e-04	2.77e-05	0.00e+00	0.00e+00
 7.15366e+22	6.51e-10	5.16e-05	5.06e-02	2.90e-01	5.27e-01	1.26e-01	5.76e-03	4.10e-04	2.50e-05	0.00e+00	0.00e+00
 7.17734e+22	7.60e-10	5.98e-05	5.79e-02	3.01e-01	5.16e-01	1.19e-01	5.34e-03	3.79e-04	2.29e-05	0.00e+00	0.00e+00
 7.20232e+22	9.05e-10	6.99e-05	6.68e-02	3.14e-01	5.02e-01	1.12e-01	4.89e-03	3.48e-04	2.08e-05	0.00e+00	0.00e+00
 7.23017e+22	1.11e-09	8.37e-05	7.90e-02	3.28e-01	4.85e-01	1.03e-01	4.42e-03	3.14e-04	1.86e-05	0.00e+00	0.00e+00
 7.25511e+22	1.35e-09	9.99e-05	9.29e-02	3.41e-01	4.66e-01	9.52e-02	3.97e-03	2.83e-04	1.65e-05	0.00e+00	0.00e+00
 7.27590e+22	1.60e-09	1.17e-04	1.07e-01	3.53e-01	4.48e-01	8.80e-02	3.59e-03	2.56e-04	1.48e-05	0.00e+00	0.00e+00
 7.29794e+22	1.90e-09	1.37e-04	1.24e-01	3.64e-01	4.27e-01	8.03e-02	3.20e-03	2.30e-04	1.31e-05	0.00e+00	0.00e+00
 7.32230e+22	2.33e-09	1.64e-04	1.47e-01	3.77e-01	4.02e-01	7.16e-02	2.78e-03	2.00e-04	1.13e-05	0.00e+00	0.00e+00
 7.34399e+22	2.81e-09	1.95e-04	1.72e-01	3.86e-01	3.75e-01	6.37e-02	2.41e-03	1.74e-04	9.66e-06	0.00e+00	0.00e+00
 7.36247e+22	3.30e-09	2.25e-04	1.97e-01	3.93e-01	3.51e-01	5.68e-02	2.10e-03	1.53e-04	8.34e-06	0.00e+00	0.00e+00
 7.38252e+22	3.90e-09	2.62e-04	2.26e-01	3.98e-01	3.24e-01	4.98e-02	1.79e-03	1.31e-04	7.04e-06	0.00e+00	0.00e+00
 7.40510e+22	4.70e-09	3.10e-04	2.63e-01	4.01e-01	2.92e-01	4.22e-02	1.47e-03	1.09e-04	5.73e-06	0.00e+00	0.00e+00
 7.42614e+22	5.58e-09	3.61e-04	3.03e-01	4.00e-01	2.61e-01	3.54e-02	1.20e-03	8.95e-05	4.61e-06	0.00e+00	0.00e+00
 7.44512e+22	6.45e-09	4.10e-04	3.40e-01	3.95e-01	2.33e-01	2.99e-02	9.83e-04	7.42e-05	3.76e-06	0.00e+00	0.00e+00
 7.46625e+22	7.56e-09	4.71e-04	3.83e-01	3.87e-01	2.04e-01	2.44e-02	7.73e-04	5.91e-05	2.92e-06	0.00e+00	0.00e+00
 7.48950e+22	8.87e-09	5.40e-04	4.32e-01	3.74e-01	1.73e-01	1.92e-02	5.87e-04	4.55e-05	2.18e-06	0.00e+00	0.00e+00
 7.51065e+22	1.02e-08	6.06e-04	4.77e-01	3.59e-01	1.48e-01	1.53e-02	4.51e-04	3.54e-05	1.65e-06	0.00e+00	0.00e+00
 7.53025e+22	1.14e-08	6.66e-04	5.16e-01	3.43e-01	1.27e-01	1.23e-02	3.51e-04	2.79e-05	1.27e-06	0.00e+00	0.00e+00
 7.55267e+22	1.29e-08	7.34e-04	5.58e-01	3.24e-01	1.07e-01	9.55e-03	2.63e-04	2.12e-05	9.37e-07	0.00e+00	0.00e+00
 7.58182e+22	1.48e-08	8.19e-04	6.08e-01	2.99e-01	8.49e-02	6.90e-03	1.82e-04	1.49e-05	0.00e+00	0.00e+00	0.00e+00
 7.61224e+22	1.68e-08	9.04e-04	6.55e-01	2.72e-01	6.70e-02	4.94e-03	1.25e-04	1.04e-05	0.00e+00	0.00e+00	0.00e+00
 7.63860e+22	1.85e-08	9.72e-04	6.89e-01	2.51e-01	5.50e-02	3.74e-03	9.10e-05	7.71e-06	0.00e+00	0.00e+00	0.00e+00
 7.66717e+22	2.04e-08	1.04e-03	7.22e-01	2.29e-01	4.49e-02	2.80e-03	6.58e-05	5.66e-06	0.00e+00	0.00e+00	0.00e+00
 7.70303e+22	2.27e-08	1.12e-03	7.56e-01	2.05e-01	3.53e-02	2.00e-03	4.51e-05	3.94e-06	0.00e+00	0.00e+00	0.00e+00
 7.74309e+22	2.52e-08	1.20e-03	7.88e-01	1.82e-01	2.76e-02	1.42e-03	3.07e-05	2.72e-06	0.00e+00	0.00e+00	0.00e+00
 7.78379e+22	2.77e-08	1.28e-03	8.14e-01	1.62e-01	2.20e-02	1.03e-03	2.16e-05	1.93e-06	0.00e+00	0.00e+00	0.00e+00
 7.82578e+22	3.02e-08	1.35e-03	8.36e-01	1.44e-01	1.78e-02	7.71e-04	1.56e-05	1.41e-06	0.00e+00	0.00e+00	0.00e+00
 7.87155e+22	3.28e-08	1.42e-03	8.55e-01	1.28e-01	1.45e-02	5.80e-04	1.14e-05	1.03e-06	0.00e+00	0.00e+00	0.00e+00
 7.92231e+22	3.57e-08	1.49e-03	8.73e-01	1.13e-01	1.19e-02	4.37e-04	8.34e-06	7.62e-07	0.00e+00	0.00e+00	0.00e+00
 7.97800e+22	3.89e-08	1.57e-03	8.89e-01	9.93e-02	9.82e-03	3.34e-04	6.21e-06	0.00e+00	0.00e+00	0.00e+00	0.00e+00
 8.03918e+22	4.23e-08	1.65e-03	9.03e-01	8.70e-02	8.19e-03	2.57e-04	4.68e-06	0.00e+00	0.00e+00	0.00e+00	0.00e+00
 8.10637e+22	4.60e-08	1.72e-03	9.15e-01	7.60e-02	6.92e-03	2.00e-04	3.59e-06	0.00e+00	0.00e+00	0.00e+00	0.00e+00
 8.18088e+22	5.01e-08	1.81e-03	9.26e-01	6.61e-02	5.91e-03	1.56e-04	2.79e-06	0.00e+00	0.00e+00	0.00e+00	0.00e+00
 8.26531e+22	5.47e-08	1.89e-03	9.36e-01	5.72e-02	5.11e-03	1.23e-04	2.20e-06	0.00e+00	0.00e+00	0.00e+00	0.00e+00
 8.36135e+22	5.99e-08	1.99e-03	9.44e-01	4.91e-02	4.46e-03	9.68e-05	1.75e-06	0.00e+00	0.00e+00	0.00e+00	0.00e+00
 8.47043e+22	6.59e-08	2.09e-03	9.52e-01	4.19e-02	3.94e-03	7.63e-05	1.42e-06	0.00e+00	0.00e+00	0.00e+00	0.00e+00
 8.59560e+22	7.29e-08	2.21e-03	9.59e-01	3.56e-02	3.52e-03	6.01e-05	1.16e-06	0.00e+00	0.00e+00	0.00e+00	0.00e+00
 8.74108e+22	8.12e-08	2.33e-03	9.64e-01	3.00e-02	3.17e-03	4.71e-05	9.57e-07	0.00e+00	0.00e+00	0.00e+00	0.00e+00
 8.91370e+22	9.17e-08	2.49e-03	9.70e-01	2.49e-02	2.86e-03	3.65e-05	0.00e+00	0.00e+00	0.00e+00	0.00e+00	0.00e+00
 9.11539e+22	1.04e-07	2.66e-03	9.74e-01	2.06e-02	2.60e-03	2.82e-05	0.00e+00	0.00e+00	0.00e+00	0.00e+00	0.00e+00
 9.36238e+22	1.20e-07	2.86e-03	9.78e-01	1.68e-02	2.37e-03	2.14e-05	0.00e+00	0.00e+00	0.00e+00	0.00e+00	0.00e+00
 9.68348e+22	1.42e-07	3.12e-03	9.81e-01	1.34e-02	2.15e-03	1.58e-05	0.00e+00	0.00e+00	0.00e+00	0.00e+00	0.00e+00
 1.00278e+23	1.69e-07	3.42e-03	9.84e-01	1.09e-02	1.96e-03	1.19e-05	0.00e+00	0.00e+00	0.00e+00	0.00e+00	0.00e+00
 1.03015e+23	1.94e-07	3.67e-03	9.85e-01	9.53e-03	1.83e-03	9.77e-06	0.00e+00	0.00e+00	0.00e+00	0.00e+00	0.00e+00
 1.05110e+23	2.13e-07	3.85e-03	9.86e-01	8.68e-03	1.76e-03	8.55e-06	0.00e+00	0.00e+00	0.00e+00	0.00e+00	0.00e+00
 1.07376e+23	2.34e-07	4.05e-03	9.86e-01	7.88e-03	1.68e-03	7.48e-06	0.00e+00	0.00e+00	0.00e+00	0.00e+00	0.00e+00
 1.10321e+23	2.64e-07	4.30e-03	9.87e-01	7.02e-03	1.60e-03	6.38e-06	0.00e+00	0.00e+00	0.00e+00	0.00e+00	0.00e+00
 1.14151e+23	3.06e-07	4.64e-03	9.88e-01	6.15e-03	1.51e-03	5.30e-06	0.00e+00	0.00e+00	0.00e+00	0.00e+00	0.00e+00
 1.17964e+23	3.58e-07	5.01e-03	9.88e-01	5.51e-03	1.42e-03	4.50e-06	0.00e+00	0.00e+00	0.00e+00	0.00e+00	0.00e+00
 1.20730e+23	4.03e-07	5.30e-03	9.88e-01	5.14e-03	1.37e-03	4.04e-06	0.00e+00	0.00e+00	0.00e+00	0.00e+00	0.00e+00
 1.22853e+23	4.39e-07	5.52e-03	9.88e-01	4.89e-03	1.33e-03	3.74e-06	0.00e+00	0.00e+00	0.00e+00	0.00e+00	0.00e+00
 1.25166e+23	4.81e-07	5.76e-03	9.88e-01	4.61e-03	1.29e-03	3.45e-06	0.00e+00	0.00e+00	0.00e+00	0.00e+00	0.00e+00
 1.28173e+23	5.43e-07	6.09e-03	9.88e-01	4.28e-03	1.24e-03	3.11e-06	0.00e+00	0.00e+00	0.00e+00	0.00e+00	0.00e+00
 1.31338e+23	6.27e-07	6.48e-03	9.88e-01	3.97e-03	1.19e-03	2.79e-06	0.00e+00	0.00e+00	0.00e+00	0.00e+00	0.00e+00
 1.33826e+23	7.10e-07	6.82e-03	9.88e-01	3.75e-03	1.15e-03	2.56e-06	0.00e+00	0.00e+00	0.00e+00	0.00e+00	0.00e+00
 1.35674e+23	7.86e-07	7.11e-03	9.88e-01	3.58e-03	1.11e-03	2.39e-06	0.00e+00	0.00e+00	0.00e+00	0.00e+00	0.00e+00
 1.37572e+23	8.70e-07	7.41e-03	9.88e-01	3.39e-03	1.08e-03	2.23e-06	0.00e+00	0.00e+00	0.00e+00	0.00e+00	0.00e+00
 1.40039e+23	1.00e-06	7.84e-03	9.88e-01	3.13e-03	1.03e-03	2.00e-06	0.00e+00	0.00e+00	0.00e+00	0.00e+00	0.00e+00
 1.42502e+23	1.19e-06	8.37e-03	9.88e-01	2.85e-03	9.62e-04	1.76e-06	0.00e+00	0.00e+00	0.00e+00	0.00e+00	0.00e+00
 1.44235e+23	1.37e-06	8.81e-03	9.88e-01	2.63e-03	9.08e-04	1.58e-06	0.00e+00	0.00e+00	0.00e+00	0.00e+00	0.00e+00
 1.45418e+23	1.53e-06	9.16e-03	9.87e-01	2.48e-03	8.68e-04	1.45e-06	0.00e+00	0.00e+00	0.00e+00	0.00e+00	0.00e+00
 1.46612e+23	1.70e-06	9.54e-03	9.87e-01	2.32e-03	8.27e-04	1.33e-06	0.00e+00	0.00e+00	0.00e+00	0.00e+00	0.00e+00
 1.48163e+23	1.98e-06	1.01e-02	9.87e-01	2.09e-03	7.69e-04	1.16e-06	0.00e+00	0.00e+00	0.00e+00	0.00e+00	0.00e+00
 1.49708e+23	2.38e-06	1.08e-02	9.87e-01	1.83e-03	6.96e-04	9.63e-07	0.00e+00	0.00e+00	0.00e+00	0.00e+00	0.00e+00
 1.50777e+23	2.78e-06	1.14e-02	9.86e-01	1.64e-03	6.35e-04	0.00e+00	0.00e+00	0.00e+00	0.00e+00	0.00e+00	0.00e+00
 1.51308e+23	3.05e-06	1.18e-02	9.86e-01	1.54e-03	6.00e-04	0.00e+00	0.00e+00	0.00e+00	0.00e+00	0.00e+00	0.00e+00
 1.51518e+23	3.17e-06	1.19e-02	9.86e-01	1.51e-03	5.87e-04	0.00e+00	0.00e+00	0.00e+00	0.00e+00	0.00e+00	0.00e+00
 1.51701e+23	3.27e-06	1.21e-02	9.86e-01	1.48e-03	5.76e-04	0.00e+00	0.00e+00	0.00e+00	0.00e+00	0.00e+00	0.00e+00
 1.51939e+23	3.41e-06	1.23e-02	9.86e-01	1.44e-03	5.63e-04	0.00e+00	0.00e+00	0.00e+00	0.00e+00	0.00e+00	0.00e+00
 1.52248e+23	3.60e-06	1.25e-02	9.86e-01	1.38e-03	5.46e-04	0.00e+00	0.00e+00	0.00e+00	0.00e+00	0.00e+00	0.00e+00
 1.52649e+23	3.87e-06	1.29e-02	9.85e-01	1.31e-03	5.22e-04	0.00e+00	0.00e+00	0.00e+00	0.00e+00	0.00e+00	0.00e+00
 1.53065e+23	4.21e-06	1.33e-02	9.85e-01	1.23e-03	4.95e-04	0.00e+00	0.00e+00	0.00e+00	0.00e+00	0.00e+00	0.00e+00
 1.53383e+23	4.52e-06	1.36e-02	9.85e-01	1.16e-03	4.73e-04	0.00e+00	0.00e+00	0.00e+00	0.00e+00	0.00e+00	0.00e+00
 1.53623e+23	4.78e-06	1.39e-02	9.85e-01	1.12e-03	4.58e-04	0.00e+00	0.00e+00	0.00e+00	0.00e+00	0.00e+00	0.00e+00
 1.53876e+23	5.07e-06	1.42e-02	9.84e-01	1.07e-03	4.42e-04	0.00e+00	0.00e+00	0.00e+00	0.00e+00	0.00e+00	0.00e+00
 1.54205e+23	5.49e-06	1.47e-02	9.84e-01	1.01e-03	4.21e-04	0.00e+00	0.00e+00	0.00e+00	0.00e+00	0.00e+00	0.00e+00
 1.54543e+23	5.99e-06	1.52e-02	9.83e-01	9.47e-04	3.97e-04	0.00e+00	0.00e+00	0.00e+00	0.00e+00	0.00e+00	0.00e+00
 1.54797e+23	6.45e-06	1.56e-02	9.83e-01	8.96e-04	3.78e-04	0.00e+00	0.00e+00	0.00e+00	0.00e+00	0.00e+00	0.00e+00
 1.54987e+23	6.83e-06	1.60e-02	9.83e-01	8.61e-04	3.65e-04	0.00e+00	0.00e+00	0.00e+00	0.00e+00	0.00e+00	0.00e+00
 1.55189e+23	7.27e-06	1.64e-02	9.82e-01	8.26e-04	3.52e-04	0.00e+00	0.00e+00	0.00e+00	0.00e+00	0.00e+00	0.00e+00
 1.55451e+23	7.92e-06	1.69e-02	9.82e-01	7.80e-04	3.34e-04	0.00e+00	0.00e+00	0.00e+00	0.00e+00	0.00e+00	0.00e+00
 1.55724e+23	8.67e-06	1.75e-02	9.81e-01	7.28e-04	3.15e-04	0.00e+00	0.00e+00	0.00e+00	0.00e+00	0.00e+00	0.00e+00
 1.55936e+23	9.40e-06	1.81e-02	9.81e-01	6.88e-04	2.99e-04	0.00e+00	0.00e+00	0.00e+00	0.00e+00	0.00e+00	0.00e+00
 1.56096e+23	1.00e-05	1.85e-02	9.80e-01	6.59e-04	2.87e-04	0.00e+00	0.00e+00	0.00e+00	0.00e+00	0.00e+00	0.00e+00
 1.56265e+23	1.07e-05	1.91e-02	9.80e-01	6.31e-04	2.76e-04	0.00e+00	0.00e+00	0.00e+00	0.00e+00	0.00e+00	0.00e+00
 1.56485e+23	1.18e-05	1.98e-02	9.79e-01	5.94e-04	2.62e-04	0.00e+00	0.00e+00	0.00e+00	0.00e+00	0.00e+00	0.00e+00
 1.56713e+23	1.30e-05	2.06e-02	9.79e-01	5.53e-04	2.45e-04	0.00e+00	0.00e+00	0.00e+00	0.00e+00	0.00e+00	0.00e+00
 1.56889e+23	1.43e-05	2.14e-02	9.78e-01	5.21e-04	2.32e-04	0.00e+00	0.00e+00	0.00e+00	0.00e+00	0.00e+00	0.00e+00
 1.57022e+23	1.53e-05	2.19e-02	9.77e-01	4.99e-04	2.22e-04	0.00e+00	0.00e+00	0.00e+00	0.00e+00	0.00e+00	0.00e+00
 1.57163e+23	1.65e-05	2.27e-02	9.77e-01	4.76e-04	2.13e-04	0.00e+00	0.00e+00	0.00e+00	0.00e+00	0.00e+00	0.00e+00
 1.57348e+23	1.83e-05	2.37e-02	9.76e-01	4.47e-04	2.01e-04	0.00e+00	0.00e+00	0.00e+00	0.00e+00	0.00e+00	0.00e+00
 1.57540e+23	2.06e-05	2.48e-02	9.75e-01	4.14e-04	1.87e-04	0.00e+00	0.00e+00	0.00e+00	0.00e+00	0.00e+00	0.00e+00
 1.57690e+23	2.26e-05	2.58e-02	9.74e-01	3.88e-04	1.76e-04	0.00e+00	0.00e+00	0.00e+00	0.00e+00	0.00e+00	0.00e+00
 1.57805e+23	2.46e-05	2.66e-02	9.73e-01	3.70e-04	1.68e-04	0.00e+00	0.00e+00	0.00e+00	0.00e+00	0.00e+00	0.00e+00
 1.57928e+23	2.68e-05	2.76e-02	9.72e-01	3.51e-04	1.60e-04	0.00e+00	0.00e+00	0.00e+00	0.00e+00	0.00e+00	0.00e+00
 1.58088e+23	3.02e-05	2.91e-02	9.70e-01	3.28e-04	1.50e-04	0.00e+00	0.00e+00	0.00e+00	0.00e+00	0.00e+00	0.00e+00
 1.58257e+23	3.48e-05	3.08e-02	9.69e-01	3.00e-04	1.37e-04	0.00e+00	0.00e+00	0.00e+00	0.00e+00	0.00e+00	0.00e+00
 1.58391e+23	3.95e-05	3.24e-02	9.67e-01	2.78e-04	1.27e-04	0.00e+00	0.00e+00	0.00e+00	0.00e+00	0.00e+00	0.00e+00
 1.58497e+23	4.38e-05	3.38e-02	9.66e-01	2.61e-04	1.20e-04	0.00e+00	0.00e+00	0.00e+00	0.00e+00	0.00e+00	0.00e+00
 1.58610e+23	4.92e-05	3.55e-02	9.64e-01	2.45e-04	1.13e-04	0.00e+00	0.00e+00	0.00e+00	0.00e+00	0.00e+00	0.00e+00
 1.58757e+23	5.75e-05	3.80e-02	9.62e-01	2.24e-04	1.04e-04	0.00e+00	0.00e+00	0.00e+00	0.00e+00	0.00e+00	0.00e+00
 1.58905e+23	6.87e-05	4.09e-02	9.59e-01	2.00e-04	9.28e-05	0.00e+00	0.00e+00	0.00e+00	0.00e+00	0.00e+00	0.00e+00
 1.59012e+23	7.98e-05	4.34e-02	9.56e-01	1.83e-04	8.49e-05	0.00e+00	0.00e+00	0.00e+00	0.00e+00	0.00e+00	0.00e+00
 1.59088e+23	8.90e-05	4.54e-02	9.54e-01	1.72e-04	7.98e-05	0.00e+00	0.00e+00	0.00e+00	0.00e+00	0.00e+00	0.00e+00
 1.59168e+23	1.01e-04	4.78e-02	9.52e-01	1.62e-04	7.49e-05	0.00e+00	0.00e+00	0.00e+00	0.00e+00	0.00e+00	0.00e+00
 1.59271e+23	1.19e-04	5.14e-02	9.48e-01	1.47e-04	6.83e-05	0.00e+00	0.00e+00	0.00e+00	0.00e+00	0.00e+00	0.00e+00
 1.59378e+23	1.43e-04	5.55e-02	9.44e-01	1.31e-04	6.08e-05	0.00e+00	0.00e+00	0.00e+00	0.00e+00	0.00e+00	0.00e+00
 1.59461e+23	1.70e-04	5.94e-02	9.40e-01	1.18e-04	5.49e-05	0.00e+00	0.00e+00	0.00e+00	0.00e+00	0.00e+00	0.00e+00
 1.59521e+23	1.92e-04	6.24e-02	9.37e-01	1.10e-04	5.11e-05	0.00e+00	0.00e+00	0.00e+00	0.00e+00	0.00e+00	0.00e+00
 1.59582e+23	2.20e-04	6.63e-02	9.33e-01	1.03e-04	4.75e-05	0.00e+00	0.00e+00	0.00e+00	0.00e+00	0.00e+00	0.00e+00
 1.59661e+23	2.65e-04	7.17e-02	9.28e-01	9.27e-05	4.28e-05	0.00e+00	0.00e+00	0.00e+00	0.00e+00	0.00e+00	0.00e+00
 1.59742e+23	3.25e-04	7.80e-02	9.22e-01	8.14e-05	3.75e-05	0.00e+00	0.00e+00	0.00e+00	0.00e+00	0.00e+00	0.00e+00
 1.59802e+23	3.89e-04	8.36e-02	9.16e-01	7.32e-05	3.36e-05	0.00e+00	0.00e+00	0.00e+00	0.00e+00	0.00e+00	0.00e+00
 1.59845e+23	4.44e-04	8.82e-02	9.11e-01	6.81e-05	3.12e-05	0.00e+00	0.00e+00	0.00e+00	0.00e+00	0.00e+00	0.00e+00
 1.59889e+23	5.14e-04	9.38e-02	9.06e-01	6.34e-05	2.89e-05	0.00e+00	0.00e+00	0.00e+00	0.00e+00	0.00e+00	0.00e+00
 1.59945e+23	6.20e-04	1.02e-01	8.98e-01	5.73e-05	2.60e-05	0.00e+00	0.00e+00	0.00e+00	0.00e+00	0.00e+00	0.00e+00
 1.60006e+23	7.67e-04	1.11e-01	8.88e-01	5.05e-05	2.28e-05	0.00e+00	0.00e+00	0.00e+00	0.00e+00	0.00e+00	0.00e+00
 1.60053e+23	9.36e-04	1.20e-01	8.79e-01	4.52e-05	2.03e-05	0.00e+00	0.00e+00	0.00e+00	0.00e+00	0.00e+00	0.00e+00
 1.60088e+23	1.09e-03	1.27e-01	8.72e-01	4.20e-05	1.87e-05	0.00e+00	0.00e+00	0.00e+00	0.00e+00	0.00e+00	0.00e+00
 1.60124e+23	1.28e-03	1.36e-01	8.63e-01	3.90e-05	1.73e-05	0.00e+00	0.00e+00	0.00e+00	0.00e+00	0.00e+00	0.00e+00
 1.60170e+23	1.58e-03	1.48e-01	8.50e-01	3.53e-05	1.55e-05	0.00e+00	0.00e+00	0.00e+00	0.00e+00	0.00e+00	0.00e+00
 1.60217e+23	1.99e-03	1.62e-01	8.36e-01	3.12e-05	1.35e-05	0.00e+00	0.00e+00	0.00e+00	0.00e+00	0.00e+00	0.00e+00
 1.60253e+23	2.42e-03	1.74e-01	8.24e-01	2.85e-05	1.22e-05	0.00e+00	0.00e+00	0.00e+00	0.00e+00	0.00e+00	0.00e+00
 1.60279e+23	2.84e-03	1.85e-01	8.12e-01	2.68e-05	1.14e-05	0.00e+00	0.00e+00	0.00e+00	0.00e+00	0.00e+00	0.00e+00
 1.60306e+23	3.35e-03	1.97e-01	7.99e-01	2.53e-05	1.06e-05	0.00e+00	0.00e+00	0.00e+00	0.00e+00	0.00e+00	0.00e+00
 1.60339e+23	4.07e-03	2.13e-01	7.83e-01	2.34e-05	9.65e-06	0.00e+00	0.00e+00	0.00e+00	0.00e+00	0.00e+00	0.00e+00
 1.60370e+23	4.94e-03	2.28e-01	7.67e-01	2.15e-05	8.76e-06	0.00e+00	0.00e+00	0.00e+00	0.00e+00	0.00e+00	0.00e+00
 1.60393e+23	5.76e-03	2.41e-01	7.54e-01	2.04e-05	8.19e-06	0.00e+00	0.00e+00	0.00e+00	0.00e+00	0.00e+00	0.00e+00
 1.60410e+23	6.55e-03	2.52e-01	7.41e-01	1.97e-05	7.80e-06	0.00e+00	0.00e+00	0.00e+00	0.00e+00	0.00e+00	0.00e+00
 1.60428e+23	7.47e-03	2.65e-01	7.28e-01	1.90e-05	7.41e-06	0.00e+00	0.00e+00	0.00e+00	0.00e+00	0.00e+00	0.00e+00
 1.60449e+23	8.65e-03	2.79e-01	7.12e-01	1.81e-05	6.95e-06	0.00e+00	0.00e+00	0.00e+00	0.00e+00	0.00e+00	0.00e+00
 1.60465e+23	9.72e-03	2.90e-01	7.00e-01	1.74e-05	6.59e-06	0.00e+00	0.00e+00	0.00e+00	0.00e+00	0.00e+00	0.00e+00
 1.60474e+23	1.05e-02	2.97e-01	6.92e-01	1.71e-05	6.43e-06	0.00e+00	0.00e+00	0.00e+00	0.00e+00	0.00e+00	0.00e+00
 1.60481e+23	1.12e-02	3.04e-01	6.85e-01	1.69e-05	6.31e-06	0.00e+00	0.00e+00	0.00e+00	0.00e+00	0.00e+00	0.00e+00
 1.60491e+23	1.21e-02	3.13e-01	6.75e-01	1.66e-05	6.13e-06	0.00e+00	0.00e+00	0.00e+00	0.00e+00	0.00e+00	0.00e+00
 1.60503e+23	1.32e-02	3.23e-01	6.64e-01	1.62e-05	5.91e-06	0.00e+00	0.00e+00	0.00e+00	0.00e+00	0.00e+00	0.00e+00
 1.60515e+23	1.45e-02	3.33e-01	6.52e-01	1.58e-05	5.68e-06	0.00e+00	0.00e+00	0.00e+00	0.00e+00	0.00e+00	0.00e+00
 1.60525e+23	1.57e-02	3.42e-01	6.42e-01	1.55e-05	5.49e-06	0.00e+00	0.00e+00	0.00e+00	0.00e+00	0.00e+00	0.00e+00
 1.60533e+23	1.68e-02	3.49e-01	6.34e-01	1.53e-05	5.36e-06	0.00e+00	0.00e+00	0.00e+00	0.00e+00	0.00e+00	0.00e+00
 1.60542e+23	1.82e-02	3.59e-01	6.23e-01	1.50e-05	5.21e-06	0.00e+00	0.00e+00	0.00e+00	0.00e+00	0.00e+00	0.00e+00
 1.60553e+23	1.98e-02	3.69e-01	6.11e-01	1.47e-05	5.03e-06	0.00e+00	0.00e+00	0.00e+00	0.00e+00	0.00e+00	0.00e+00
 1.60564e+23	2.15e-02	3.79e-01	6.00e-01	1.44e-05	4.85e-06	0.00e+00	0.00e+00	0.00e+00	0.00e+00	0.00e+00	0.00e+00
 1.60573e+23	2.32e-02	3.87e-01	5.90e-01	1.42e-05	4.71e-06	0.00e+00	0.00e+00	0.00e+00	0.00e+00	0.00e+00	0.00e+00
 1.60581e+23	2.49e-02	3.96e-01	5.79e-01	1.40e-05	4.59e-06	0.00e+00	0.00e+00	0.00e+00	0.00e+00	0.00e+00	0.00e+00
 1.60589e+23	2.68e-02	4.05e-01	5.68e-01	1.38e-05	4.45e-06	0.00e+00	0.00e+00	0.00e+00	0.00e+00	0.00e+00	0.00e+00
 1.60600e+23	2.92e-02	4.16e-01	5.55e-01	1.36e-05	4.29e-06	0.00e+00	0.00e+00	0.00e+00	0.00e+00	0.00e+00	0.00e+00
 1.60609e+23	3.15e-02	4.25e-01	5.44e-01	1.33e-05	4.15e-06	0.00e+00	0.00e+00	0.00e+00	0.00e+00	0.00e+00	0.00e+00
 1.60618e+23	3.39e-02	4.33e-01	5.33e-01	1.32e-05	4.03e-06	0.00e+00	0.00e+00	0.00e+00	0.00e+00	0.00e+00	0.00e+00
 1.60625e+23	3.62e-02	4.42e-01	5.22e-01	1.30e-05	3.93e-06	0.00e+00	0.00e+00	0.00e+00	0.00e+00	0.00e+00	0.00e+00
 1.60634e+23	3.92e-02	4.52e-01	5.09e-01	1.29e-05	3.80e-06	0.00e+00	0.00e+00	0.00e+00	0.00e+00	0.00e+00	0.00e+00
 1.60644e+23	4.25e-02	4.61e-01	4.96e-01	1.27e-05	3.66e-06	0.00e+00	0.00e+00	0.00e+00	0.00e+00	0.00e+00	0.00e+00
 1.60653e+23	4.56e-02	4.69e-01	4.85e-01	1.25e-05	3.55e-06	0.00e+00	0.00e+00	0.00e+00	0.00e+00	0.00e+00	0.00e+00
 1.60660e+23	4.87e-02	4.77e-01	4.74e-01	1.24e-05	3.45e-06	0.00e+00	0.00e+00	0.00e+00	0.00e+00	0.00e+00	0.00e+00
 1.60667e+23	5.23e-02	4.86e-01	4.62e-01	1.23e-05	3.34e-06	0.00e+00	0.00e+00	0.00e+00	0.00e+00	0.00e+00	0.00e+00
 1.60676e+23	5.65e-02	4.95e-01	4.49e-01	1.22e-05	3.23e-06	0.00e+00	0.00e+00	0.00e+00	0.00e+00	0.00e+00	0.00e+00
 1.60685e+23	6.06e-02	5.03e-01	4.37e-01	1.21e-05	3.12e-06	0.00e+00	0.00e+00	0.00e+00	0.00e+00	0.00e+00	0.00e+00
 1.60693e+23	6.49e-02	5.10e-01	4.25e-01	1.20e-05	3.02e-06	0.00e+00	0.00e+00	0.00e+00	0.00e+00	0.00e+00	0.00e+00
 1.60700e+23	6.92e-02	5.17e-01	4.14e-01	1.19e-05	2.93e-06	0.00e+00	0.00e+00	0.00e+00	0.00e+00	0.00e+00	0.00e+00
 1.60708e+23	7.39e-02	5.23e-01	4.03e-01	1.18e-05	2.83e-06	0.00e+00	0.00e+00	0.00e+00	0.00e+00	0.00e+00	0.00e+00
 1.60716e+23	7.92e-02	5.30e-01	3.90e-01	1.17e-05	2.73e-06	0.00e+00	0.00e+00	0.00e+00	0.00e+00	0.00e+00	0.00e+00
 1.60724e+23	8.44e-02	5.36e-01	3.79e-01	1.16e-05	2.63e-06	0.00e+00	0.00e+00	0.00e+00	0.00e+00	0.00e+00	0.00e+00
 1.60731e+23	8.95e-02	5.41e-01	3.69e-01	1.16e-05	2.55e-06	0.00e+00	0.00e+00	0.00e+00	0.00e+00	0.00e+00	0.00e+00
 1.60738e+23	9.49e-02	5.46e-01	3.59e-01	1.15e-05	2.47e-06	0.00e+00	0.00e+00	0.00e+00	0.00e+00	0.00e+00	0.00e+00
 1.60745e+23	1.01e-01	5.51e-01	3.48e-01	1.14e-05	2.38e-06	0.00e+00	0.00e+00	0.00e+00	0.00e+00	0.00e+00	0.00e+00
 1.60753e+23	1.07e-01	5.56e-01	3.37e-01	1.14e-05	2.30e-06	0.00e+00	0.00e+00	0.00e+00	0.00e+00	0.00e+00	0.00e+00
 1.60760e+23	1.13e-01	5.59e-01	3.27e-01	1.13e-05	2.22e-06	0.00e+00	0.00e+00	0.00e+00	0.00e+00	0.00e+00	0.00e+00
