#depth	He	He+	He+2
 1.54284e+19	1.72e-12	4.05e-06	1.00e+00
 9.25702e+19	1.94e-12	4.40e-06	1.00e+00
 1.99242e+20	2.28e-12	4.92e-06	1.00e+00
 2.67446e+20	2.51e-12	5.26e-06	1.00e+00
 3.03524e+20	2.63e-12	5.44e-06	1.00e+00
 3.33038e+20	2.73e-12	5.59e-06	1.00e+00
 3.71406e+20	2.87e-12	5.78e-06	1.00e+00
 4.21284e+20	3.05e-12	6.05e-06	1.00e+00
 4.74713e+20	3.26e-12	6.34e-06	1.00e+00
 5.21438e+20	3.44e-12	6.60e-06	1.00e+00
 5.62519e+20	3.60e-12	6.83e-06	1.00e+00
 6.07586e+20	3.79e-12	7.08e-06	1.00e+00
 6.66172e+20	4.04e-12	7.42e-06	1.00e+00
 7.25704e+20	4.30e-12	7.78e-06	1.00e+00
 7.71521e+20	4.53e-12	8.05e-06	1.00e+00
 8.16137e+20	4.75e-12	8.32e-06	1.00e+00
 8.74138e+20	5.05e-12	8.68e-06	1.00e+00
 9.32289e+20	5.36e-12	9.06e-06	1.00e+00
 9.75786e+20	5.60e-12	9.34e-06	1.00e+00
 1.01748e+21	5.83e-12	9.61e-06	1.00e+00
 1.07169e+21	6.14e-12	9.96e-06	1.00e+00
 1.13076e+21	6.49e-12	1.04e-05	1.00e+00
 1.18205e+21	6.81e-12	1.07e-05	1.00e+00
 1.23463e+21	7.14e-12	1.11e-05	1.00e+00
 1.29308e+21	7.52e-12	1.15e-05	1.00e+00
 1.34375e+21	7.85e-12	1.19e-05	1.00e+00
 1.38611e+21	8.14e-12	1.22e-05	1.00e+00
 1.43311e+21	8.47e-12	1.25e-05	1.00e+00
 1.49421e+21	8.91e-12	1.30e-05	1.00e+00
 1.55776e+21	9.38e-12	1.34e-05	1.00e+00
 1.60921e+21	9.77e-12	1.38e-05	1.00e+00
 1.66081e+21	1.02e-11	1.42e-05	1.00e+00
 1.72790e+21	1.07e-11	1.48e-05	1.00e+00
 1.79771e+21	1.13e-11	1.53e-05	1.00e+00
 1.85458e+21	1.18e-11	1.58e-05	1.00e+00
 1.90362e+21	1.22e-11	1.62e-05	1.00e+00
 1.95901e+21	1.27e-11	1.66e-05	1.00e+00
 2.03102e+21	1.34e-11	1.72e-05	1.00e+00
 2.10385e+21	1.41e-11	1.79e-05	1.00e+00
 2.16038e+21	1.47e-11	1.83e-05	1.00e+00
 2.21648e+21	1.52e-11	1.88e-05	1.00e+00
 2.28941e+21	1.60e-11	1.95e-05	1.00e+00
 2.36710e+21	1.69e-11	2.02e-05	1.00e+00
 2.43372e+21	1.76e-11	2.08e-05	1.00e+00
 2.50308e+21	1.84e-11	2.14e-05	1.00e+00
 2.59324e+21	1.95e-11	2.23e-05	1.00e+00
 2.68648e+21	2.07e-11	2.31e-05	1.00e+00
 2.76325e+21	2.17e-11	2.39e-05	1.00e+00
 2.84256e+21	2.28e-11	2.47e-05	1.00e+00
 2.94566e+21	2.42e-11	2.57e-05	1.00e+00
 3.04728e+21	2.57e-11	2.68e-05	1.00e+00
 3.12430e+21	2.69e-11	2.76e-05	1.00e+00
 3.20175e+21	2.81e-11	2.84e-05	1.00e+00
 3.30245e+21	2.97e-11	2.95e-05	1.00e+00
 3.41320e+21	3.15e-11	3.08e-05	1.00e+00
 3.51374e+21	3.32e-11	3.20e-05	1.00e+00
 3.62118e+21	3.51e-11	3.33e-05	1.00e+00
 3.76086e+21	3.76e-11	3.50e-05	1.00e+00
 3.90026e+21	4.01e-11	3.68e-05	1.00e+00
 4.00607e+21	4.21e-11	3.82e-05	1.00e+00
 4.11037e+21	4.42e-11	3.97e-05	1.00e+00
 4.24595e+21	4.69e-11	4.16e-05	1.00e+00
 4.39244e+21	4.98e-11	4.38e-05	1.00e+00
 4.51998e+21	5.25e-11	4.58e-05	1.00e+00
 4.62779e+21	5.48e-11	4.75e-05	1.00e+00
 4.74307e+21	5.72e-11	4.94e-05	1.00e+00
 4.89293e+21	6.04e-11	5.20e-05	1.00e+00
 5.04350e+21	6.37e-11	5.47e-05	1.00e+00
 5.15923e+21	6.63e-11	5.68e-05	1.00e+00
 5.27393e+21	6.89e-11	5.90e-05	1.00e+00
 5.42304e+21	7.22e-11	6.19e-05	1.00e+00
 5.58174e+21	7.58e-11	6.52e-05	1.00e+00
 5.71745e+21	7.91e-11	6.81e-05	1.00e+00
 5.85839e+21	8.28e-11	7.12e-05	1.00e+00
 6.04162e+21	8.78e-11	7.54e-05	1.00e+00
 6.22995e+21	9.32e-11	7.99e-05	1.00e+00
 6.38139e+21	9.77e-11	8.36e-05	1.00e+00
 6.53472e+21	1.02e-10	8.76e-05	1.00e+00
 6.73406e+21	1.09e-10	9.30e-05	1.00e+00
 6.94282e+21	1.16e-10	9.88e-05	1.00e+00
 7.11555e+21	1.22e-10	1.04e-04	1.00e+00
 7.26587e+21	1.27e-10	1.08e-04	1.00e+00
 7.43537e+21	1.34e-10	1.13e-04	1.00e+00
 7.65571e+21	1.43e-10	1.21e-04	1.00e+00
 7.86977e+21	1.53e-10	1.27e-04	1.00e+00
 8.02473e+21	1.60e-10	1.33e-04	1.00e+00
 8.17523e+21	1.68e-10	1.38e-04	1.00e+00
 8.37087e+21	1.79e-10	1.45e-04	1.00e+00
 8.58365e+21	1.91e-10	1.53e-04	1.00e+00
 8.77239e+21	2.03e-10	1.59e-04	1.00e+00
 8.97143e+21	2.17e-10	1.67e-04	1.00e+00
 9.23018e+21	2.36e-10	1.78e-04	1.00e+00
 9.49076e+21	2.57e-10	1.88e-04	1.00e+00
 9.69403e+21	2.75e-10	1.96e-04	1.00e+00
 9.89858e+21	2.95e-10	2.05e-04	1.00e+00
 1.01645e+22	3.22e-10	2.17e-04	1.00e+00
 1.04494e+22	3.54e-10	2.29e-04	1.00e+00
 1.06985e+22	3.84e-10	2.41e-04	1.00e+00
 1.09616e+22	4.18e-10	2.53e-04	1.00e+00
 1.12416e+22	4.58e-10	2.67e-04	1.00e+00
 1.14797e+22	4.93e-10	2.78e-04	1.00e+00
 1.17253e+22	5.33e-10	2.90e-04	1.00e+00
 1.20447e+22	5.89e-10	3.07e-04	1.00e+00
 1.23706e+22	6.50e-10	3.24e-04	1.00e+00
 1.26305e+22	7.01e-10	3.37e-04	1.00e+00
 1.28937e+22	7.58e-10	3.52e-04	1.00e+00
 1.32358e+22	8.39e-10	3.71e-04	1.00e+00
 1.35938e+22	9.27e-10	3.91e-04	1.00e+00
 1.38933e+22	1.01e-09	4.08e-04	1.00e+00
 1.42034e+22	1.10e-09	4.27e-04	1.00e+00
 1.46066e+22	1.22e-09	4.52e-04	1.00e+00
 1.50221e+22	1.36e-09	4.78e-04	1.00e+00
 1.53631e+22	1.48e-09	4.99e-04	1.00e+00
 1.57159e+22	1.61e-09	5.22e-04	9.99e-01
 1.61745e+22	1.80e-09	5.53e-04	9.99e-01
 1.66542e+22	2.01e-09	5.86e-04	9.99e-01
 1.70514e+22	2.20e-09	6.13e-04	9.99e-01
 1.74579e+22	2.41e-09	6.43e-04	9.99e-01
 1.79863e+22	2.71e-09	6.82e-04	9.99e-01
 1.85370e+22	3.04e-09	7.23e-04	9.99e-01
 1.89895e+22	3.34e-09	7.58e-04	9.99e-01
 1.94505e+22	3.67e-09	7.95e-04	9.99e-01
 2.00499e+22	4.15e-09	8.44e-04	9.99e-01
 2.06180e+22	4.61e-09	8.90e-04	9.99e-01
 2.10090e+22	4.95e-09	9.22e-04	9.99e-01
 2.13811e+22	5.31e-09	9.55e-04	9.99e-01
 2.18649e+22	5.83e-09	9.99e-04	9.99e-01
 2.24093e+22	6.43e-09	1.05e-03	9.99e-01
 2.29201e+22	7.03e-09	1.09e-03	9.99e-01
 2.34719e+22	7.75e-09	1.15e-03	9.99e-01
 2.41893e+22	8.79e-09	1.22e-03	9.99e-01
 2.49073e+22	9.87e-09	1.29e-03	9.99e-01
 2.54628e+22	1.08e-08	1.34e-03	9.99e-01
 2.60214e+22	1.18e-08	1.40e-03	9.99e-01
 2.67476e+22	1.33e-08	1.48e-03	9.99e-01
 2.75092e+22	1.49e-08	1.56e-03	9.98e-01
 2.81579e+22	1.64e-08	1.63e-03	9.98e-01
 2.88421e+22	1.82e-08	1.71e-03	9.98e-01
 2.97316e+22	2.09e-08	1.82e-03	9.98e-01
 3.06315e+22	2.36e-08	1.93e-03	9.98e-01
 3.13616e+22	2.59e-08	2.02e-03	9.98e-01
 3.21270e+22	2.89e-08	2.12e-03	9.98e-01
 3.31220e+22	3.30e-08	2.26e-03	9.98e-01
 3.40415e+22	3.68e-08	2.39e-03	9.98e-01
 3.46763e+22	3.97e-08	2.48e-03	9.98e-01
 3.53153e+22	4.29e-08	2.58e-03	9.97e-01
 3.61459e+22	4.77e-08	2.71e-03	9.97e-01
 3.70364e+22	5.28e-08	2.86e-03	9.97e-01
 3.78214e+22	5.76e-08	2.99e-03	9.97e-01
 3.86584e+22	6.34e-08	3.14e-03	9.97e-01
 3.97466e+22	7.16e-08	3.35e-03	9.97e-01
 4.08432e+22	8.05e-08	3.57e-03	9.96e-01
 4.16841e+22	8.75e-08	3.74e-03	9.96e-01
 4.25107e+22	9.58e-08	3.93e-03	9.96e-01
 4.35853e+22	1.08e-07	4.20e-03	9.96e-01
 4.47168e+22	1.20e-07	4.49e-03	9.96e-01
 4.56648e+22	1.32e-07	4.75e-03	9.95e-01
 4.66399e+22	1.46e-07	5.04e-03	9.95e-01
 4.79074e+22	1.67e-07	5.46e-03	9.95e-01
 4.91657e+22	1.89e-07	5.92e-03	9.94e-01
 5.01310e+22	2.08e-07	6.31e-03	9.94e-01
 5.11047e+22	2.31e-07	6.74e-03	9.93e-01
 5.23705e+22	2.64e-07	7.37e-03	9.93e-01
 5.36454e+22	3.02e-07	8.09e-03	9.92e-01
 5.46688e+22	3.36e-07	8.74e-03	9.91e-01
 5.57362e+22	3.81e-07	9.53e-03	9.90e-01
 5.69260e+22	4.38e-07	1.05e-02	9.89e-01
 5.80166e+22	4.99e-07	1.16e-02	9.88e-01
 5.89485e+22	5.62e-07	1.27e-02	9.87e-01
 5.99324e+22	6.41e-07	1.40e-02	9.86e-01
 6.10131e+22	7.42e-07	1.57e-02	9.84e-01
 6.19706e+22	8.55e-07	1.76e-02	9.82e-01
 6.27756e+22	9.76e-07	1.95e-02	9.81e-01
 6.34639e+22	1.09e-06	2.14e-02	9.79e-01
 6.40864e+22	1.22e-06	2.33e-02	9.77e-01
 6.47905e+22	1.37e-06	2.59e-02	9.74e-01
 6.55423e+22	1.61e-06	2.93e-02	9.71e-01
 6.61602e+22	1.81e-06	3.26e-02	9.67e-01
 6.66574e+22	2.06e-06	3.59e-02	9.64e-01
 6.71938e+22	2.33e-06	3.99e-02	9.60e-01
 6.77734e+22	2.66e-06	4.51e-02	9.55e-01
 6.82665e+22	3.10e-06	5.07e-02	9.49e-01
 6.86638e+22	3.48e-06	5.61e-02	9.44e-01
 6.90791e+22	3.94e-06	6.24e-02	9.38e-01
 6.95362e+22	4.57e-06	7.09e-02	9.29e-01
 6.99332e+22	5.19e-06	8.01e-02	9.20e-01
 7.02564e+22	5.93e-06	8.92e-02	9.11e-01
 7.05495e+22	6.65e-06	9.86e-02	9.01e-01
 7.08824e+22	7.59e-06	1.11e-01	8.89e-01
 7.12394e+22	8.85e-06	1.27e-01	8.73e-01
 7.15366e+22	1.02e-05	1.44e-01	8.56e-01
 7.17734e+22	1.13e-05	1.59e-01	8.41e-01
 7.20232e+22	1.28e-05	1.77e-01	8.23e-01
 7.23017e+22	1.48e-05	2.01e-01	7.99e-01
 7.25511e+22	1.69e-05	2.27e-01	7.73e-01
 7.27590e+22	1.89e-05	2.51e-01	7.49e-01
 7.29794e+22	2.13e-05	2.79e-01	7.21e-01
 7.32230e+22	2.43e-05	3.14e-01	6.86e-01
 7.34399e+22	2.74e-05	3.49e-01	6.50e-01
 7.36247e+22	3.04e-05	3.82e-01	6.18e-01
 7.38252e+22	3.37e-05	4.19e-01	5.81e-01
 7.40510e+22	3.77e-05	4.62e-01	5.38e-01
 7.42614e+22	4.17e-05	5.05e-01	4.95e-01
 7.44512e+22	4.54e-05	5.43e-01	4.57e-01
 7.46625e+22	4.96e-05	5.84e-01	4.16e-01
 7.48950e+22	5.43e-05	6.29e-01	3.71e-01
 7.51065e+22	5.85e-05	6.67e-01	3.33e-01
 7.53025e+22	6.22e-05	6.99e-01	3.01e-01
 7.55267e+22	6.63e-05	7.32e-01	2.68e-01
 7.58182e+22	7.13e-05	7.69e-01	2.31e-01
 7.61224e+22	7.61e-05	8.02e-01	1.98e-01
 7.63860e+22	7.99e-05	8.26e-01	1.74e-01
 7.66717e+22	8.38e-05	8.48e-01	1.52e-01
 7.70303e+22	8.82e-05	8.70e-01	1.30e-01
 7.74309e+22	9.27e-05	8.90e-01	1.10e-01
 7.78379e+22	9.69e-05	9.06e-01	9.42e-02
 7.82578e+22	1.01e-04	9.19e-01	8.13e-02
 7.87155e+22	1.05e-04	9.30e-01	7.00e-02
 7.92231e+22	1.09e-04	9.40e-01	6.00e-02
 7.97800e+22	1.13e-04	9.49e-01	5.14e-02
 8.03918e+22	1.17e-04	9.56e-01	4.39e-02
 8.10637e+22	1.22e-04	9.62e-01	3.74e-02
 8.18088e+22	1.27e-04	9.68e-01	3.18e-02
 8.26531e+22	1.32e-04	9.73e-01	2.68e-02
 8.36135e+22	1.37e-04	9.77e-01	2.25e-02
 8.47043e+22	1.43e-04	9.81e-01	1.88e-02
 8.59560e+22	1.49e-04	9.84e-01	1.56e-02
 8.74108e+22	1.56e-04	9.87e-01	1.28e-02
 8.91370e+22	1.65e-04	9.89e-01	1.04e-02
 9.11539e+22	1.74e-04	9.91e-01	8.33e-03
 9.36238e+22	1.85e-04	9.93e-01	6.59e-03
 9.68348e+22	2.00e-04	9.95e-01	5.06e-03
 1.00278e+23	2.16e-04	9.96e-01	3.94e-03
 1.03015e+23	2.31e-04	9.96e-01	3.31e-03
 1.05110e+23	2.42e-04	9.97e-01	2.94e-03
 1.07376e+23	2.53e-04	9.97e-01	2.61e-03
 1.10321e+23	2.68e-04	9.97e-01	2.26e-03
 1.14151e+23	2.90e-04	9.98e-01	1.90e-03
 1.17964e+23	3.16e-04	9.98e-01	1.64e-03
 1.20730e+23	3.38e-04	9.98e-01	1.48e-03
 1.22853e+23	3.56e-04	9.98e-01	1.39e-03
 1.25166e+23	3.77e-04	9.98e-01	1.29e-03
 1.28173e+23	4.06e-04	9.98e-01	1.18e-03
 1.31338e+23	4.46e-04	9.98e-01	1.07e-03
 1.33826e+23	4.85e-04	9.99e-01	1.01e-03
 1.35674e+23	5.19e-04	9.99e-01	9.66e-04
 1.37572e+23	5.56e-04	9.99e-01	9.28e-04
 1.40039e+23	6.12e-04	9.99e-01	8.69e-04
 1.42502e+23	6.90e-04	9.98e-01	8.15e-04
 1.44235e+23	7.65e-04	9.98e-01	7.86e-04
 1.45418e+23	8.26e-04	9.98e-01	7.76e-04
 1.46612e+23	8.90e-04	9.98e-01	7.66e-04
 1.48163e+23	9.90e-04	9.98e-01	7.31e-04
 1.49708e+23	1.13e-03	9.98e-01	6.96e-04
 1.50777e+23	1.27e-03	9.98e-01	6.83e-04
 1.51308e+23	1.36e-03	9.98e-01	6.92e-04
 1.51518e+23	1.39e-03	9.98e-01	7.26e-04
 1.51701e+23	1.42e-03	9.98e-01	7.42e-04
 1.51939e+23	1.46e-03	9.98e-01	7.45e-04
 1.52248e+23	1.52e-03	9.98e-01	7.37e-04
 1.52649e+23	1.60e-03	9.98e-01	7.21e-04
 1.53065e+23	1.70e-03	9.98e-01	6.99e-04
 1.53383e+23	1.78e-03	9.98e-01	6.97e-04
 1.53623e+23	1.85e-03	9.97e-01	7.04e-04
 1.53876e+23	1.93e-03	9.97e-01	7.07e-04
 1.54205e+23	2.03e-03	9.97e-01	6.96e-04
 1.54543e+23	2.16e-03	9.97e-01	6.79e-04
 1.54797e+23	2.28e-03	9.97e-01	6.76e-04
 1.54987e+23	2.37e-03	9.97e-01	6.81e-04
 1.55189e+23	2.47e-03	9.97e-01	6.82e-04
 1.55451e+23	2.61e-03	9.97e-01	6.73e-04
 1.55724e+23	2.78e-03	9.97e-01	6.59e-04
 1.55936e+23	2.93e-03	9.96e-01	6.54e-04
 1.56096e+23	3.06e-03	9.96e-01	6.56e-04
 1.56265e+23	3.20e-03	9.96e-01	6.55e-04
 1.56485e+23	3.39e-03	9.96e-01	6.47e-04
 1.56713e+23	3.63e-03	9.96e-01	6.34e-04
 1.56889e+23	3.85e-03	9.96e-01	6.28e-04
 1.57022e+23	4.03e-03	9.95e-01	6.28e-04
 1.57163e+23	4.22e-03	9.95e-01	6.26e-04
 1.57348e+23	4.50e-03	9.95e-01	6.18e-04
 1.57540e+23	4.86e-03	9.95e-01	6.04e-04
 1.57690e+23	5.18e-03	9.94e-01	5.98e-04
 1.57805e+23	5.46e-03	9.94e-01	5.94e-04
 1.57928e+23	5.76e-03	9.94e-01	5.90e-04
 1.58088e+23	6.19e-03	9.93e-01	5.82e-04
 1.58257e+23	6.76e-03	9.93e-01	5.68e-04
 1.58391e+23	7.32e-03	9.92e-01	5.57e-04
 1.58497e+23	7.82e-03	9.92e-01	5.51e-04
 1.58610e+23	8.37e-03	9.91e-01	5.45e-04
 1.58757e+23	9.18e-03	9.90e-01	5.33e-04
 1.58905e+23	1.03e-02	9.89e-01	5.17e-04
 1.59012e+23	1.13e-02	9.88e-01	5.05e-04
 1.59088e+23	1.21e-02	9.87e-01	4.99e-04
 1.59168e+23	1.30e-02	9.87e-01	4.91e-04
 1.59271e+23	1.43e-02	9.85e-01	4.80e-04
 1.59378e+23	1.60e-02	9.84e-01	4.68e-04
 1.59461e+23	1.78e-02	9.82e-01	4.58e-04
 1.59521e+23	1.92e-02	9.80e-01	4.53e-04
 1.59582e+23	2.08e-02	9.79e-01	4.47e-04
 1.59661e+23	2.31e-02	9.76e-01	4.41e-04
 1.59742e+23	2.62e-02	9.73e-01	4.36e-04
 1.59802e+23	2.93e-02	9.70e-01	4.32e-04
 1.59845e+23	3.18e-02	9.68e-01	4.32e-04
 1.59889e+23	3.45e-02	9.65e-01	4.31e-04
 1.59945e+23	3.85e-02	9.61e-01	4.33e-04
 1.60006e+23	4.38e-02	9.56e-01	4.40e-04
 1.60053e+23	4.95e-02	9.50e-01	4.46e-04
 1.60088e+23	5.42e-02	9.45e-01	4.54e-04
 1.60124e+23	5.95e-02	9.40e-01	4.60e-04
 1.60170e+23	6.71e-02	9.32e-01	4.75e-04
 1.60217e+23	7.73e-02	9.22e-01	4.96e-04
 1.60253e+23	8.72e-02	9.12e-01	5.16e-04
 1.60279e+23	9.57e-02	9.04e-01	5.30e-04
 1.60306e+23	1.05e-01	8.94e-01	5.46e-04
 1.60339e+23	1.17e-01	8.82e-01	5.72e-04
 1.60370e+23	1.32e-01	8.68e-01	6.05e-04
 1.60393e+23	1.44e-01	8.55e-01	6.29e-04
 1.60410e+23	1.55e-01	8.44e-01	6.44e-04
 1.60428e+23	1.67e-01	8.33e-01	6.63e-04
 1.60449e+23	1.81e-01	8.19e-01	6.92e-04
 1.60465e+23	1.94e-01	8.06e-01	7.21e-04
 1.60474e+23	2.02e-01	7.97e-01	7.29e-04
 1.60481e+23	2.09e-01	7.90e-01	7.34e-04
 1.60491e+23	2.17e-01	7.82e-01	7.43e-04
 1.60503e+23	2.28e-01	7.71e-01	7.61e-04
 1.60515e+23	2.40e-01	7.59e-01	7.85e-04
 1.60525e+23	2.51e-01	7.48e-01	8.01e-04
 1.60533e+23	2.60e-01	7.39e-01	8.14e-04
 1.60542e+23	2.70e-01	7.29e-01	8.24e-04
 1.60553e+23	2.83e-01	7.16e-01	8.43e-04
 1.60564e+23	2.95e-01	7.04e-01	8.67e-04
 1.60573e+23	3.07e-01	6.92e-01	8.83e-04
 1.60581e+23	3.18e-01	6.81e-01	8.93e-04
 1.60589e+23	3.30e-01	6.69e-01	9.06e-04
 1.60600e+23	3.44e-01	6.55e-01	9.23e-04
 1.60609e+23	3.58e-01	6.41e-01	9.49e-04
 1.60618e+23	3.71e-01	6.28e-01	9.60e-04
 1.60625e+23	3.83e-01	6.16e-01	9.70e-04
 1.60634e+23	3.98e-01	6.02e-01	9.79e-04
 1.60644e+23	4.13e-01	5.86e-01	9.99e-04
 1.60653e+23	4.28e-01	5.71e-01	1.02e-03
 1.60660e+23	4.41e-01	5.58e-01	1.02e-03
 1.60667e+23	4.55e-01	5.44e-01	1.03e-03
 1.60676e+23	4.71e-01	5.28e-01	1.04e-03
 1.60685e+23	4.87e-01	5.12e-01	1.05e-03
 1.60693e+23	5.02e-01	4.97e-01	1.06e-03
 1.60700e+23	5.16e-01	4.83e-01	1.06e-03
 1.60708e+23	5.30e-01	4.69e-01	1.06e-03
 1.60716e+23	5.46e-01	4.53e-01	1.06e-03
 1.60724e+23	5.62e-01	4.37e-01	1.07e-03
 1.60731e+23	5.76e-01	4.23e-01	1.07e-03
 1.60738e+23	5.89e-01	4.09e-01	1.06e-03
 1.60745e+23	6.04e-01	3.95e-01	1.05e-03
 1.60753e+23	6.19e-01	3.79e-01	1.05e-03
 1.60760e+23	6.34e-01	3.65e-01	1.05e-03
 1.60767e+23	6.47e-01	3.52e-01	1.04e-03
 1.60773e+23	6.60e-01	3.39e-01	1.02e-03
 1.60780e+23	6.74e-01	3.25e-01	1.01e-03
 1.60787e+23	6.87e-01	3.12e-01	1.00e-03
 1.60794e+23	7.00e-01	2.99e-01	9.87e-04
 1.60800e+23	7.12e-01	2.87e-01	9.71e-04
 1.60807e+23	7.23e-01	2.76e-01	9.54e-04
 1.60813e+23	7.35e-01	2.64e-01	9.37e-04
 1.60819e+23	7.45e-01	2.54e-01	9.18e-04
 1.60824e+23	7.55e-01	2.44e-01	8.99e-04
 1.60830e+23	7.65e-01	2.34e-01	8.80e-04
 1.60835e+23	7.74e-01	2.25e-01	8.61e-04
 1.60840e+23	7.83e-01	2.16e-01	8.41e-04
 1.60845e+23	7.91e-01	2.08e-01	8.22e-04
 1.60850e+23	7.99e-01	2.00e-01	8.02e-04
 1.60855e+23	8.07e-01	1.93e-01	7.82e-04
 1.60860e+23	8.14e-01	1.85e-01	7.62e-04
 1.60864e+23	8.20e-01	1.79e-01	7.44e-04
 1.60868e+23	8.26e-01	1.73e-01	7.26e-04
 1.60872e+23	8.32e-01	1.68e-01	7.09e-04
 1.60875e+23	8.36e-01	1.63e-01	6.93e-04
 1.60878e+23	8.41e-01	1.59e-01	6.79e-04
 1.60881e+23	8.45e-01	1.55e-01	6.65e-04
 1.60883e+23	8.48e-01	1.51e-01	6.53e-04
 1.60886e+23	8.51e-01	1.48e-01	6.40e-04
 1.60888e+23	8.54e-01	1.45e-01	6.31e-04
 1.60890e+23	8.57e-01	1.42e-01	6.18e-04
 1.60892e+23	8.60e-01	1.39e-01	6.09e-04
 1.60895e+23	8.64e-01	1.36e-01	5.95e-04
 1.60898e+23	8.67e-01	1.32e-01	5.83e-04
 1.60901e+23	8.70e-01	1.29e-01	5.70e-04
 1.60903e+23	8.73e-01	1.26e-01	5.61e-04
 1.60905e+23	8.76e-01	1.24e-01	5.51e-04
 1.60907e+23	8.78e-01	1.22e-01	5.45e-04
 1.60909e+23	8.80e-01	1.19e-01	5.32e-04
 1.60912e+23	8.84e-01	1.16e-01	5.19e-04
 1.60915e+23	8.87e-01	1.13e-01	5.08e-04
 1.60918e+23	8.90e-01	1.10e-01	4.97e-04
 1.60921e+23	8.92e-01	1.07e-01	4.87e-04
 1.60923e+23	8.94e-01	1.06e-01	4.81e-04
 1.60926e+23	8.97e-01	1.03e-01	4.69e-04
 1.60928e+23	8.99e-01	1.00e-01	4.59e-04
 1.60931e+23	9.01e-01	9.84e-02	4.52e-04
 1.60933e+23	9.04e-01	9.59e-02	4.40e-04
 1.60936e+23	9.06e-01	9.34e-02	4.30e-04
 1.60939e+23	9.08e-01	9.13e-02	4.22e-04
 1.60942e+23	9.11e-01	8.89e-02	4.11e-04
 1.60945e+23	9.13e-01	8.66e-02	4.02e-04
 1.60948e+23	9.15e-01	8.45e-02	3.93e-04
 1.60951e+23	9.17e-01	8.27e-02	3.86e-04
 1.60953e+23	9.19e-01	8.10e-02	3.78e-04
 1.60956e+23	9.21e-01	7.91e-02	3.69e-04
 1.60959e+23	9.23e-01	7.67e-02	3.59e-04
 1.60963e+23	9.25e-01	7.45e-02	3.50e-04
 1.60966e+23	9.27e-01	7.24e-02	3.40e-04
 1.60969e+23	9.29e-01	7.07e-02	3.33e-04
 1.60972e+23	9.31e-01	6.91e-02	3.26e-04
 1.60974e+23	9.32e-01	6.78e-02	3.20e-04
 1.60977e+23	9.34e-01	6.62e-02	3.12e-04
 1.60981e+23	9.35e-01	6.43e-02	3.03e-04
 1.60985e+23	9.37e-01	6.25e-02	2.95e-04
 1.60988e+23	9.39e-01	6.08e-02	2.88e-04
 1.60992e+23	9.41e-01	5.91e-02	2.79e-04
 1.60996e+23	9.42e-01	5.74e-02	2.72e-04
 1.61000e+23	9.44e-01	5.59e-02	2.65e-04
 1.61004e+23	9.45e-01	5.43e-02	2.58e-04
 1.61008e+23	9.47e-01	5.27e-02	2.51e-04
 1.61013e+23	9.48e-01	5.13e-02	2.44e-04
 1.61016e+23	9.50e-01	5.03e-02	2.40e-04
 1.61020e+23	9.51e-01	4.90e-02	2.33e-04
 1.61026e+23	9.52e-01	4.75e-02	2.27e-04
 1.61031e+23	9.54e-01	4.61e-02	2.21e-04
 1.61038e+23	9.55e-01	4.46e-02	2.14e-04
 1.61044e+23	9.57e-01	4.32e-02	2.08e-04
 1.61052e+23	9.58e-01	4.16e-02	2.01e-04
 1.61060e+23	9.59e-01	4.03e-02	1.95e-04
 1.61068e+23	9.61e-01	3.88e-02	1.88e-04
 1.61078e+23	9.62e-01	3.76e-02	1.83e-04
 1.61088e+23	9.64e-01	3.62e-02	1.76e-04
 1.61099e+23	9.65e-01	3.51e-02	1.71e-04
 1.61112e+23	9.66e-01	3.39e-02	1.65e-04
 1.61125e+23	9.67e-01	3.30e-02	1.61e-04
 1.61139e+23	9.68e-01	3.19e-02	1.56e-04
 1.61155e+23	9.69e-01	3.12e-02	1.53e-04
 1.61172e+23	9.70e-01	3.03e-02	1.48e-04
 1.61191e+23	9.70e-01	2.97e-02	1.46e-04
 1.61211e+23	9.71e-01	2.91e-02	1.43e-04
 1.61235e+23	9.71e-01	2.87e-02	1.41e-04
 1.61261e+23	9.72e-01	2.83e-02	1.39e-04
 1.61287e+23	9.72e-01	2.80e-02	1.37e-04
 1.61317e+23	9.72e-01	2.78e-02	1.36e-04
 1.61355e+23	9.72e-01	2.75e-02	1.35e-04
 1.61405e+23	9.72e-01	2.74e-02	1.34e-04
 1.61471e+23	9.73e-01	2.72e-02	1.32e-04
 1.61556e+23	9.73e-01	2.71e-02	1.32e-04
 1.61666e+23	9.73e-01	2.69e-02	1.30e-04
 1.61809e+23	9.73e-01	2.68e-02	1.29e-04
 1.61996e+23	9.73e-01	2.66e-02	1.27e-04
 1.62238e+23	9.73e-01	2.64e-02	1.26e-04
 1.62553e+23	9.74e-01	2.62e-02	1.24e-04
 1.62963e+23	9.74e-01	2.60e-02	1.22e-04
 1.63495e+23	9.74e-01	2.57e-02	1.19e-04
 1.64187e+23	9.75e-01	2.53e-02	1.16e-04
 1.64934e+23	9.75e-01	2.50e-02	1.12e-04
 1.65753e+23	9.75e-01	2.46e-02	1.09e-04
 1.66637e+23	9.76e-01	2.42e-02	1.06e-04
 1.67442e+23	9.76e-01	2.39e-02	1.03e-04
 1.68323e+23	9.76e-01	2.35e-02	9.95e-05
 1.69275e+23	9.77e-01	2.31e-02	9.64e-05
 1.70141e+23	9.77e-01	2.28e-02	9.39e-05
 1.71090e+23	9.77e-01	2.24e-02	9.07e-05
 1.72114e+23	9.78e-01	2.20e-02	8.78e-05
 1.73046e+23	9.78e-01	2.18e-02	8.55e-05
 1.74068e+23	9.79e-01	2.14e-02	8.26e-05
 1.75171e+23	9.79e-01	2.10e-02	7.99e-05
 1.76174e+23	9.79e-01	2.07e-02	7.78e-05
 1.77274e+23	9.80e-01	2.04e-02	7.52e-05
 1.78462e+23	9.80e-01	2.00e-02	7.27e-05
 1.79542e+23	9.80e-01	1.98e-02	7.07e-05
 1.80726e+23	9.81e-01	1.94e-02	6.83e-05
 1.82004e+23	9.81e-01	1.91e-02	6.60e-05
 1.83167e+23	9.81e-01	1.88e-02	6.41e-05
 1.84442e+23	9.81e-01	1.85e-02	6.20e-05
 1.85818e+23	9.82e-01	1.82e-02	5.99e-05
 1.87070e+23	9.82e-01	1.79e-02	5.82e-05
 1.88442e+23	9.82e-01	1.76e-02	5.62e-05
 1.89923e+23	9.83e-01	1.73e-02	5.43e-05
 1.91271e+23	9.83e-01	1.71e-02	5.27e-05
 1.92748e+23	9.83e-01	1.68e-02	5.10e-05
 1.94343e+23	9.83e-01	1.65e-02	4.92e-05
 1.95794e+23	9.84e-01	1.62e-02	4.78e-05
 1.97384e+23	9.84e-01	1.60e-02	4.62e-05
 1.99100e+23	9.84e-01	1.58e-02	4.51e-05
 2.00662e+23	9.85e-01	1.54e-02	4.33e-05
 2.02374e+23	9.85e-01	1.52e-02	4.19e-05
 2.04222e+23	9.85e-01	1.50e-02	4.09e-05
 2.05904e+23	9.85e-01	1.47e-02	3.93e-05
 2.07747e+23	9.85e-01	1.45e-02	3.81e-05
 2.09736e+23	9.86e-01	1.43e-02	3.71e-05
 2.11547e+23	9.86e-01	1.40e-02	3.57e-05
 2.13530e+23	9.86e-01	1.38e-02	3.46e-05
 2.16109e+23	9.86e-01	1.35e-02	3.33e-05
 2.18894e+23	9.87e-01	1.33e-02	3.19e-05
 2.21427e+23	9.87e-01	1.30e-02	3.08e-05
 2.24204e+23	9.87e-01	1.28e-02	2.96e-05
 2.27201e+23	9.87e-01	1.25e-02	2.84e-05
 2.29928e+23	9.88e-01	1.23e-02	2.75e-05
 2.32917e+23	9.88e-01	1.21e-02	2.66e-05
 2.36803e+23	9.88e-01	1.18e-02	2.55e-05
 2.40997e+23	9.88e-01	1.16e-02	2.43e-05
 2.44814e+23	9.89e-01	1.13e-02	2.34e-05
 2.48997e+23	9.89e-01	1.11e-02	2.26e-05
 2.53513e+23	9.89e-01	1.09e-02	2.16e-05
 2.57622e+23	9.89e-01	1.07e-02	2.08e-05
 2.61875e+23	9.89e-01	1.05e-02	2.01e-05
 2.66236e+23	9.90e-01	1.03e-02	1.95e-05
 2.70160e+23	9.90e-01	1.02e-02	1.89e-05
 2.73692e+23	9.90e-01	1.01e-02	1.85e-05
 2.76893e+23	9.90e-01	9.96e-03	1.81e-05
 2.79948e+23	9.90e-01	9.86e-03	1.77e-05
 2.83003e+23	9.90e-01	9.78e-03	1.75e-05
 2.86057e+23	9.90e-01	9.68e-03	1.71e-05
 2.89112e+23	9.90e-01	9.60e-03	1.68e-05
 2.92167e+23	9.90e-01	9.53e-03	1.66e-05
 2.95222e+23	9.91e-01	9.46e-03	1.63e-05
 2.98277e+23	9.91e-01	9.40e-03	1.61e-05
 3.01331e+23	9.91e-01	9.34e-03	1.59e-05
 3.04170e+23	9.91e-01	9.28e-03	1.57e-05
