#depth	O	O+	O+2	O+3	O+4	O+5	O+6	O+7	O+8	O[1]	O[2]	O[3]
 1.54284e+19	1.19e-26	2.60e-20	2.28e-15	1.53e-11	1.64e-08	5.16e-06	7.41e-03	1.78e-01	8.14e-01	0.00e+00	0.00e+00	0.00e+00
 9.25702e+19	2.17e-26	4.38e-20	3.57e-15	2.23e-11	2.22e-08	6.40e-06	8.50e-03	1.89e-01	8.02e-01	0.00e+00	0.00e+00	0.00e+00
 1.99242e+20	4.93e-26	8.92e-20	6.59e-15	3.75e-11	3.36e-08	8.61e-06	1.02e-02	2.05e-01	7.85e-01	0.00e+00	0.00e+00	0.00e+00
 2.67446e+20	7.97e-26	1.35e-19	9.44e-15	5.08e-11	4.28e-08	1.03e-05	1.14e-02	2.15e-01	7.74e-01	0.00e+00	0.00e+00	0.00e+00
 3.03524e+20	1.02e-25	1.68e-19	1.14e-14	5.94e-11	4.85e-08	1.12e-05	1.21e-02	2.20e-01	7.68e-01	0.00e+00	0.00e+00	0.00e+00
 3.33038e+20	1.23e-25	1.98e-19	1.31e-14	6.70e-11	5.34e-08	1.20e-05	1.26e-02	2.24e-01	7.63e-01	0.00e+00	0.00e+00	0.00e+00
 3.71406e+20	1.58e-25	2.46e-19	1.58e-14	7.84e-11	6.06e-08	1.32e-05	1.33e-02	2.30e-01	7.57e-01	0.00e+00	0.00e+00	0.00e+00
 4.21284e+20	2.18e-25	3.24e-19	2.00e-14	9.60e-11	7.13e-08	1.48e-05	1.44e-02	2.37e-01	7.48e-01	0.00e+00	0.00e+00	0.00e+00
 4.74713e+20	3.04e-25	4.34e-19	2.58e-14	1.19e-10	8.46e-08	1.68e-05	1.55e-02	2.45e-01	7.40e-01	0.00e+00	0.00e+00	0.00e+00
 5.21438e+20	4.04e-25	5.54e-19	3.18e-14	1.42e-10	9.77e-08	1.86e-05	1.65e-02	2.52e-01	7.32e-01	0.00e+00	0.00e+00	0.00e+00
 5.62519e+20	5.14e-25	6.84e-19	3.82e-14	1.66e-10	1.11e-07	2.03e-05	1.75e-02	2.57e-01	7.25e-01	0.00e+00	0.00e+00	0.00e+00
 6.07586e+20	6.65e-25	8.56e-19	4.63e-14	1.95e-10	1.26e-07	2.24e-05	1.86e-02	2.64e-01	7.18e-01	0.00e+00	0.00e+00	0.00e+00
 6.66172e+20	9.23e-25	1.14e-18	5.93e-14	2.41e-10	1.49e-07	2.52e-05	2.00e-02	2.72e-01	7.08e-01	0.00e+00	0.00e+00	0.00e+00
 7.25704e+20	1.29e-24	1.52e-18	7.62e-14	2.98e-10	1.77e-07	2.86e-05	2.16e-02	2.81e-01	6.98e-01	0.00e+00	0.00e+00	0.00e+00
 7.71521e+20	1.64e-24	1.87e-18	9.11e-14	3.47e-10	2.00e-07	3.12e-05	2.28e-02	2.87e-01	6.91e-01	0.00e+00	0.00e+00	0.00e+00
 8.16137e+20	2.06e-24	2.28e-18	1.08e-13	4.01e-10	2.25e-07	3.40e-05	2.41e-02	2.93e-01	6.83e-01	0.00e+00	0.00e+00	0.00e+00
 8.74138e+20	2.76e-24	2.95e-18	1.35e-13	4.84e-10	2.62e-07	3.79e-05	2.57e-02	3.01e-01	6.74e-01	0.00e+00	0.00e+00	0.00e+00
 9.32289e+20	3.69e-24	3.80e-18	1.68e-13	5.83e-10	3.04e-07	4.22e-05	2.75e-02	3.08e-01	6.64e-01	0.00e+00	0.00e+00	0.00e+00
 9.75786e+20	4.55e-24	4.56e-18	1.97e-13	6.67e-10	3.39e-07	4.57e-05	2.89e-02	3.14e-01	6.57e-01	0.00e+00	0.00e+00	0.00e+00
 1.01748e+21	5.54e-24	5.41e-18	2.28e-13	7.56e-10	3.75e-07	4.91e-05	3.02e-02	3.19e-01	6.50e-01	0.00e+00	0.00e+00	0.00e+00
 1.07169e+21	7.12e-24	6.73e-18	2.75e-13	8.87e-10	4.27e-07	5.39e-05	3.19e-02	3.26e-01	6.42e-01	0.00e+00	0.00e+00	0.00e+00
 1.13076e+21	9.33e-24	8.52e-18	3.38e-13	1.05e-09	4.90e-07	5.96e-05	3.40e-02	3.34e-01	6.32e-01	0.00e+00	0.00e+00	0.00e+00
 1.18205e+21	1.17e-23	1.04e-17	4.01e-13	1.22e-09	5.52e-07	6.49e-05	3.58e-02	3.40e-01	6.24e-01	0.00e+00	0.00e+00	0.00e+00
 1.23463e+21	1.47e-23	1.26e-17	4.75e-13	1.41e-09	6.19e-07	7.05e-05	3.76e-02	3.47e-01	6.16e-01	0.00e+00	0.00e+00	0.00e+00
 1.29308e+21	1.89e-23	1.57e-17	5.74e-13	1.65e-09	7.04e-07	7.74e-05	3.98e-02	3.54e-01	6.06e-01	0.00e+00	0.00e+00	0.00e+00
 1.34375e+21	2.33e-23	1.89e-17	6.74e-13	1.89e-09	7.86e-07	8.37e-05	4.17e-02	3.60e-01	5.98e-01	0.00e+00	0.00e+00	0.00e+00
 1.38611e+21	2.77e-23	2.20e-17	7.65e-13	2.11e-09	8.57e-07	8.91e-05	4.34e-02	3.65e-01	5.92e-01	0.00e+00	0.00e+00	0.00e+00
 1.43311e+21	3.34e-23	2.58e-17	8.81e-13	2.37e-09	9.43e-07	9.54e-05	4.52e-02	3.70e-01	5.85e-01	0.00e+00	0.00e+00	0.00e+00
 1.49421e+21	4.25e-23	3.18e-17	1.06e-12	2.77e-09	1.07e-06	1.04e-04	4.77e-02	3.77e-01	5.75e-01	0.00e+00	0.00e+00	0.00e+00
 1.55776e+21	5.43e-23	3.94e-17	1.27e-12	3.23e-09	1.21e-06	1.14e-04	5.03e-02	3.84e-01	5.66e-01	0.00e+00	0.00e+00	0.00e+00
 1.60921e+21	6.59e-23	4.67e-17	1.47e-12	3.66e-09	1.34e-06	1.23e-04	5.25e-02	3.89e-01	5.58e-01	0.00e+00	0.00e+00	0.00e+00
 1.66081e+21	7.95e-23	5.50e-17	1.69e-12	4.12e-09	1.47e-06	1.31e-04	5.47e-02	3.95e-01	5.50e-01	0.00e+00	0.00e+00	0.00e+00
 1.72790e+21	1.01e-22	6.80e-17	2.03e-12	4.81e-09	1.66e-06	1.43e-04	5.77e-02	4.02e-01	5.40e-01	0.00e+00	0.00e+00	0.00e+00
 1.79771e+21	1.30e-22	8.44e-17	2.45e-12	5.63e-09	1.89e-06	1.57e-04	6.09e-02	4.09e-01	5.30e-01	0.00e+00	0.00e+00	0.00e+00
 1.85458e+21	1.58e-22	1.00e-16	2.83e-12	6.37e-09	2.08e-06	1.69e-04	6.35e-02	4.14e-01	5.22e-01	0.00e+00	0.00e+00	0.00e+00
 1.90362e+21	1.87e-22	1.16e-16	3.21e-12	7.07e-09	2.26e-06	1.79e-04	6.58e-02	4.19e-01	5.15e-01	0.00e+00	0.00e+00	0.00e+00
 1.95901e+21	2.25e-22	1.36e-16	3.68e-12	7.93e-09	2.48e-06	1.91e-04	6.85e-02	4.24e-01	5.08e-01	0.00e+00	0.00e+00	0.00e+00
 2.03102e+21	2.84e-22	1.66e-16	4.39e-12	9.20e-09	2.79e-06	2.08e-04	7.19e-02	4.30e-01	4.98e-01	0.00e+00	0.00e+00	0.00e+00
 2.10385e+21	3.59e-22	2.04e-16	5.23e-12	1.07e-08	3.14e-06	2.26e-04	7.56e-02	4.36e-01	4.88e-01	0.00e+00	0.00e+00	0.00e+00
 2.16038e+21	4.29e-22	2.38e-16	5.96e-12	1.19e-08	3.43e-06	2.41e-04	7.84e-02	4.41e-01	4.81e-01	0.00e+00	0.00e+00	0.00e+00
 2.21648e+21	5.09e-22	2.76e-16	6.77e-12	1.32e-08	3.74e-06	2.56e-04	8.13e-02	4.45e-01	4.73e-01	0.00e+00	0.00e+00	0.00e+00
 2.28941e+21	6.36e-22	3.35e-16	8.00e-12	1.52e-08	4.17e-06	2.77e-04	8.51e-02	4.51e-01	4.64e-01	0.00e+00	0.00e+00	0.00e+00
 2.36710e+21	8.02e-22	4.09e-16	9.51e-12	1.76e-08	4.69e-06	3.01e-04	8.92e-02	4.57e-01	4.54e-01	0.00e+00	0.00e+00	0.00e+00
 2.43372e+21	9.72e-22	4.84e-16	1.10e-11	1.98e-08	5.15e-06	3.22e-04	9.27e-02	4.61e-01	4.46e-01	0.00e+00	0.00e+00	0.00e+00
 2.50308e+21	1.18e-21	5.74e-16	1.27e-11	2.24e-08	5.68e-06	3.45e-04	9.65e-02	4.66e-01	4.37e-01	0.00e+00	0.00e+00	0.00e+00
 2.59324e+21	1.52e-21	7.15e-16	1.53e-11	2.62e-08	6.44e-06	3.77e-04	1.02e-01	4.72e-01	4.26e-01	0.00e+00	0.00e+00	0.00e+00
 2.68648e+21	1.97e-21	8.94e-16	1.86e-11	3.08e-08	7.31e-06	4.12e-04	1.07e-01	4.78e-01	4.15e-01	0.00e+00	0.00e+00	0.00e+00
 2.76325e+21	2.42e-21	1.07e-15	2.16e-11	3.50e-08	8.08e-06	4.43e-04	1.11e-01	4.82e-01	4.06e-01	0.00e+00	0.00e+00	0.00e+00
 2.84256e+21	2.98e-21	1.28e-15	2.52e-11	3.97e-08	8.94e-06	4.75e-04	1.16e-01	4.86e-01	3.97e-01	0.00e+00	0.00e+00	0.00e+00
 2.94566e+21	3.90e-21	1.61e-15	3.08e-11	4.69e-08	1.02e-05	5.21e-04	1.22e-01	4.92e-01	3.86e-01	0.00e+00	0.00e+00	0.00e+00
 3.04728e+21	5.05e-21	2.02e-15	3.74e-11	5.51e-08	1.16e-05	5.70e-04	1.28e-01	4.97e-01	3.74e-01	0.00e+00	0.00e+00	0.00e+00
 3.12430e+21	6.12e-21	2.38e-15	4.30e-11	6.20e-08	1.27e-05	6.09e-04	1.33e-01	5.00e-01	3.66e-01	0.00e+00	0.00e+00	0.00e+00
 3.20175e+21	7.38e-21	2.81e-15	4.95e-11	6.96e-08	1.39e-05	6.49e-04	1.38e-01	5.03e-01	3.58e-01	0.00e+00	0.00e+00	0.00e+00
 3.30245e+21	9.42e-21	3.47e-15	5.93e-11	8.09e-08	1.57e-05	7.06e-04	1.44e-01	5.07e-01	3.48e-01	0.00e+00	0.00e+00	0.00e+00
 3.41320e+21	1.23e-20	4.36e-15	7.21e-11	9.53e-08	1.79e-05	7.73e-04	1.52e-01	5.11e-01	3.36e-01	0.00e+00	0.00e+00	0.00e+00
 3.51374e+21	1.55e-20	5.33e-15	8.58e-11	1.10e-07	2.00e-05	8.37e-04	1.58e-01	5.15e-01	3.26e-01	0.00e+00	0.00e+00	0.00e+00
 3.62118e+21	1.98e-20	6.59e-15	1.03e-10	1.28e-07	2.26e-05	9.10e-04	1.66e-01	5.18e-01	3.16e-01	0.00e+00	0.00e+00	0.00e+00
 3.76086e+21	2.70e-20	8.63e-15	1.30e-10	1.56e-07	2.63e-05	1.01e-03	1.75e-01	5.21e-01	3.02e-01	0.00e+00	0.00e+00	0.00e+00
 3.90026e+21	3.67e-20	1.13e-14	1.63e-10	1.89e-07	3.07e-05	1.13e-03	1.85e-01	5.24e-01	2.89e-01	0.00e+00	0.00e+00	0.00e+00
 4.00607e+21	4.59e-20	1.37e-14	1.93e-10	2.17e-07	3.43e-05	1.22e-03	1.93e-01	5.26e-01	2.80e-01	0.00e+00	0.00e+00	0.00e+00
 4.11037e+21	5.69e-20	1.65e-14	2.27e-10	2.49e-07	3.82e-05	1.31e-03	2.01e-01	5.27e-01	2.71e-01	0.00e+00	0.00e+00	0.00e+00
 4.24595e+21	7.54e-20	2.11e-14	2.80e-10	2.97e-07	4.41e-05	1.45e-03	2.11e-01	5.29e-01	2.59e-01	0.00e+00	0.00e+00	0.00e+00
 4.39244e+21	1.01e-19	2.73e-14	3.50e-10	3.58e-07	5.12e-05	1.61e-03	2.22e-01	5.30e-01	2.47e-01	0.00e+00	0.00e+00	0.00e+00
 4.51998e+21	1.30e-19	3.39e-14	4.22e-10	4.20e-07	5.82e-05	1.75e-03	2.32e-01	5.30e-01	2.36e-01	0.00e+00	0.00e+00	0.00e+00
 4.62779e+21	1.60e-19	4.05e-14	4.93e-10	4.79e-07	6.46e-05	1.89e-03	2.40e-01	5.30e-01	2.28e-01	0.00e+00	0.00e+00	0.00e+00
 4.74307e+21	1.99e-19	4.89e-14	5.80e-10	5.50e-07	7.22e-05	2.04e-03	2.50e-01	5.29e-01	2.19e-01	0.00e+00	0.00e+00	0.00e+00
 4.89293e+21	2.61e-19	6.22e-14	7.16e-10	6.58e-07	8.34e-05	2.25e-03	2.62e-01	5.28e-01	2.08e-01	0.00e+00	0.00e+00	0.00e+00
 5.04350e+21	3.43e-19	7.87e-14	8.79e-10	7.84e-07	9.62e-05	2.48e-03	2.74e-01	5.26e-01	1.97e-01	0.00e+00	0.00e+00	0.00e+00
 5.15923e+21	4.19e-19	9.37e-14	1.02e-09	8.93e-07	1.07e-04	2.67e-03	2.83e-01	5.24e-01	1.89e-01	0.00e+00	0.00e+00	0.00e+00
 5.27393e+21	5.08e-19	1.11e-13	1.19e-09	1.01e-06	1.18e-04	2.87e-03	2.93e-01	5.22e-01	1.82e-01	0.00e+00	0.00e+00	0.00e+00
 5.42304e+21	6.50e-19	1.38e-13	1.44e-09	1.19e-06	1.35e-04	3.14e-03	3.06e-01	5.19e-01	1.72e-01	0.00e+00	0.00e+00	0.00e+00
 5.58174e+21	8.39e-19	1.72e-13	1.75e-09	1.42e-06	1.56e-04	3.46e-03	3.19e-01	5.15e-01	1.62e-01	0.00e+00	0.00e+00	0.00e+00
 5.71745e+21	1.04e-18	2.07e-13	2.06e-09	1.63e-06	1.74e-04	3.75e-03	3.30e-01	5.11e-01	1.55e-01	0.00e+00	0.00e+00	0.00e+00
 5.85839e+21	1.28e-18	2.49e-13	2.43e-09	1.88e-06	1.96e-04	4.07e-03	3.42e-01	5.07e-01	1.47e-01	0.00e+00	0.00e+00	0.00e+00
 6.04162e+21	1.67e-18	3.15e-13	2.99e-09	2.26e-06	2.28e-04	4.52e-03	3.58e-01	5.01e-01	1.37e-01	0.00e+00	0.00e+00	0.00e+00
 6.22995e+21	2.17e-18	3.98e-13	3.69e-09	2.70e-06	2.65e-04	5.02e-03	3.73e-01	4.94e-01	1.28e-01	0.00e+00	0.00e+00	0.00e+00
 6.38139e+21	2.66e-18	4.75e-13	4.32e-09	3.11e-06	2.97e-04	5.43e-03	3.86e-01	4.88e-01	1.21e-01	0.00e+00	0.00e+00	0.00e+00
 6.53472e+21	3.24e-18	5.66e-13	5.06e-09	3.57e-06	3.33e-04	5.88e-03	3.98e-01	4.82e-01	1.14e-01	0.00e+00	0.00e+00	0.00e+00
 6.73406e+21	4.13e-18	7.03e-13	6.17e-09	4.26e-06	3.86e-04	6.53e-03	4.15e-01	4.73e-01	1.05e-01	0.00e+00	0.00e+00	0.00e+00
 6.94282e+21	5.28e-18	8.75e-13	7.53e-09	5.08e-06	4.48e-04	7.25e-03	4.32e-01	4.63e-01	9.72e-02	0.00e+00	0.00e+00	0.00e+00
 7.11555e+21	6.42e-18	1.04e-12	8.82e-09	5.85e-06	5.03e-04	7.86e-03	4.45e-01	4.55e-01	9.10e-02	0.00e+00	0.00e+00	0.00e+00
 7.26587e+21	7.55e-18	1.20e-12	1.01e-08	6.59e-06	5.55e-04	8.43e-03	4.57e-01	4.48e-01	8.60e-02	0.00e+00	0.00e+00	0.00e+00
 7.43537e+21	8.98e-18	1.41e-12	1.16e-08	7.51e-06	6.20e-04	9.12e-03	4.70e-01	4.40e-01	8.05e-02	0.00e+00	0.00e+00	0.00e+00
 7.65571e+21	1.11e-17	1.71e-12	1.40e-08	8.86e-06	7.13e-04	1.01e-02	4.86e-01	4.29e-01	7.39e-02	0.00e+00	0.00e+00	0.00e+00
 7.86977e+21	1.36e-17	2.05e-12	1.66e-08	1.03e-05	8.12e-04	1.10e-02	5.02e-01	4.18e-01	6.81e-02	0.00e+00	0.00e+00	0.00e+00
 8.02473e+21	1.57e-17	2.33e-12	1.87e-08	1.15e-05	8.88e-04	1.18e-02	5.12e-01	4.11e-01	6.43e-02	0.00e+00	0.00e+00	0.00e+00
 8.17523e+21	1.78e-17	2.62e-12	2.08e-08	1.27e-05	9.65e-04	1.25e-02	5.22e-01	4.03e-01	6.08e-02	0.00e+00	0.00e+00	0.00e+00
 8.37087e+21	2.09e-17	3.03e-12	2.40e-08	1.45e-05	1.08e-03	1.35e-02	5.36e-01	3.93e-01	5.64e-02	0.00e+00	0.00e+00	0.00e+00
 8.58365e+21	2.47e-17	3.53e-12	2.78e-08	1.66e-05	1.21e-03	1.47e-02	5.49e-01	3.83e-01	5.21e-02	2.47e-17	2.28e-22	2.52e-22
 8.77239e+21	2.85e-17	4.03e-12	3.15e-08	1.86e-05	1.33e-03	1.57e-02	5.61e-01	3.74e-01	4.86e-02	2.85e-17	2.26e-21	2.71e-21
 8.97143e+21	3.28e-17	4.59e-12	3.57e-08	2.09e-05	1.46e-03	1.68e-02	5.73e-01	3.64e-01	4.51e-02	3.28e-17	2.53e-21	3.04e-21
 9.23018e+21	3.90e-17	5.40e-12	4.19e-08	2.43e-05	1.66e-03	1.84e-02	5.87e-01	3.51e-01	4.10e-02	3.90e-17	2.90e-21	3.48e-21
 9.49076e+21	4.64e-17	6.34e-12	4.90e-08	2.81e-05	1.87e-03	2.00e-02	6.01e-01	3.40e-01	3.74e-02	4.64e-17	3.28e-21	3.94e-21
 9.69403e+21	5.30e-17	7.16e-12	5.51e-08	3.12e-05	2.03e-03	2.13e-02	6.11e-01	3.31e-01	3.48e-02	5.30e-17	3.63e-21	4.37e-21
 9.89858e+21	5.97e-17	8.02e-12	6.16e-08	3.47e-05	2.22e-03	2.27e-02	6.21e-01	3.21e-01	3.24e-02	5.97e-17	4.00e-21	4.81e-21
 1.01645e+22	6.92e-17	9.23e-12	7.09e-08	3.96e-05	2.47e-03	2.46e-02	6.34e-01	3.10e-01	2.95e-02	6.91e-17	4.46e-21	5.38e-21
 1.04494e+22	8.09e-17	1.07e-11	8.23e-08	4.55e-05	2.76e-03	2.66e-02	6.46e-01	2.98e-01	2.67e-02	8.09e-17	4.98e-21	6.01e-21
 1.06985e+22	9.25e-17	1.22e-11	9.32e-08	5.11e-05	3.03e-03	2.84e-02	6.56e-01	2.88e-01	2.46e-02	9.25e-17	5.50e-21	6.65e-21
 1.09616e+22	1.05e-16	1.38e-11	1.06e-07	5.74e-05	3.33e-03	3.04e-02	6.66e-01	2.78e-01	2.25e-02	1.05e-16	6.08e-21	7.35e-21
 1.12416e+22	1.20e-16	1.56e-11	1.20e-07	6.49e-05	3.67e-03	3.26e-02	6.76e-01	2.67e-01	2.05e-02	1.20e-16	6.64e-21	8.04e-21
 1.14797e+22	1.36e-16	1.75e-11	1.35e-07	7.18e-05	3.96e-03	3.44e-02	6.84e-01	2.59e-01	1.90e-02	1.35e-16	7.26e-21	8.81e-21
 1.17253e+22	1.51e-16	1.95e-11	1.50e-07	7.95e-05	4.29e-03	3.64e-02	6.92e-01	2.50e-01	1.76e-02	1.51e-16	7.89e-21	9.58e-21
 1.20447e+22	1.73e-16	2.23e-11	1.72e-07	9.04e-05	4.74e-03	3.91e-02	7.01e-01	2.39e-01	1.59e-02	1.73e-16	8.69e-21	1.06e-20
 1.23706e+22	1.99e-16	2.55e-11	1.97e-07	1.03e-04	5.22e-03	4.19e-02	7.10e-01	2.29e-01	1.43e-02	1.99e-16	9.54e-21	1.16e-20
 1.26305e+22	2.22e-16	2.84e-11	2.20e-07	1.13e-04	5.62e-03	4.42e-02	7.16e-01	2.21e-01	1.33e-02	2.22e-16	1.03e-20	1.26e-20
 1.28937e+22	2.46e-16	3.14e-11	2.44e-07	1.25e-04	6.05e-03	4.65e-02	7.22e-01	2.13e-01	1.22e-02	2.46e-16	1.12e-20	1.37e-20
 1.32358e+22	2.79e-16	3.57e-11	2.79e-07	1.41e-04	6.64e-03	4.97e-02	7.29e-01	2.03e-01	1.10e-02	2.79e-16	1.22e-20	1.50e-20
 1.35938e+22	3.20e-16	4.08e-11	3.20e-07	1.60e-04	7.28e-03	5.31e-02	7.36e-01	1.94e-01	9.93e-03	3.20e-16	1.34e-20	1.64e-20
 1.38933e+22	3.58e-16	4.55e-11	3.58e-07	1.77e-04	7.84e-03	5.59e-02	7.41e-01	1.86e-01	9.11e-03	3.58e-16	1.45e-20	1.78e-20
 1.42034e+22	3.98e-16	5.06e-11	4.00e-07	1.96e-04	8.45e-03	5.89e-02	7.45e-01	1.79e-01	8.33e-03	3.98e-16	1.57e-20	1.93e-20
 1.46066e+22	4.54e-16	5.80e-11	4.61e-07	2.23e-04	9.29e-03	6.30e-02	7.51e-01	1.69e-01	7.43e-03	4.54e-16	1.73e-20	2.12e-20
 1.50221e+22	5.22e-16	6.67e-11	5.33e-07	2.54e-04	1.02e-02	6.73e-02	7.55e-01	1.61e-01	6.62e-03	5.22e-16	1.89e-20	2.33e-20
 1.53631e+22	5.84e-16	7.46e-11	5.99e-07	2.81e-04	1.10e-02	7.08e-02	7.58e-01	1.54e-01	6.04e-03	5.84e-16	2.06e-20	2.53e-20
 1.57159e+22	6.50e-16	8.33e-11	6.73e-07	3.12e-04	1.18e-02	7.45e-02	7.61e-01	1.47e-01	5.49e-03	6.50e-16	2.23e-20	2.75e-20
 1.61745e+22	7.45e-16	9.59e-11	7.81e-07	3.57e-04	1.30e-02	7.96e-02	7.64e-01	1.38e-01	4.86e-03	7.45e-16	2.46e-20	3.03e-20
 1.66542e+22	8.58e-16	1.11e-10	9.10e-07	4.08e-04	1.42e-02	8.49e-02	7.66e-01	1.30e-01	4.29e-03	8.58e-16	2.71e-20	3.33e-20
 1.70514e+22	9.62e-16	1.25e-10	1.03e-06	4.54e-04	1.53e-02	8.93e-02	7.67e-01	1.24e-01	3.88e-03	9.62e-16	2.94e-20	3.62e-20
 1.74579e+22	1.08e-15	1.40e-10	1.17e-06	5.05e-04	1.65e-02	9.40e-02	7.68e-01	1.18e-01	3.50e-03	1.08e-15	3.21e-20	3.95e-20
 1.79863e+22	1.24e-15	1.63e-10	1.37e-06	5.79e-04	1.81e-02	1.00e-01	7.68e-01	1.10e-01	3.06e-03	1.24e-15	3.56e-20	4.38e-20
 1.85370e+22	1.45e-15	1.91e-10	1.61e-06	6.65e-04	1.98e-02	1.07e-01	7.67e-01	1.03e-01	2.68e-03	1.45e-15	3.96e-20	4.88e-20
 1.89895e+22	1.63e-15	2.17e-10	1.83e-06	7.42e-04	2.14e-02	1.12e-01	7.66e-01	9.73e-02	2.40e-03	1.63e-15	4.33e-20	5.32e-20
 1.94505e+22	1.85e-15	2.48e-10	2.09e-06	8.28e-04	2.30e-02	1.18e-01	7.64e-01	9.21e-02	2.16e-03	1.85e-15	4.81e-20	5.91e-20
 2.00499e+22	2.17e-15	2.93e-10	2.47e-06	9.52e-04	2.52e-02	1.25e-01	7.61e-01	8.57e-02	1.87e-03	2.17e-15	5.43e-20	6.66e-20
 2.06180e+22	2.52e-15	3.42e-10	2.88e-06	1.08e-03	2.74e-02	1.32e-01	7.57e-01	8.01e-02	1.65e-03	2.52e-15	6.02e-20	7.38e-20
 2.10090e+22	2.79e-15	3.81e-10	3.20e-06	1.18e-03	2.89e-02	1.37e-01	7.54e-01	7.65e-02	1.51e-03	2.79e-15	6.54e-20	8.01e-20
 2.13811e+22	3.07e-15	4.21e-10	3.53e-06	1.27e-03	3.05e-02	1.42e-01	7.51e-01	7.33e-02	1.39e-03	3.07e-15	7.07e-20	8.66e-20
 2.18649e+22	3.46e-15	4.79e-10	4.01e-06	1.41e-03	3.26e-02	1.48e-01	7.47e-01	6.92e-02	1.25e-03	3.46e-15	7.77e-20	9.50e-20
 2.24093e+22	3.97e-15	5.53e-10	4.61e-06	1.58e-03	3.50e-02	1.56e-01	7.42e-01	6.50e-02	1.11e-03	3.97e-15	8.61e-20	1.05e-19
 2.29201e+22	4.51e-15	6.32e-10	5.25e-06	1.75e-03	3.73e-02	1.62e-01	7.36e-01	6.13e-02	9.93e-04	4.51e-15	9.49e-20	1.16e-19
 2.34719e+22	5.16e-15	7.30e-10	6.03e-06	1.95e-03	4.00e-02	1.69e-01	7.30e-01	5.75e-02	8.83e-04	5.16e-15	1.06e-19	1.29e-19
 2.41893e+22	6.16e-15	8.79e-10	7.19e-06	2.23e-03	4.36e-02	1.79e-01	7.21e-01	5.31e-02	7.62e-04	6.16e-15	1.22e-19	1.48e-19
 2.49073e+22	7.32e-15	1.05e-09	8.55e-06	2.54e-03	4.73e-02	1.88e-01	7.12e-01	4.90e-02	6.57e-04	7.32e-15	1.39e-19	1.69e-19
 2.54628e+22	8.35e-15	1.21e-09	9.75e-06	2.81e-03	5.03e-02	1.96e-01	7.05e-01	4.61e-02	5.88e-04	8.35e-15	1.55e-19	1.88e-19
 2.60214e+22	9.56e-15	1.39e-09	1.11e-05	3.10e-03	5.35e-02	2.03e-01	6.96e-01	4.33e-02	5.26e-04	9.56e-15	1.74e-19	2.10e-19
 2.67476e+22	1.14e-14	1.67e-09	1.31e-05	3.51e-03	5.78e-02	2.13e-01	6.86e-01	4.00e-02	4.56e-04	1.14e-14	2.00e-19	2.42e-19
 2.75092e+22	1.36e-14	2.01e-09	1.56e-05	3.98e-03	6.24e-02	2.23e-01	6.74e-01	3.68e-02	3.94e-04	1.36e-14	2.31e-19	2.77e-19
 2.81579e+22	1.58e-14	2.34e-09	1.80e-05	4.42e-03	6.66e-02	2.31e-01	6.63e-01	3.43e-02	3.49e-04	1.58e-14	2.61e-19	3.13e-19
 2.88421e+22	1.85e-14	2.76e-09	2.09e-05	4.92e-03	7.11e-02	2.40e-01	6.52e-01	3.19e-02	3.07e-04	1.85e-14	3.00e-19	3.59e-19
 2.97316e+22	2.28e-14	3.41e-09	2.53e-05	5.64e-03	7.73e-02	2.51e-01	6.37e-01	2.90e-02	2.60e-04	2.28e-14	3.56e-19	4.26e-19
 3.06315e+22	2.79e-14	4.19e-09	3.06e-05	6.45e-03	8.38e-02	2.62e-01	6.21e-01	2.64e-02	2.21e-04	2.79e-14	4.20e-19	5.01e-19
 3.13616e+22	3.29e-14	4.93e-09	3.56e-05	7.17e-03	8.93e-02	2.71e-01	6.08e-01	2.44e-02	1.94e-04	3.29e-14	4.82e-19	5.75e-19
 3.21270e+22	3.91e-14	5.87e-09	4.16e-05	7.99e-03	9.53e-02	2.80e-01	5.94e-01	2.25e-02	1.69e-04	3.91e-14	5.63e-19	6.70e-19
 3.31220e+22	4.91e-14	7.35e-09	5.08e-05	9.17e-03	1.03e-01	2.92e-01	5.75e-01	2.03e-02	1.42e-04	4.91e-14	6.83e-19	8.11e-19
 3.40415e+22	5.97e-14	8.91e-09	6.07e-05	1.04e-02	1.11e-01	3.02e-01	5.58e-01	1.85e-02	1.21e-04	5.96e-14	8.00e-19	9.49e-19
 3.46763e+22	6.82e-14	1.02e-08	6.85e-05	1.12e-02	1.17e-01	3.08e-01	5.46e-01	1.73e-02	1.09e-04	6.82e-14	9.01e-19	1.07e-18
 3.53153e+22	7.84e-14	1.16e-08	7.74e-05	1.22e-02	1.23e-01	3.15e-01	5.34e-01	1.62e-02	9.78e-05	7.84e-14	1.02e-18	1.21e-18
 3.61459e+22	9.44e-14	1.39e-08	9.07e-05	1.36e-02	1.30e-01	3.23e-01	5.18e-01	1.48e-02	8.50e-05	9.44e-14	1.20e-18	1.42e-18
 3.70364e+22	1.14e-13	1.67e-08	1.07e-04	1.51e-02	1.39e-01	3.32e-01	5.00e-01	1.35e-02	7.33e-05	1.14e-13	1.41e-18	1.66e-18
 3.78214e+22	1.34e-13	1.95e-08	1.23e-04	1.66e-02	1.47e-01	3.39e-01	4.85e-01	1.25e-02	6.43e-05	1.34e-13	1.62e-18	1.92e-18
 3.86584e+22	1.60e-13	2.32e-08	1.43e-04	1.84e-02	1.55e-01	3.46e-01	4.69e-01	1.14e-02	5.61e-05	1.60e-13	1.91e-18	2.25e-18
 3.97466e+22	2.02e-13	2.88e-08	1.74e-04	2.09e-02	1.67e-01	3.54e-01	4.48e-01	1.02e-02	4.71e-05	2.02e-13	2.34e-18	2.76e-18
 4.08432e+22	2.53e-13	3.56e-08	2.11e-04	2.36e-02	1.79e-01	3.62e-01	4.26e-01	9.09e-03	3.93e-05	2.53e-13	2.84e-18	3.34e-18
 4.16841e+22	2.98e-13	4.16e-08	2.43e-04	2.59e-02	1.88e-01	3.67e-01	4.10e-01	8.33e-03	3.43e-05	2.98e-13	3.28e-18	3.86e-18
 4.25107e+22	3.56e-13	4.90e-08	2.80e-04	2.83e-02	1.98e-01	3.71e-01	3.95e-01	7.63e-03	3.00e-05	3.56e-13	3.86e-18	4.53e-18
 4.35853e+22	4.46e-13	6.04e-08	3.37e-04	3.18e-02	2.11e-01	3.76e-01	3.74e-01	6.80e-03	2.53e-05	4.46e-13	4.73e-18	5.55e-18
 4.47168e+22	5.59e-13	7.44e-08	4.07e-04	3.58e-02	2.24e-01	3.81e-01	3.53e-01	6.02e-03	2.11e-05	5.59e-13	5.77e-18	6.77e-18
 4.56648e+22	6.74e-13	8.83e-08	4.77e-04	3.95e-02	2.36e-01	3.83e-01	3.36e-01	5.44e-03	1.81e-05	6.74e-13	6.83e-18	8.01e-18
 4.66399e+22	8.26e-13	1.06e-07	5.61e-04	4.36e-02	2.48e-01	3.85e-01	3.18e-01	4.89e-03	1.55e-05	8.26e-13	8.24e-18	9.65e-18
 4.79074e+22	1.08e-12	1.35e-07	6.91e-04	4.95e-02	2.64e-01	3.86e-01	2.96e-01	4.25e-03	1.27e-05	1.08e-12	1.05e-17	1.23e-17
 4.91657e+22	1.38e-12	1.69e-07	8.50e-04	5.60e-02	2.80e-01	3.85e-01	2.74e-01	3.69e-03	1.04e-05	1.38e-12	1.31e-17	1.53e-17
 5.01310e+22	1.68e-12	2.02e-07	9.97e-04	6.15e-02	2.93e-01	3.84e-01	2.58e-01	3.31e-03	8.87e-06	1.68e-12	1.56e-17	1.82e-17
 5.11047e+22	2.06e-12	2.43e-07	1.17e-03	6.76e-02	3.05e-01	3.81e-01	2.42e-01	2.96e-03	7.59e-06	2.06e-12	1.89e-17	2.21e-17
 5.23705e+22	2.69e-12	3.09e-07	1.44e-03	7.63e-02	3.21e-01	3.76e-01	2.22e-01	2.55e-03	6.19e-06	2.69e-12	2.42e-17	2.83e-17
 5.36454e+22	3.51e-12	3.92e-07	1.79e-03	8.60e-02	3.37e-01	3.70e-01	2.03e-01	2.19e-03	5.03e-06	3.51e-12	3.08e-17	3.59e-17
 5.46688e+22	4.32e-12	4.73e-07	2.12e-03	9.45e-02	3.50e-01	3.63e-01	1.88e-01	1.94e-03	4.26e-06	4.32e-12	3.74e-17	4.36e-17
 5.57362e+22	5.53e-12	5.89e-07	2.56e-03	1.05e-01	3.63e-01	3.56e-01	1.73e-01	1.70e-03	3.56e-06	5.53e-12	4.72e-17	5.50e-17
 5.69260e+22	7.22e-12	7.48e-07	3.16e-03	1.17e-01	3.76e-01	3.45e-01	1.57e-01	1.46e-03	2.91e-06	7.22e-12	6.03e-17	7.03e-17
 5.80166e+22	9.27e-12	9.36e-07	3.85e-03	1.29e-01	3.88e-01	3.35e-01	1.43e-01	1.27e-03	2.42e-06	9.27e-12	7.62e-17	8.89e-17
 5.89485e+22	1.16e-11	1.14e-06	4.58e-03	1.41e-01	3.97e-01	3.25e-01	1.31e-01	1.12e-03	2.06e-06	1.16e-11	9.37e-17	1.09e-16
 5.99324e+22	1.48e-11	1.42e-06	5.52e-03	1.55e-01	4.06e-01	3.13e-01	1.20e-01	9.77e-04	1.73e-06	1.48e-11	1.18e-16	1.38e-16
 6.10131e+22	1.92e-11	1.80e-06	6.83e-03	1.72e-01	4.14e-01	2.99e-01	1.08e-01	8.40e-04	1.43e-06	1.92e-11	1.51e-16	1.76e-16
 6.19706e+22	2.47e-11	2.26e-06	8.33e-03	1.88e-01	4.20e-01	2.85e-01	9.74e-02	7.31e-04	1.20e-06	2.47e-11	1.92e-16	2.24e-16
 6.27756e+22	3.13e-11	2.79e-06	9.93e-03	2.04e-01	4.23e-01	2.73e-01	8.91e-02	6.47e-04	1.03e-06	3.13e-11	2.41e-16	2.81e-16
 6.34639e+22	3.81e-11	3.34e-06	1.16e-02	2.18e-01	4.25e-01	2.62e-01	8.22e-02	5.81e-04	9.05e-07	3.81e-11	2.91e-16	3.39e-16
 6.40864e+22	4.61e-11	3.96e-06	1.34e-02	2.32e-01	4.26e-01	2.52e-01	7.62e-02	5.25e-04	0.00e+00	4.61e-11	3.49e-16	4.07e-16
 6.47905e+22	5.46e-11	4.66e-06	1.59e-02	2.49e-01	4.26e-01	2.39e-01	6.96e-02	4.67e-04	0.00e+00	5.46e-11	4.10e-16	4.78e-16
 6.55423e+22	7.36e-11	6.06e-06	1.92e-02	2.69e-01	4.23e-01	2.25e-01	6.29e-02	4.10e-04	0.00e+00	7.36e-11	5.47e-16	6.37e-16
 6.61602e+22	8.62e-11	7.06e-06	2.27e-02	2.87e-01	4.20e-01	2.13e-01	5.75e-02	3.66e-04	0.00e+00	8.62e-11	6.36e-16	7.41e-16
 6.66574e+22	1.09e-10	8.71e-06	2.62e-02	3.02e-01	4.15e-01	2.03e-01	5.31e-02	3.32e-04	0.00e+00	1.09e-10	8.03e-16	9.35e-16
 6.71938e+22	1.33e-10	1.04e-05	3.06e-02	3.20e-01	4.09e-01	1.91e-01	4.86e-02	2.98e-04	0.00e+00	1.33e-10	9.69e-16	1.13e-15
 6.77734e+22	1.60e-10	1.24e-05	3.65e-02	3.40e-01	4.00e-01	1.79e-01	4.39e-02	2.63e-04	0.00e+00	1.60e-10	1.16e-15	1.35e-15
 6.82665e+22	2.07e-10	1.56e-05	4.31e-02	3.59e-01	3.91e-01	1.67e-01	4.00e-02	2.36e-04	0.00e+00	2.07e-10	1.49e-15	1.74e-15
 6.86638e+22	2.47e-10	1.84e-05	4.95e-02	3.75e-01	3.82e-01	1.57e-01	3.68e-02	2.14e-04	0.00e+00	2.47e-10	1.77e-15	2.06e-15
 6.90791e+22	2.99e-10	2.19e-05	5.72e-02	3.91e-01	3.71e-01	1.47e-01	3.35e-02	1.92e-04	0.00e+00	2.99e-10	2.13e-15	2.49e-15
 6.95362e+22	3.72e-10	2.68e-05	6.78e-02	4.10e-01	3.56e-01	1.35e-01	3.00e-02	1.69e-04	0.00e+00	3.72e-10	2.64e-15	3.07e-15
 6.99332e+22	4.35e-10	3.12e-05	7.94e-02	4.28e-01	3.41e-01	1.24e-01	2.70e-02	1.50e-04	0.00e+00	4.35e-10	3.07e-15	3.58e-15
 7.02564e+22	5.40e-10	3.78e-05	9.08e-02	4.42e-01	3.28e-01	1.15e-01	2.46e-02	1.35e-04	0.00e+00	5.40e-10	3.80e-15	4.42e-15
 7.05495e+22	6.33e-10	4.39e-05	1.03e-01	4.54e-01	3.14e-01	1.07e-01	2.24e-02	1.22e-04	0.00e+00	6.33e-10	4.44e-15	5.17e-15
 7.08824e+22	7.62e-10	5.20e-05	1.19e-01	4.67e-01	2.97e-01	9.74e-02	2.00e-02	1.07e-04	0.00e+00	7.62e-10	5.32e-15	6.19e-15
 7.12394e+22	9.36e-10	6.30e-05	1.39e-01	4.80e-01	2.76e-01	8.69e-02	1.74e-02	9.26e-05	0.00e+00	9.36e-10	6.51e-15	7.58e-15
 7.15366e+22	1.12e-09	7.44e-05	1.61e-01	4.89e-01	2.57e-01	7.79e-02	1.53e-02	8.04e-05	0.00e+00	1.12e-09	7.74e-15	9.02e-15
 7.17734e+22	1.27e-09	8.40e-05	1.80e-01	4.95e-01	2.40e-01	7.08e-02	1.37e-02	7.13e-05	0.00e+00	1.27e-09	8.76e-15	1.02e-14
 7.20232e+22	1.48e-09	9.70e-05	2.03e-01	4.99e-01	2.22e-01	6.35e-02	1.21e-02	6.23e-05	0.00e+00	1.48e-09	1.02e-14	1.19e-14
 7.23017e+22	1.80e-09	1.16e-04	2.33e-01	5.00e-01	2.01e-01	5.55e-02	1.04e-02	5.30e-05	0.00e+00	1.80e-09	1.24e-14	1.44e-14
 7.25511e+22	2.12e-09	1.35e-04	2.63e-01	4.98e-01	1.81e-01	4.84e-02	8.86e-03	4.50e-05	0.00e+00	2.12e-09	1.45e-14	1.69e-14
 7.27590e+22	2.42e-09	1.52e-04	2.92e-01	4.93e-01	1.64e-01	4.27e-02	7.68e-03	3.87e-05	0.00e+00	2.42e-09	1.65e-14	1.93e-14
 7.29794e+22	2.78e-09	1.73e-04	3.24e-01	4.85e-01	1.47e-01	3.71e-02	6.56e-03	3.28e-05	0.00e+00	2.78e-09	1.89e-14	2.21e-14
 7.32230e+22	3.22e-09	1.98e-04	3.63e-01	4.72e-01	1.28e-01	3.14e-02	5.42e-03	2.69e-05	0.00e+00	3.22e-09	2.19e-14	2.56e-14
 7.34399e+22	3.68e-09	2.24e-04	4.00e-01	4.57e-01	1.11e-01	2.66e-02	4.50e-03	2.21e-05	0.00e+00	3.68e-09	2.49e-14	2.91e-14
 7.36247e+22	4.11e-09	2.47e-04	4.34e-01	4.41e-01	9.79e-02	2.30e-02	3.80e-03	1.85e-05	0.00e+00	4.11e-09	2.78e-14	3.25e-14
 7.38252e+22	4.60e-09	2.74e-04	4.70e-01	4.22e-01	8.48e-02	1.95e-02	3.15e-03	1.52e-05	0.00e+00	4.60e-09	3.10e-14	3.63e-14
 7.40510e+22	5.18e-09	3.04e-04	5.11e-01	3.98e-01	7.15e-02	1.62e-02	2.53e-03	1.21e-05	0.00e+00	5.18e-09	3.48e-14	4.08e-14
 7.42614e+22	5.76e-09	3.34e-04	5.50e-01	3.74e-01	6.03e-02	1.35e-02	2.05e-03	9.71e-06	0.00e+00	5.76e-09	3.86e-14	4.53e-14
 7.44512e+22	6.29e-09	3.61e-04	5.83e-01	3.52e-01	5.17e-02	1.14e-02	1.69e-03	7.94e-06	0.00e+00	6.29e-09	4.21e-14	4.93e-14
 7.46625e+22	6.93e-09	3.91e-04	6.18e-01	3.27e-01	4.36e-02	9.57e-03	1.36e-03	6.31e-06	0.00e+00	6.93e-09	4.62e-14	5.43e-14
 7.48950e+22	7.62e-09	4.23e-04	6.54e-01	3.00e-01	3.62e-02	7.92e-03	1.08e-03	4.93e-06	0.00e+00	7.62e-09	5.07e-14	5.96e-14
 7.51065e+22	8.26e-09	4.52e-04	6.84e-01	2.77e-01	3.08e-02	6.71e-03	8.79e-04	3.95e-06	0.00e+00	8.26e-09	5.48e-14	6.44e-14
 7.53025e+22	8.86e-09	4.77e-04	7.09e-01	2.57e-01	2.67e-02	5.80e-03	7.32e-04	3.25e-06	0.00e+00	8.86e-09	5.86e-14	6.90e-14
 7.55267e+22	9.55e-09	5.05e-04	7.35e-01	2.36e-01	2.29e-02	4.96e-03	6.00e-04	2.62e-06	0.00e+00	9.55e-09	6.30e-14	7.42e-14
 7.58182e+22	1.04e-08	5.39e-04	7.64e-01	2.12e-01	1.92e-02	4.12e-03	4.72e-04	2.01e-06	0.00e+00	1.04e-08	6.87e-14	8.09e-14
 7.61224e+22	1.13e-08	5.72e-04	7.89e-01	1.90e-01	1.63e-02	3.47e-03	3.76e-04	1.56e-06	0.00e+00	1.13e-08	7.42e-14	8.76e-14
 7.63860e+22	1.21e-08	5.97e-04	8.07e-01	1.74e-01	1.44e-02	3.03e-03	3.15e-04	1.28e-06	0.00e+00	1.21e-08	7.89e-14	9.32e-14
 7.66717e+22	1.29e-08	6.25e-04	8.25e-01	1.59e-01	1.28e-02	2.64e-03	2.63e-04	1.05e-06	0.00e+00	1.29e-08	8.41e-14	9.95e-14
 7.70303e+22	1.39e-08	6.56e-04	8.43e-01	1.42e-01	1.13e-02	2.27e-03	2.16e-04	8.34e-07	0.00e+00	1.39e-08	9.04e-14	1.07e-13
 7.74309e+22	1.50e-08	6.88e-04	8.59e-01	1.28e-01	1.01e-02	1.95e-03	1.77e-04	0.00e+00	0.00e+00	1.50e-08	9.70e-14	1.15e-13
 7.78379e+22	1.61e-08	7.18e-04	8.73e-01	1.16e-01	9.13e-03	1.70e-03	1.49e-04	0.00e+00	0.00e+00	1.61e-08	1.04e-13	1.23e-13
 7.82578e+22	1.72e-08	7.46e-04	8.84e-01	1.05e-01	8.39e-03	1.50e-03	1.27e-04	0.00e+00	0.00e+00	1.72e-08	1.10e-13	1.31e-13
 7.87155e+22	1.84e-08	7.76e-04	8.95e-01	9.54e-02	7.76e-03	1.32e-03	1.09e-04	0.00e+00	0.00e+00	1.84e-08	1.17e-13	1.39e-13
 7.92231e+22	1.97e-08	8.07e-04	9.04e-01	8.65e-02	7.20e-03	1.16e-03	9.43e-05	0.00e+00	0.00e+00	1.97e-08	1.25e-13	1.49e-13
 7.97800e+22	2.12e-08	8.39e-04	9.13e-01	7.84e-02	6.72e-03	1.02e-03	8.16e-05	0.00e+00	0.00e+00	2.12e-08	1.33e-13	1.59e-13
 8.03918e+22	2.27e-08	8.72e-04	9.21e-01	7.11e-02	6.30e-03	8.99e-04	7.10e-05	0.00e+00	0.00e+00	2.27e-08	1.42e-13	1.70e-13
 8.10637e+22	2.45e-08	9.07e-04	9.28e-01	6.45e-02	5.91e-03	7.90e-04	6.20e-05	0.00e+00	0.00e+00	2.45e-08	1.51e-13	1.80e-13
 8.18088e+22	2.64e-08	9.44e-04	9.34e-01	5.84e-02	5.57e-03	6.93e-04	5.43e-05	0.00e+00	0.00e+00	2.64e-08	1.61e-13	1.92e-13
 8.26531e+22	2.86e-08	9.83e-04	9.40e-01	5.27e-02	5.24e-03	6.04e-04	4.75e-05	0.00e+00	0.00e+00	2.86e-08	1.71e-13	2.05e-13
 8.36135e+22	3.11e-08	1.03e-03	9.46e-01	4.73e-02	4.92e-03	5.23e-04	4.14e-05	0.00e+00	0.00e+00	3.11e-08	1.83e-13	2.20e-13
 8.47043e+22	3.40e-08	1.07e-03	9.51e-01	4.25e-02	4.62e-03	4.50e-04	3.60e-05	0.00e+00	0.00e+00	3.40e-08	1.97e-13	2.37e-13
 8.59560e+22	3.75e-08	1.12e-03	9.56e-01	3.79e-02	4.32e-03	3.84e-04	3.12e-05	0.00e+00	0.00e+00	3.75e-08	2.13e-13	2.56e-13
 8.74108e+22	4.17e-08	1.18e-03	9.61e-01	3.37e-02	4.03e-03	3.24e-04	2.68e-05	0.00e+00	0.00e+00	4.17e-08	2.33e-13	2.80e-13
 8.91370e+22	4.71e-08	1.25e-03	9.65e-01	2.97e-02	3.72e-03	2.68e-04	2.27e-05	0.00e+00	0.00e+00	4.71e-08	2.57e-13	3.09e-13
 9.11539e+22	5.38e-08	1.32e-03	9.69e-01	2.61e-02	3.42e-03	2.20e-04	1.90e-05	0.00e+00	0.00e+00	5.38e-08	2.86e-13	3.45e-13
 9.36238e+22	6.26e-08	1.41e-03	9.73e-01	2.25e-02	3.11e-03	1.75e-04	1.56e-05	0.00e+00	0.00e+00	6.26e-08	3.24e-13	3.91e-13
 9.68348e+22	7.53e-08	1.52e-03	9.76e-01	1.91e-02	2.78e-03	1.34e-04	1.24e-05	0.00e+00	0.00e+00	7.53e-08	3.78e-13	4.56e-13
 1.00278e+23	9.30e-08	1.65e-03	9.79e-01	1.64e-02	2.49e-03	1.04e-04	9.91e-06	0.00e+00	0.00e+00	9.30e-08	4.52e-13	5.45e-13
 1.03015e+23	1.11e-07	1.77e-03	9.81e-01	1.48e-02	2.29e-03	8.61e-05	8.39e-06	0.00e+00	0.00e+00	1.11e-07	5.27e-13	6.36e-13
 1.05110e+23	1.26e-07	1.85e-03	9.82e-01	1.37e-02	2.16e-03	7.51e-05	7.44e-06	0.00e+00	0.00e+00	1.26e-07	5.90e-13	7.12e-13
 1.07376e+23	1.43e-07	1.93e-03	9.83e-01	1.25e-02	2.03e-03	6.46e-05	6.58e-06	0.00e+00	0.00e+00	1.43e-07	6.61e-13	7.97e-13
 1.10321e+23	1.70e-07	2.03e-03	9.85e-01	1.12e-02	1.89e-03	5.36e-05	5.67e-06	0.00e+00	0.00e+00	1.70e-07	7.67e-13	9.24e-13
 1.14151e+23	2.14e-07	2.17e-03	9.86e-01	9.81e-03	1.72e-03	4.25e-05	4.72e-06	0.00e+00	0.00e+00	2.14e-07	9.38e-13	1.13e-12
 1.17964e+23	2.81e-07	2.35e-03	9.87e-01	8.72e-03	1.58e-03	3.41e-05	3.96e-06	0.00e+00	0.00e+00	2.81e-07	1.21e-12	1.45e-12
 1.20730e+23	3.52e-07	2.51e-03	9.88e-01	8.08e-03	1.49e-03	2.93e-05	3.50e-06	0.00e+00	0.00e+00	3.52e-07	1.49e-12	1.79e-12
 1.22853e+23	4.19e-07	2.63e-03	9.88e-01	7.61e-03	1.43e-03	2.61e-05	3.19e-06	0.00e+00	0.00e+00	4.19e-07	1.76e-12	2.11e-12
 1.25166e+23	5.05e-07	2.75e-03	9.89e-01	7.07e-03	1.37e-03	2.29e-05	2.90e-06	0.00e+00	0.00e+00	5.05e-07	2.10e-12	2.51e-12
 1.28173e+23	6.54e-07	2.94e-03	9.89e-01	6.44e-03	1.30e-03	1.93e-05	2.56e-06	0.00e+00	0.00e+00	6.54e-07	2.67e-12	3.19e-12
 1.31338e+23	9.09e-07	3.20e-03	9.90e-01	5.85e-03	1.23e-03	1.60e-05	2.23e-06	0.00e+00	0.00e+00	9.09e-07	3.66e-12	4.36e-12
 1.33826e+23	1.23e-06	3.48e-03	9.90e-01	5.43e-03	1.18e-03	1.37e-05	1.99e-06	0.00e+00	0.00e+00	1.23e-06	4.92e-12	5.86e-12
 1.35674e+23	1.58e-06	3.73e-03	9.90e-01	5.12e-03	1.15e-03	1.22e-05	1.82e-06	0.00e+00	0.00e+00	1.58e-06	6.27e-12	7.45e-12
 1.37572e+23	2.02e-06	3.99e-03	9.90e-01	4.79e-03	1.11e-03	1.07e-05	1.66e-06	0.00e+00	0.00e+00	2.02e-06	7.97e-12	9.46e-12
 1.40039e+23	2.87e-06	4.42e-03	9.90e-01	4.36e-03	1.07e-03	8.99e-06	1.46e-06	0.00e+00	0.00e+00	2.87e-06	1.12e-11	1.32e-11
 1.42502e+23	4.46e-06	5.08e-03	9.90e-01	3.93e-03	1.03e-03	7.31e-06	1.26e-06	0.00e+00	0.00e+00	4.46e-06	1.72e-11	2.03e-11
 1.44235e+23	6.49e-06	5.78e-03	9.90e-01	3.61e-03	1.01e-03	6.17e-06	1.11e-06	0.00e+00	0.00e+00	6.49e-06	2.48e-11	2.93e-11
 1.45418e+23	8.53e-06	6.37e-03	9.89e-01	3.39e-03	9.92e-04	5.43e-06	1.01e-06	0.00e+00	0.00e+00	8.53e-06	3.24e-11	3.82e-11
 1.46612e+23	1.12e-05	7.02e-03	9.89e-01	3.15e-03	9.76e-04	4.76e-06	9.19e-07	0.00e+00	0.00e+00	1.12e-05	4.21e-11	4.96e-11
 1.48163e+23	1.63e-05	8.12e-03	9.88e-01	2.84e-03	9.56e-04	3.93e-06	0.00e+00	0.00e+00	0.00e+00	1.63e-05	6.08e-11	7.15e-11
 1.49708e+23	2.64e-05	9.90e-03	9.87e-01	2.49e-03	9.35e-04	3.09e-06	0.00e+00	0.00e+00	0.00e+00	2.64e-05	9.76e-11	1.14e-10
 1.50777e+23	3.97e-05	1.18e-02	9.85e-01	2.24e-03	9.19e-04	2.53e-06	0.00e+00	0.00e+00	0.00e+00	3.97e-05	1.46e-10	1.71e-10
 1.51308e+23	5.06e-05	1.32e-02	9.84e-01	2.10e-03	9.10e-04	2.25e-06	0.00e+00	0.00e+00	0.00e+00	5.06e-05	1.86e-10	2.17e-10
 1.51518e+23	5.54e-05	1.38e-02	9.83e-01	2.05e-03	9.07e-04	2.15e-06	0.00e+00	0.00e+00	0.00e+00	5.54e-05	2.04e-10	2.37e-10
 1.51701e+23	5.95e-05	1.43e-02	9.83e-01	2.01e-03	9.04e-04	2.08e-06	0.00e+00	0.00e+00	0.00e+00	5.95e-05	2.19e-10	2.54e-10
 1.51939e+23	6.53e-05	1.49e-02	9.82e-01	1.96e-03	9.00e-04	1.98e-06	0.00e+00	0.00e+00	0.00e+00	6.53e-05	2.40e-10	2.78e-10
 1.52248e+23	7.39e-05	1.58e-02	9.81e-01	1.89e-03	8.95e-04	1.85e-06	0.00e+00	0.00e+00	0.00e+00	7.39e-05	2.72e-10	3.14e-10
 1.52649e+23	8.75e-05	1.71e-02	9.80e-01	1.79e-03	8.88e-04	1.69e-06	0.00e+00	0.00e+00	0.00e+00	8.75e-05	3.21e-10	3.70e-10
 1.53065e+23	1.07e-04	1.89e-02	9.78e-01	1.68e-03	8.81e-04	1.52e-06	0.00e+00	0.00e+00	0.00e+00	1.07e-04	3.93e-10	4.50e-10
 1.53383e+23	1.26e-04	2.05e-02	9.77e-01	1.60e-03	8.74e-04	1.40e-06	0.00e+00	0.00e+00	0.00e+00	1.26e-04	4.65e-10	5.31e-10
 1.53623e+23	1.43e-04	2.19e-02	9.76e-01	1.54e-03	8.70e-04	1.31e-06	0.00e+00	0.00e+00	0.00e+00	1.43e-04	5.29e-10	6.00e-10
 1.53876e+23	1.63e-04	2.33e-02	9.74e-01	1.48e-03	8.64e-04	1.22e-06	0.00e+00	0.00e+00	0.00e+00	1.63e-04	6.01e-10	6.79e-10
 1.54205e+23	1.93e-04	2.55e-02	9.72e-01	1.40e-03	8.57e-04	1.12e-06	0.00e+00	0.00e+00	0.00e+00	1.93e-04	7.15e-10	8.02e-10
 1.54543e+23	2.36e-04	2.83e-02	9.69e-01	1.31e-03	8.49e-04	1.00e-06	0.00e+00	0.00e+00	0.00e+00	2.36e-04	8.79e-10	9.76e-10
 1.54797e+23	2.79e-04	3.09e-02	9.67e-01	1.25e-03	8.42e-04	9.19e-07	0.00e+00	0.00e+00	0.00e+00	2.79e-04	1.04e-09	1.15e-09
 1.54987e+23	3.15e-04	3.30e-02	9.65e-01	1.20e-03	8.37e-04	0.00e+00	0.00e+00	0.00e+00	0.00e+00	3.15e-04	1.19e-09	1.29e-09
 1.55189e+23	3.57e-04	3.52e-02	9.62e-01	1.15e-03	8.31e-04	0.00e+00	0.00e+00	0.00e+00	0.00e+00	3.57e-04	1.35e-09	1.46e-09
 1.55451e+23	4.22e-04	3.85e-02	9.59e-01	1.09e-03	8.22e-04	0.00e+00	0.00e+00	0.00e+00	0.00e+00	4.22e-04	1.60e-09	1.71e-09
 1.55724e+23	5.15e-04	4.29e-02	9.55e-01	1.02e-03	8.13e-04	0.00e+00	0.00e+00	0.00e+00	0.00e+00	5.15e-04	1.98e-09	2.08e-09
 1.55936e+23	6.09e-04	4.71e-02	9.51e-01	9.63e-04	8.04e-04	0.00e+00	0.00e+00	0.00e+00	0.00e+00	6.09e-04	2.37e-09	2.44e-09
 1.56096e+23	6.91e-04	5.05e-02	9.47e-01	9.24e-04	7.97e-04	0.00e+00	0.00e+00	0.00e+00	0.00e+00	6.91e-04	2.71e-09	2.76e-09
 1.56265e+23	7.85e-04	5.42e-02	9.43e-01	8.86e-04	7.90e-04	0.00e+00	0.00e+00	0.00e+00	0.00e+00	7.85e-04	3.11e-09	3.11e-09
 1.56485e+23	9.32e-04	5.96e-02	9.38e-01	8.35e-04	7.79e-04	0.00e+00	0.00e+00	0.00e+00	0.00e+00	9.32e-04	3.74e-09	3.67e-09
 1.56713e+23	1.15e-03	6.69e-02	9.30e-01	7.78e-04	7.67e-04	0.00e+00	0.00e+00	0.00e+00	0.00e+00	1.15e-03	4.68e-09	4.46e-09
 1.56889e+23	1.36e-03	7.37e-02	9.23e-01	7.34e-04	7.55e-04	0.00e+00	0.00e+00	0.00e+00	0.00e+00	1.36e-03	5.64e-09	5.24e-09
 1.57022e+23	1.55e-03	7.93e-02	9.18e-01	7.03e-04	7.46e-04	0.00e+00	0.00e+00	0.00e+00	0.00e+00	1.55e-03	6.50e-09	5.91e-09
 1.57163e+23	1.76e-03	8.54e-02	9.11e-01	6.72e-04	7.36e-04	0.00e+00	0.00e+00	0.00e+00	0.00e+00	1.76e-03	7.50e-09	6.68e-09
 1.57348e+23	2.11e-03	9.45e-02	9.02e-01	6.31e-04	7.22e-04	0.00e+00	0.00e+00	0.00e+00	0.00e+00	2.11e-03	9.09e-09	7.89e-09
 1.57540e+23	2.61e-03	1.07e-01	8.89e-01	5.85e-04	7.04e-04	0.00e+00	0.00e+00	0.00e+00	0.00e+00	2.61e-03	1.15e-08	9.64e-09
 1.57690e+23	3.13e-03	1.18e-01	8.77e-01	5.49e-04	6.89e-04	0.00e+00	0.00e+00	0.00e+00	0.00e+00	3.13e-03	1.41e-08	1.14e-08
 1.57805e+23	3.59e-03	1.28e-01	8.67e-01	5.22e-04	6.76e-04	0.00e+00	0.00e+00	0.00e+00	0.00e+00	3.59e-03	1.63e-08	1.30e-08
 1.57928e+23	4.13e-03	1.39e-01	8.56e-01	4.96e-04	6.62e-04	0.00e+00	0.00e+00	0.00e+00	0.00e+00	4.13e-03	1.91e-08	1.48e-08
 1.58088e+23	5.00e-03	1.55e-01	8.39e-01	4.63e-04	6.42e-04	0.00e+00	0.00e+00	0.00e+00	0.00e+00	5.00e-03	2.35e-08	1.77e-08
 1.58257e+23	6.34e-03	1.77e-01	8.16e-01	4.23e-04	6.15e-04	0.00e+00	0.00e+00	0.00e+00	0.00e+00	6.34e-03	3.03e-08	2.22e-08
 1.58391e+23	7.80e-03	1.98e-01	7.93e-01	3.91e-04	5.89e-04	0.00e+00	0.00e+00	0.00e+00	0.00e+00	7.80e-03	3.79e-08	2.70e-08
 1.58497e+23	9.16e-03	2.17e-01	7.73e-01	3.68e-04	5.68e-04	0.00e+00	0.00e+00	0.00e+00	0.00e+00	9.16e-03	4.49e-08	3.15e-08
 1.58610e+23	1.08e-02	2.37e-01	7.51e-01	3.44e-04	5.45e-04	0.00e+00	0.00e+00	0.00e+00	0.00e+00	1.08e-02	5.34e-08	3.69e-08
 1.58757e+23	1.35e-02	2.68e-01	7.17e-01	3.14e-04	5.12e-04	0.00e+00	0.00e+00	0.00e+00	0.00e+00	1.35e-02	6.77e-08	4.58e-08
 1.58905e+23	1.78e-02	3.10e-01	6.71e-01	2.79e-04	4.68e-04	0.00e+00	0.00e+00	0.00e+00	0.00e+00	1.78e-02	8.98e-08	5.95e-08
 1.59012e+23	2.21e-02	3.46e-01	6.31e-01	2.54e-04	4.31e-04	0.00e+00	0.00e+00	0.00e+00	0.00e+00	2.21e-02	1.12e-07	7.32e-08
 1.59088e+23	2.55e-02	3.73e-01	6.01e-01	2.38e-04	4.05e-04	0.00e+00	0.00e+00	0.00e+00	0.00e+00	2.55e-02	1.30e-07	8.40e-08
 1.59168e+23	2.95e-02	4.01e-01	5.69e-01	2.22e-04	3.78e-04	0.00e+00	0.00e+00	0.00e+00	0.00e+00	2.95e-02	1.50e-07	9.66e-08
 1.59271e+23	3.61e-02	4.40e-01	5.24e-01	2.01e-04	3.39e-04	0.00e+00	0.00e+00	0.00e+00	0.00e+00	3.61e-02	1.83e-07	1.17e-07
 1.59378e+23	4.58e-02	4.88e-01	4.65e-01	1.77e-04	2.92e-04	0.00e+00	0.00e+00	0.00e+00	0.00e+00	4.58e-02	2.31e-07	1.47e-07
 1.59461e+23	5.59e-02	5.30e-01	4.14e-01	1.58e-04	2.53e-04	0.00e+00	0.00e+00	0.00e+00	0.00e+00	5.59e-02	2.81e-07	1.77e-07
 1.59521e+23	6.40e-02	5.58e-01	3.77e-01	1.46e-04	2.26e-04	0.00e+00	0.00e+00	0.00e+00	0.00e+00	6.40e-02	3.20e-07	2.01e-07
 1.59582e+23	7.30e-02	5.85e-01	3.42e-01	1.35e-04	2.00e-04	0.00e+00	0.00e+00	0.00e+00	0.00e+00	7.30e-02	3.63e-07	2.27e-07
 1.59661e+23	8.70e-02	6.18e-01	2.95e-01	1.20e-04	1.67e-04	0.00e+00	0.00e+00	0.00e+00	0.00e+00	8.70e-02	4.28e-07	2.68e-07
 1.59742e+23	1.07e-01	6.52e-01	2.41e-01	1.03e-04	1.30e-04	0.00e+00	0.00e+00	0.00e+00	0.00e+00	1.07e-01	5.20e-07	3.24e-07
 1.59802e+23	1.26e-01	6.74e-01	2.00e-01	9.04e-05	1.04e-04	0.00e+00	0.00e+00	0.00e+00	0.00e+00	1.26e-01	6.03e-07	3.75e-07
 1.59845e+23	1.40e-01	6.86e-01	1.74e-01	8.28e-05	8.85e-05	0.00e+00	0.00e+00	0.00e+00	0.00e+00	1.40e-01	6.63e-07	4.11e-07
 1.59889e+23	1.55e-01	6.94e-01	1.51e-01	7.57e-05	7.45e-05	0.00e+00	0.00e+00	0.00e+00	0.00e+00	1.55e-01	7.25e-07	4.50e-07
 1.59945e+23	1.77e-01	7.00e-01	1.23e-01	6.66e-05	5.81e-05	0.00e+00	0.00e+00	0.00e+00	0.00e+00	1.77e-01	8.15e-07	5.05e-07
 1.60006e+23	2.07e-01	6.99e-01	9.39e-02	5.66e-05	4.20e-05	0.00e+00	0.00e+00	0.00e+00	0.00e+00	2.07e-01	9.31e-07	5.76e-07
 1.60053e+23	2.36e-01	6.91e-01	7.28e-02	4.88e-05	3.10e-05	0.00e+00	0.00e+00	0.00e+00	0.00e+00	2.36e-01	1.04e-06	6.40e-07
 1.60088e+23	2.58e-01	6.82e-01	6.02e-02	4.41e-05	2.47e-05	0.00e+00	0.00e+00	0.00e+00	0.00e+00	2.58e-01	1.11e-06	6.84e-07
 1.60124e+23	2.80e-01	6.71e-01	4.95e-02	3.97e-05	1.96e-05	0.00e+00	0.00e+00	0.00e+00	0.00e+00	2.80e-01	1.18e-06	7.28e-07
 1.60170e+23	3.12e-01	6.50e-01	3.76e-02	3.43e-05	1.42e-05	0.00e+00	0.00e+00	0.00e+00	0.00e+00	3.12e-01	1.28e-06	7.86e-07
 1.60217e+23	3.55e-01	6.18e-01	2.66e-02	2.85e-05	9.39e-06	0.00e+00	0.00e+00	0.00e+00	0.00e+00	3.55e-01	1.38e-06	8.51e-07
 1.60253e+23	3.90e-01	5.90e-01	2.00e-02	2.47e-05	6.70e-06	0.00e+00	0.00e+00	0.00e+00	0.00e+00	3.90e-01	1.45e-06	8.95e-07
 1.60279e+23	4.15e-01	5.69e-01	1.61e-02	2.22e-05	5.22e-06	0.00e+00	0.00e+00	0.00e+00	0.00e+00	4.15e-01	1.50e-06	9.21e-07
 1.60306e+23	4.40e-01	5.47e-01	1.30e-02	2.01e-05	4.06e-06	0.00e+00	0.00e+00	0.00e+00	0.00e+00	4.40e-01	1.53e-06	9.43e-07
 1.60339e+23	4.75e-01	5.16e-01	9.72e-03	1.74e-05	2.91e-06	0.00e+00	0.00e+00	0.00e+00	0.00e+00	4.75e-01	1.57e-06	9.68e-07
 1.60370e+23	5.13e-01	4.80e-01	7.08e-03	1.49e-05	2.02e-06	0.00e+00	0.00e+00	0.00e+00	0.00e+00	5.13e-01	1.60e-06	9.86e-07
 1.60393e+23	5.39e-01	4.55e-01	5.60e-03	1.34e-05	1.55e-06	0.00e+00	0.00e+00	0.00e+00	0.00e+00	5.39e-01	1.61e-06	9.93e-07
 1.60410e+23	5.58e-01	4.37e-01	4.72e-03	1.24e-05	1.27e-06	0.00e+00	0.00e+00	0.00e+00	0.00e+00	5.58e-01	1.62e-06	9.94e-07
 1.60428e+23	5.77e-01	4.19e-01	3.95e-03	1.15e-05	1.04e-06	0.00e+00	0.00e+00	0.00e+00	0.00e+00	5.77e-01	1.62e-06	9.93e-07
 1.60449e+23	6.02e-01	3.95e-01	3.13e-03	1.03e-05	8.05e-07	0.00e+00	0.00e+00	0.00e+00	0.00e+00	6.02e-01	1.61e-06	9.88e-07
 1.60465e+23	6.25e-01	3.72e-01	2.55e-03	9.32e-06	0.00e+00	0.00e+00	0.00e+00	0.00e+00	0.00e+00	6.25e-01	1.60e-06	9.81e-07
 1.60474e+23	6.34e-01	3.64e-01	2.32e-03	8.96e-06	0.00e+00	0.00e+00	0.00e+00	0.00e+00	0.00e+00	6.34e-01	1.59e-06	9.76e-07
 1.60481e+23	6.40e-01	3.58e-01	2.16e-03	8.72e-06	0.00e+00	0.00e+00	0.00e+00	0.00e+00	0.00e+00	6.40e-01	1.58e-06	9.72e-07
 1.60491e+23	6.50e-01	3.48e-01	1.96e-03	8.36e-06	0.00e+00	0.00e+00	0.00e+00	0.00e+00	0.00e+00	6.50e-01	1.57e-06	9.66e-07
 1.60503e+23	6.63e-01	3.35e-01	1.71e-03	7.86e-06	0.00e+00	0.00e+00	0.00e+00	0.00e+00	0.00e+00	6.63e-01	1.56e-06	9.57e-07
 1.60515e+23	6.79e-01	3.19e-01	1.47e-03	7.30e-06	0.00e+00	0.00e+00	0.00e+00	0.00e+00	0.00e+00	6.79e-01	1.54e-06	9.45e-07
 1.60525e+23	6.92e-01	3.07e-01	1.30e-03	6.88e-06	0.00e+00	0.00e+00	0.00e+00	0.00e+00	0.00e+00	6.91e-01	1.52e-06	9.34e-07
 1.60533e+23	7.00e-01	2.99e-01	1.18e-03	6.62e-06	0.00e+00	0.00e+00	0.00e+00	0.00e+00	0.00e+00	7.00e-01	1.51e-06	9.26e-07
 1.60542e+23	7.09e-01	2.90e-01	1.07e-03	6.33e-06	0.00e+00	0.00e+00	0.00e+00	0.00e+00	0.00e+00	7.09e-01	1.50e-06	9.16e-07
