#depth	Mg	Mg+	Mg+2	Mg+3	Mg+4	Mg+5	Mg+6	Mg+7	Mg+8	Mg+9	Mg+10	Mg+11	Mg+12
 1.54284e+19	0.00e+00	9.38e-26	5.20e-20	1.38e-15	5.60e-12	4.30e-09	1.07e-06	7.14e-05	1.50e-03	1.65e-02	4.73e-01	4.12e-01	9.69e-02
 9.25702e+19	1.08e-33	1.58e-25	8.60e-20	2.20e-15	8.58e-12	6.22e-09	1.47e-06	9.27e-05	1.83e-03	1.86e-02	4.94e-01	3.99e-01	8.70e-02
 1.99242e+20	0.00e+00	3.18e-25	1.69e-19	4.14e-15	1.53e-11	1.03e-08	2.27e-06	1.33e-04	2.40e-03	2.19e-02	5.22e-01	3.79e-01	7.47e-02
 2.67446e+20	3.76e-33	4.80e-25	2.51e-19	6.00e-15	2.15e-11	1.38e-08	2.92e-06	1.63e-04	2.81e-03	2.41e-02	5.38e-01	3.67e-01	6.80e-02
 3.03524e+20	0.00e+00	5.91e-25	3.08e-19	7.26e-15	2.55e-11	1.61e-08	3.33e-06	1.81e-04	3.04e-03	2.53e-02	5.46e-01	3.61e-01	6.47e-02
 3.33038e+20	5.67e-33	6.96e-25	3.61e-19	8.43e-15	2.92e-11	1.80e-08	3.67e-06	1.96e-04	3.23e-03	2.62e-02	5.52e-01	3.56e-01	6.22e-02
 3.71406e+20	0.00e+00	8.59e-25	4.43e-19	1.02e-14	3.48e-11	2.10e-08	4.18e-06	2.18e-04	3.49e-03	2.75e-02	5.60e-01	3.49e-01	5.92e-02
 4.21284e+20	9.65e-33	1.12e-24	5.76e-19	1.30e-14	4.35e-11	2.55e-08	4.94e-06	2.50e-04	3.87e-03	2.92e-02	5.70e-01	3.41e-01	5.54e-02
 4.74713e+20	0.00e+00	1.49e-24	7.57e-19	1.69e-14	5.49e-11	3.12e-08	5.87e-06	2.88e-04	4.30e-03	3.11e-02	5.80e-01	3.32e-01	5.16e-02
 5.21438e+20	1.72e-32	1.89e-24	9.54e-19	2.10e-14	6.69e-11	3.71e-08	6.80e-06	3.24e-04	4.70e-03	3.28e-02	5.89e-01	3.25e-01	4.86e-02
 5.62519e+20	0.00e+00	2.32e-24	1.16e-18	2.52e-14	7.93e-11	4.29e-08	7.71e-06	3.59e-04	5.08e-03	3.43e-02	5.96e-01	3.18e-01	4.61e-02
 6.07586e+20	2.73e-32	2.88e-24	1.44e-18	3.08e-14	9.49e-11	5.01e-08	8.80e-06	4.00e-04	5.50e-03	3.60e-02	6.04e-01	3.11e-01	4.35e-02
 6.66172e+20	0.00e+00	3.80e-24	1.88e-18	3.96e-14	1.19e-10	6.12e-08	1.04e-05	4.59e-04	6.10e-03	3.82e-02	6.13e-01	3.02e-01	4.05e-02
 7.25704e+20	5.03e-32	5.00e-24	2.46e-18	5.11e-14	1.51e-10	7.48e-08	1.24e-05	5.28e-04	6.77e-03	4.06e-02	6.22e-01	2.93e-01	3.75e-02
 7.71521e+20	0.00e+00	6.14e-24	3.01e-18	6.15e-14	1.78e-10	8.65e-08	1.40e-05	5.83e-04	7.28e-03	4.24e-02	6.28e-01	2.86e-01	3.55e-02
 8.16137e+20	7.77e-32	7.45e-24	3.63e-18	7.34e-14	2.09e-10	9.94e-08	1.58e-05	6.41e-04	7.81e-03	4.42e-02	6.34e-01	2.80e-01	3.36e-02
 8.74138e+20	0.00e+00	9.53e-24	4.62e-18	9.20e-14	2.57e-10	1.19e-07	1.83e-05	7.24e-04	8.55e-03	4.66e-02	6.41e-01	2.72e-01	3.14e-02
 9.32289e+20	1.33e-31	1.22e-23	5.86e-18	1.15e-13	3.15e-10	1.42e-07	2.13e-05	8.17e-04	9.36e-03	4.90e-02	6.48e-01	2.64e-01	2.93e-02
 9.75786e+20	0.00e+00	1.45e-23	6.96e-18	1.35e-13	3.65e-10	1.61e-07	2.37e-05	8.91e-04	9.97e-03	5.09e-02	6.52e-01	2.58e-01	2.78e-02
 1.01748e+21	1.93e-31	1.71e-23	8.19e-18	1.58e-13	4.19e-10	1.81e-07	2.62e-05	9.66e-04	1.06e-02	5.26e-02	6.57e-01	2.53e-01	2.65e-02
 1.07169e+21	0.00e+00	2.12e-23	1.01e-17	1.91e-13	4.99e-10	2.11e-07	2.98e-05	1.07e-03	1.14e-02	5.49e-02	6.62e-01	2.46e-01	2.49e-02
 1.13076e+21	3.12e-31	2.66e-23	1.26e-17	2.36e-13	6.03e-10	2.48e-07	3.43e-05	1.20e-03	1.24e-02	5.76e-02	6.67e-01	2.39e-01	2.33e-02
 1.18205e+21	0.00e+00	3.23e-23	1.52e-17	2.81e-13	7.08e-10	2.85e-07	3.85e-05	1.32e-03	1.33e-02	5.98e-02	6.71e-01	2.32e-01	2.20e-02
 1.23463e+21	4.74e-31	3.91e-23	1.83e-17	3.35e-13	8.30e-10	3.27e-07	4.32e-05	1.44e-03	1.42e-02	6.22e-02	6.75e-01	2.26e-01	2.07e-02
 1.29308e+21	0.00e+00	4.84e-23	2.25e-17	4.07e-13	9.91e-10	3.81e-07	4.92e-05	1.60e-03	1.53e-02	6.48e-02	6.79e-01	2.20e-01	1.94e-02
 1.34375e+21	7.27e-31	5.80e-23	2.69e-17	4.80e-13	1.15e-09	4.34e-07	5.48e-05	1.74e-03	1.63e-02	6.72e-02	6.82e-01	2.14e-01	1.83e-02
 1.38611e+21	0.00e+00	6.72e-23	3.10e-17	5.49e-13	1.30e-09	4.81e-07	5.98e-05	1.87e-03	1.71e-02	6.91e-02	6.85e-01	2.10e-01	1.75e-02
 1.43311e+21	1.01e-30	7.91e-23	3.63e-17	6.36e-13	1.48e-09	5.39e-07	6.59e-05	2.02e-03	1.81e-02	7.12e-02	6.87e-01	2.05e-01	1.67e-02
 1.49421e+21	0.00e+00	9.71e-23	4.44e-17	7.67e-13	1.76e-09	6.24e-07	7.45e-05	2.23e-03	1.94e-02	7.40e-02	6.90e-01	1.99e-01	1.56e-02
 1.55776e+21	1.60e-30	1.20e-22	5.45e-17	9.30e-13	2.09e-09	7.25e-07	8.45e-05	2.46e-03	2.09e-02	7.70e-02	6.92e-01	1.92e-01	1.46e-02
 1.60921e+21	0.00e+00	1.43e-22	6.42e-17	1.08e-12	2.40e-09	8.16e-07	9.33e-05	2.66e-03	2.21e-02	7.94e-02	6.94e-01	1.88e-01	1.39e-02
 1.66081e+21	2.28e-30	1.68e-22	7.55e-17	1.26e-12	2.74e-09	9.16e-07	1.03e-04	2.87e-03	2.33e-02	8.18e-02	6.96e-01	1.83e-01	1.32e-02
 1.72790e+21	0.00e+00	2.08e-22	9.26e-17	1.52e-12	3.26e-09	1.06e-06	1.16e-04	3.17e-03	2.50e-02	8.49e-02	6.97e-01	1.77e-01	1.23e-02
 1.79771e+21	3.64e-30	2.59e-22	1.14e-16	1.86e-12	3.90e-09	1.24e-06	1.32e-04	3.51e-03	2.69e-02	8.83e-02	6.99e-01	1.71e-01	1.14e-02
 1.85458e+21	0.00e+00	3.09e-22	1.35e-16	2.17e-12	4.48e-09	1.40e-06	1.46e-04	3.79e-03	2.85e-02	9.10e-02	7.00e-01	1.66e-01	1.08e-02
 1.90362e+21	5.13e-30	3.58e-22	1.56e-16	2.48e-12	5.04e-09	1.55e-06	1.59e-04	4.05e-03	2.98e-02	9.32e-02	7.00e-01	1.62e-01	1.03e-02
 1.95901e+21	0.00e+00	4.22e-22	1.83e-16	2.87e-12	5.76e-09	1.73e-06	1.75e-04	4.37e-03	3.14e-02	9.58e-02	7.00e-01	1.58e-01	9.78e-03
 2.03102e+21	7.70e-30	5.23e-22	2.25e-16	3.47e-12	6.83e-09	2.01e-06	1.98e-04	4.80e-03	3.36e-02	9.92e-02	7.00e-01	1.53e-01	9.12e-03
 2.10385e+21	0.00e+00	6.48e-22	2.76e-16	4.19e-12	8.10e-09	2.32e-06	2.23e-04	5.28e-03	3.59e-02	1.03e-01	7.00e-01	1.47e-01	8.51e-03
 2.16038e+21	1.15e-29	7.62e-22	3.22e-16	4.83e-12	9.19e-09	2.59e-06	2.45e-04	5.66e-03	3.77e-02	1.05e-01	6.99e-01	1.44e-01	8.07e-03
 2.21648e+21	0.00e+00	8.92e-22	3.74e-16	5.56e-12	1.04e-08	2.88e-06	2.67e-04	6.06e-03	3.95e-02	1.08e-01	6.99e-01	1.40e-01	7.66e-03
 2.28941e+21	1.69e-29	1.09e-21	4.55e-16	6.65e-12	1.22e-08	3.30e-06	2.99e-04	6.62e-03	4.20e-02	1.11e-01	6.98e-01	1.35e-01	7.16e-03
 2.36710e+21	0.00e+00	1.36e-21	5.58e-16	8.03e-12	1.45e-08	3.82e-06	3.37e-04	7.26e-03	4.48e-02	1.15e-01	6.96e-01	1.30e-01	6.67e-03
 2.43372e+21	2.58e-29	1.63e-21	6.62e-16	9.40e-12	1.67e-08	4.30e-06	3.72e-04	7.84e-03	4.71e-02	1.18e-01	6.94e-01	1.26e-01	6.29e-03
 2.50308e+21	0.00e+00	1.96e-21	7.90e-16	1.10e-11	1.92e-08	4.86e-06	4.12e-04	8.47e-03	4.97e-02	1.21e-01	6.92e-01	1.22e-01	5.91e-03
 2.59324e+21	4.04e-29	2.49e-21	9.90e-16	1.36e-11	2.31e-08	5.69e-06	4.68e-04	9.35e-03	5.32e-02	1.25e-01	6.89e-01	1.17e-01	5.46e-03
 2.68648e+21	0.00e+00	3.17e-21	1.24e-15	1.68e-11	2.79e-08	6.67e-06	5.34e-04	1.03e-02	5.69e-02	1.29e-01	6.86e-01	1.12e-01	5.03e-03
 2.76325e+21	6.42e-29	3.85e-21	1.49e-15	1.98e-11	3.24e-08	7.58e-06	5.93e-04	1.12e-02	6.01e-02	1.33e-01	6.82e-01	1.08e-01	4.70e-03
 2.84256e+21	0.00e+00	4.68e-21	1.80e-15	2.35e-11	3.77e-08	8.62e-06	6.59e-04	1.21e-02	6.35e-02	1.36e-01	6.79e-01	1.04e-01	4.39e-03
 2.94566e+21	1.04e-28	6.03e-21	2.29e-15	2.93e-11	4.58e-08	1.02e-05	7.56e-04	1.35e-02	6.81e-02	1.41e-01	6.74e-01	9.93e-02	4.02e-03
 3.04728e+21	0.00e+00	7.71e-21	2.88e-15	3.63e-11	5.54e-08	1.20e-05	8.62e-04	1.49e-02	7.28e-02	1.45e-01	6.68e-01	9.46e-02	3.68e-03
 3.12430e+21	1.62e-28	9.21e-21	3.41e-15	4.23e-11	6.36e-08	1.35e-05	9.49e-04	1.60e-02	7.64e-02	1.49e-01	6.63e-01	9.13e-02	3.45e-03
 3.20175e+21	0.00e+00	1.10e-20	4.03e-15	4.93e-11	7.28e-08	1.51e-05	1.04e-03	1.72e-02	8.01e-02	1.52e-01	6.59e-01	8.80e-02	3.23e-03
 3.30245e+21	2.49e-28	1.38e-20	4.99e-15	6.01e-11	8.69e-08	1.75e-05	1.18e-03	1.88e-02	8.52e-02	1.56e-01	6.52e-01	8.39e-02	2.97e-03
 3.41320e+21	0.00e+00	1.75e-20	6.27e-15	7.43e-11	1.05e-07	2.06e-05	1.34e-03	2.08e-02	9.09e-02	1.61e-01	6.44e-01	7.96e-02	2.70e-03
 3.51374e+21	4.02e-28	2.16e-20	7.67e-15	8.95e-11	1.24e-07	2.37e-05	1.50e-03	2.27e-02	9.63e-02	1.65e-01	6.37e-01	7.58e-02	2.48e-03
 3.62118e+21	5.08e-28	2.69e-20	9.46e-15	1.09e-10	1.47e-07	2.75e-05	1.70e-03	2.48e-02	1.02e-01	1.69e-01	6.28e-01	7.20e-02	2.27e-03
 3.76086e+21	6.83e-28	3.55e-20	1.23e-14	1.39e-10	1.84e-07	3.32e-05	1.97e-03	2.78e-02	1.10e-01	1.74e-01	6.17e-01	6.72e-02	2.01e-03
 3.90026e+21	9.06e-28	4.63e-20	1.59e-14	1.77e-10	2.28e-07	3.98e-05	2.29e-03	3.10e-02	1.18e-01	1.79e-01	6.05e-01	6.27e-02	1.79e-03
 4.00607e+21	1.11e-27	5.60e-20	1.91e-14	2.10e-10	2.66e-07	4.54e-05	2.54e-03	3.36e-02	1.24e-01	1.83e-01	5.95e-01	5.94e-02	1.63e-03
 4.11037e+21	1.35e-27	6.73e-20	2.29e-14	2.48e-10	3.10e-07	5.16e-05	2.82e-03	3.63e-02	1.31e-01	1.86e-01	5.86e-01	5.64e-02	1.50e-03
 4.24595e+21	1.74e-27	8.51e-20	2.87e-14	3.08e-10	3.76e-07	6.08e-05	3.21e-03	4.00e-02	1.39e-01	1.91e-01	5.73e-01	5.27e-02	1.33e-03
 4.39244e+21	2.25e-27	1.08e-19	3.63e-14	3.84e-10	4.60e-07	7.22e-05	3.69e-03	4.43e-02	1.49e-01	1.95e-01	5.58e-01	4.88e-02	1.18e-03
 4.51998e+21	2.79e-27	1.32e-19	4.41e-14	4.63e-10	5.45e-07	8.33e-05	4.13e-03	4.82e-02	1.57e-01	1.99e-01	5.45e-01	4.57e-02	1.05e-03
 4.62779e+21	3.32e-27	1.56e-19	5.19e-14	5.40e-10	6.26e-07	9.37e-05	4.54e-03	5.16e-02	1.64e-01	2.02e-01	5.34e-01	4.32e-02	9.61e-04
 4.74307e+21	3.98e-27	1.85e-19	6.13e-14	6.34e-10	7.24e-07	1.06e-04	5.01e-03	5.54e-02	1.71e-01	2.05e-01	5.22e-01	4.06e-02	8.71e-04
 4.89293e+21	4.99e-27	2.27e-19	7.53e-14	7.75e-10	8.71e-07	1.24e-04	5.67e-03	6.07e-02	1.81e-01	2.08e-01	5.06e-01	3.74e-02	7.64e-04
 5.04350e+21	6.20e-27	2.79e-19	9.20e-14	9.41e-10	1.04e-06	1.44e-04	6.39e-03	6.63e-02	1.91e-01	2.12e-01	4.89e-01	3.45e-02	6.70e-04
 5.15923e+21	7.32e-27	3.26e-19	1.07e-13	1.09e-09	1.19e-06	1.62e-04	6.98e-03	7.06e-02	1.98e-01	2.14e-01	4.77e-01	3.24e-02	6.07e-04
 5.27393e+21	8.53e-27	3.75e-19	1.23e-13	1.25e-09	1.35e-06	1.80e-04	7.60e-03	7.51e-02	2.06e-01	2.16e-01	4.65e-01	3.04e-02	5.49e-04
 5.42304e+21	1.04e-26	4.49e-19	1.47e-13	1.49e-09	1.59e-06	2.07e-04	8.47e-03	8.11e-02	2.16e-01	2.18e-01	4.48e-01	2.80e-02	4.82e-04
 5.58174e+21	1.27e-26	5.41e-19	1.77e-13	1.79e-09	1.89e-06	2.39e-04	9.47e-03	8.78e-02	2.26e-01	2.20e-01	4.31e-01	2.56e-02	4.19e-04
 5.71745e+21	1.51e-26	6.34e-19	2.06e-13	2.08e-09	2.17e-06	2.69e-04	1.04e-02	9.36e-02	2.34e-01	2.21e-01	4.16e-01	2.37e-02	3.73e-04
 5.85839e+21	1.77e-26	7.39e-19	2.39e-13	2.42e-09	2.50e-06	3.02e-04	1.14e-02	9.97e-02	2.43e-01	2.22e-01	4.01e-01	2.19e-02	3.29e-04
 6.04162e+21	2.18e-26	8.96e-19	2.88e-13	2.92e-09	2.98e-06	3.52e-04	1.27e-02	1.08e-01	2.54e-01	2.24e-01	3.81e-01	1.96e-02	2.80e-04
 6.22995e+21	2.71e-26	1.10e-18	3.48e-13	3.53e-09	3.56e-06	4.09e-04	1.43e-02	1.17e-01	2.65e-01	2.24e-01	3.62e-01	1.76e-02	2.38e-04
 6.38139e+21	3.23e-26	1.29e-18	4.05e-13	4.10e-09	4.09e-06	4.59e-04	1.56e-02	1.24e-01	2.73e-01	2.24e-01	3.47e-01	1.62e-02	2.09e-04
 6.53472e+21	3.83e-26	1.50e-18	4.68e-13	4.74e-09	4.69e-06	5.14e-04	1.70e-02	1.31e-01	2.81e-01	2.24e-01	3.32e-01	1.48e-02	1.83e-04
 6.73406e+21	4.76e-26	1.83e-18	5.61e-13	5.70e-09	5.58e-06	5.96e-04	1.89e-02	1.41e-01	2.91e-01	2.23e-01	3.13e-01	1.31e-02	1.53e-04
 6.94282e+21	6.04e-26	2.28e-18	6.79e-13	6.90e-09	6.66e-06	6.91e-04	2.11e-02	1.51e-01	3.01e-01	2.21e-01	2.93e-01	1.16e-02	1.28e-04
 7.11555e+21	7.39e-26	2.73e-18	7.96e-13	8.06e-09	7.69e-06	7.78e-04	2.30e-02	1.59e-01	3.09e-01	2.19e-01	2.78e-01	1.05e-02	1.10e-04
 7.26587e+21	8.80e-26	3.19e-18	9.13e-13	9.21e-09	8.69e-06	8.61e-04	2.47e-02	1.67e-01	3.15e-01	2.18e-01	2.66e-01	9.63e-03	9.70e-05
 7.43537e+21	1.07e-25	3.79e-18	1.06e-12	1.07e-08	9.95e-06	9.64e-04	2.68e-02	1.75e-01	3.21e-01	2.16e-01	2.52e-01	8.71e-03	8.38e-05
 7.65571e+21	1.38e-25	4.77e-18	1.29e-12	1.29e-08	1.18e-05	1.11e-03	2.96e-02	1.86e-01	3.29e-01	2.12e-01	2.34e-01	7.64e-03	6.93e-05
 7.86977e+21	1.79e-25	6.02e-18	1.56e-12	1.55e-08	1.40e-05	1.27e-03	3.25e-02	1.96e-01	3.36e-01	2.09e-01	2.18e-01	6.74e-03	5.79e-05
 8.02473e+21	2.15e-25	7.12e-18	1.80e-12	1.77e-08	1.57e-05	1.40e-03	3.47e-02	2.04e-01	3.40e-01	2.06e-01	2.08e-01	6.16e-03	5.09e-05
 8.17523e+21	2.58e-25	8.37e-18	2.06e-12	2.01e-08	1.76e-05	1.53e-03	3.70e-02	2.11e-01	3.44e-01	2.03e-01	1.98e-01	5.66e-03	4.51e-05
 8.37087e+21	3.25e-25	1.04e-17	2.45e-12	2.36e-08	2.03e-05	1.72e-03	4.00e-02	2.21e-01	3.48e-01	1.99e-01	1.85e-01	5.04e-03	3.83e-05
 8.58365e+21	4.22e-25	1.31e-17	2.97e-12	2.82e-08	2.38e-05	1.95e-03	4.35e-02	2.31e-01	3.52e-01	1.95e-01	1.72e-01	4.46e-03	3.22e-05
 8.77239e+21	5.31e-25	1.62e-17	3.53e-12	3.29e-08	2.72e-05	2.17e-03	4.67e-02	2.39e-01	3.55e-01	1.91e-01	1.62e-01	4.01e-03	2.77e-05
 8.97143e+21	6.75e-25	2.02e-17	4.23e-12	3.87e-08	3.13e-05	2.43e-03	5.03e-02	2.48e-01	3.58e-01	1.87e-01	1.51e-01	3.58e-03	2.36e-05
 9.23018e+21	9.23e-25	2.71e-17	5.36e-12	4.78e-08	3.74e-05	2.79e-03	5.51e-02	2.60e-01	3.60e-01	1.81e-01	1.39e-01	3.09e-03	1.92e-05
 9.49076e+21	1.27e-24	3.64e-17	6.81e-12	5.90e-08	4.47e-05	3.20e-03	6.03e-02	2.71e-01	3.61e-01	1.75e-01	1.27e-01	2.68e-03	1.57e-05
 9.69403e+21	1.62e-24	4.57e-17	8.20e-12	6.93e-08	5.11e-05	3.55e-03	6.44e-02	2.79e-01	3.62e-01	1.70e-01	1.19e-01	2.40e-03	1.35e-05
 9.89858e+21	2.08e-24	5.73e-17	9.87e-12	8.14e-08	5.84e-05	3.94e-03	6.88e-02	2.87e-01	3.62e-01	1.65e-01	1.11e-01	2.14e-03	1.16e-05
 1.01645e+22	2.87e-24	7.73e-17	1.26e-11	1.00e-07	6.93e-05	4.49e-03	7.47e-02	2.98e-01	3.61e-01	1.59e-01	1.01e-01	1.85e-03	9.46e-06
 1.04494e+22	4.02e-24	1.06e-16	1.63e-11	1.25e-07	8.29e-05	5.14e-03	8.13e-02	3.08e-01	3.60e-01	1.52e-01	9.21e-02	1.59e-03	7.68e-06
 1.06985e+22	5.36e-24	1.39e-16	2.03e-11	1.51e-07	9.64e-05	5.76e-03	8.73e-02	3.17e-01	3.58e-01	1.46e-01	8.47e-02	1.39e-03	6.42e-06
 1.09616e+22	7.25e-24	1.85e-16	2.56e-11	1.83e-07	1.13e-04	6.48e-03	9.39e-02	3.26e-01	3.55e-01	1.40e-01	7.75e-02	1.21e-03	5.31e-06
 1.12416e+22	9.94e-24	2.51e-16	3.28e-11	2.25e-07	1.33e-04	7.32e-03	1.01e-01	3.34e-01	3.51e-01	1.34e-01	7.05e-02	1.05e-03	4.35e-06
 1.14797e+22	1.28e-23	3.21e-16	4.01e-11	2.67e-07	1.52e-04	8.08e-03	1.07e-01	3.41e-01	3.48e-01	1.29e-01	6.52e-02	9.28e-04	3.70e-06
 1.17253e+22	1.67e-23	4.14e-16	4.95e-11	3.17e-07	1.74e-04	8.94e-03	1.14e-01	3.48e-01	3.44e-01	1.24e-01	6.01e-02	8.18e-04	3.12e-06
 1.20447e+22	2.35e-23	5.76e-16	6.48e-11	3.97e-07	2.08e-04	1.02e-02	1.23e-01	3.57e-01	3.38e-01	1.17e-01	5.40e-02	6.95e-04	2.51e-06
 1.23706e+22	3.28e-23	7.99e-16	8.46e-11	4.94e-07	2.47e-04	1.15e-02	1.32e-01	3.64e-01	3.32e-01	1.10e-01	4.85e-02	5.91e-04	2.02e-06
 1.26305e+22	4.23e-23	1.03e-15	1.04e-10	5.85e-07	2.81e-04	1.27e-02	1.40e-01	3.70e-01	3.27e-01	1.05e-01	4.45e-02	5.20e-04	1.71e-06
 1.28937e+22	5.49e-23	1.32e-15	1.28e-10	6.95e-07	3.21e-04	1.39e-02	1.48e-01	3.75e-01	3.21e-01	1.00e-01	4.08e-02	4.57e-04	1.44e-06
 1.32358e+22	7.68e-23	1.83e-15	1.67e-10	8.64e-07	3.80e-04	1.57e-02	1.58e-01	3.81e-01	3.14e-01	9.40e-02	3.65e-02	3.87e-04	1.15e-06
 1.35938e+22	1.07e-22	2.55e-15	2.19e-10	1.08e-06	4.50e-04	1.77e-02	1.69e-01	3.86e-01	3.05e-01	8.79e-02	3.25e-02	3.26e-04	9.19e-07
 1.38933e+22	1.40e-22	3.33e-15	2.73e-10	1.29e-06	5.15e-04	1.95e-02	1.79e-01	3.90e-01	2.98e-01	8.30e-02	2.95e-02	2.83e-04	0.00e+00
 1.42034e+22	1.86e-22	4.37e-15	3.41e-10	1.54e-06	5.92e-04	2.15e-02	1.88e-01	3.94e-01	2.91e-01	7.82e-02	2.67e-02	2.45e-04	0.00e+00
 1.46066e+22	2.67e-22	6.20e-15	4.55e-10	1.95e-06	7.05e-04	2.44e-02	2.01e-01	3.97e-01	2.81e-01	7.22e-02	2.34e-02	2.02e-04	0.00e+00
 1.50221e+22	3.80e-22	8.78e-15	6.03e-10	2.45e-06	8.38e-04	2.75e-02	2.15e-01	4.00e-01	2.70e-01	6.65e-02	2.05e-02	1.67e-04	0.00e+00
 1.53631e+22	5.02e-22	1.15e-14	7.55e-10	2.93e-06	9.60e-04	3.02e-02	2.25e-01	4.01e-01	2.62e-01	6.21e-02	1.84e-02	1.44e-04	0.00e+00
 1.57159e+22	6.72e-22	1.52e-14	9.50e-10	3.53e-06	1.10e-03	3.32e-02	2.37e-01	4.02e-01	2.53e-01	5.79e-02	1.65e-02	1.22e-04	0.00e+00
 1.61745e+22	9.78e-22	2.18e-14	1.27e-09	4.46e-06	1.31e-03	3.74e-02	2.51e-01	4.02e-01	2.41e-01	5.27e-02	1.42e-02	9.98e-05	0.00e+00
 1.66542e+22	1.41e-21	3.12e-14	1.70e-09	5.64e-06	1.56e-03	4.21e-02	2.66e-01	4.01e-01	2.29e-01	4.78e-02	1.23e-02	8.09e-05	0.00e+00
 1.70514e+22	1.89e-21	4.14e-14	2.15e-09	6.79e-06	1.79e-03	4.63e-02	2.78e-01	3.99e-01	2.20e-01	4.40e-02	1.08e-02	6.82e-05	0.00e+00
 1.74579e+22	2.58e-21	5.52e-14	2.72e-09	8.19e-06	2.06e-03	5.08e-02	2.91e-01	3.96e-01	2.10e-01	4.05e-02	9.57e-03	5.73e-05	0.00e+00
 1.79863e+22	3.83e-21	7.94e-14	3.67e-09	1.04e-05	2.45e-03	5.70e-02	3.07e-01	3.92e-01	1.98e-01	3.62e-02	8.14e-03	4.58e-05	0.00e+00
 1.85370e+22	5.63e-21	1.15e-13	4.93e-09	1.31e-05	2.91e-03	6.39e-02	3.22e-01	3.86e-01	1.85e-01	3.23e-02	6.88e-03	3.63e-05	0.00e+00
 1.89895e+22	7.70e-21	1.54e-13	6.26e-09	1.58e-05	3.34e-03	6.99e-02	3.35e-01	3.81e-01	1.76e-01	2.94e-02	6.00e-03	3.01e-05	0.00e+00
 1.94505e+22	1.05e-20	2.04e-13	7.89e-09	1.90e-05	3.81e-03	7.62e-02	3.47e-01	3.75e-01	1.66e-01	2.67e-02	5.24e-03	2.50e-05	0.00e+00
 2.00499e+22	1.60e-20	2.93e-13	1.06e-08	2.40e-05	4.51e-03	8.50e-02	3.62e-01	3.66e-01	1.54e-01	2.35e-02	4.38e-03	1.97e-05	0.00e+00
 2.06180e+22	2.29e-20	4.09e-13	1.39e-08	2.97e-05	5.25e-03	9.36e-02	3.75e-01	3.58e-01	1.43e-01	2.08e-02	3.71e-03	1.57e-05	0.00e+00
 2.10090e+22	2.90e-20	5.08e-13	1.66e-08	3.41e-05	5.80e-03	9.97e-02	3.84e-01	3.51e-01	1.36e-01	1.92e-02	3.32e-03	1.35e-05	0.00e+00
 2.13811e+22	3.69e-20	6.24e-13	1.96e-08	3.89e-05	6.37e-03	1.06e-01	3.92e-01	3.45e-01	1.30e-01	1.77e-02	2.98e-03	1.17e-05	0.00e+00
 2.18649e+22	5.10e-20	8.14e-13	2.43e-08	4.60e-05	7.18e-03	1.14e-01	4.02e-01	3.36e-01	1.22e-01	1.60e-02	2.59e-03	9.68e-06	0.00e+00
 2.24093e+22	7.18e-20	1.09e-12	3.07e-08	5.51e-05	8.17e-03	1.24e-01	4.12e-01	3.27e-01	1.13e-01	1.42e-02	2.22e-03	7.87e-06	0.00e+00
 2.29201e+22	9.81e-20	1.41e-12	3.79e-08	6.50e-05	9.17e-03	1.33e-01	4.20e-01	3.17e-01	1.06e-01	1.28e-02	1.92e-03	6.50e-06	0.00e+00
 2.34719e+22	1.38e-19	1.86e-12	4.73e-08	7.72e-05	1.04e-02	1.43e-01	4.29e-01	3.07e-01	9.82e-02	1.13e-02	1.64e-03	5.30e-06	0.00e+00
 2.41893e+22	2.18e-19	2.62e-12	6.25e-08	9.57e-05	1.20e-02	1.56e-01	4.38e-01	2.93e-01	8.90e-02	9.75e-03	1.35e-03	4.09e-06	0.00e+00
 2.49073e+22	3.26e-19	3.67e-12	8.18e-08	1.18e-04	1.39e-02	1.70e-01	4.47e-01	2.79e-01	8.05e-02	8.36e-03	1.11e-03	3.15e-06	0.00e+00
 2.54628e+22	4.41e-19	4.70e-12	9.98e-08	1.37e-04	1.55e-02	1.81e-01	4.52e-01	2.69e-01	7.45e-02	7.44e-03	9.54e-04	2.59e-06	0.00e+00
 2.60214e+22	6.26e-19	5.99e-12	1.22e-07	1.60e-04	1.72e-02	1.92e-01	4.56e-01	2.58e-01	6.88e-02	6.62e-03	8.21e-04	2.13e-06	0.00e+00
 2.67476e+22	9.38e-19	8.16e-12	1.56e-07	1.93e-04	1.96e-02	2.07e-01	4.60e-01	2.45e-01	6.21e-02	5.68e-03	6.77e-04	1.66e-06	0.00e+00
 2.75092e+22	1.41e-18	1.12e-11	2.00e-07	2.34e-04	2.23e-02	2.22e-01	4.63e-01	2.31e-01	5.56e-02	4.84e-03	5.54e-04	1.28e-06	0.00e+00
 2.81579e+22	1.98e-18	1.44e-11	2.46e-07	2.74e-04	2.48e-02	2.36e-01	4.65e-01	2.19e-01	5.07e-02	4.23e-03	4.69e-04	1.03e-06	0.00e+00
 2.88421e+22	2.84e-18	1.87e-11	3.03e-07	3.22e-04	2.76e-02	2.50e-01	4.65e-01	2.08e-01	4.59e-02	3.67e-03	3.94e-04	8.26e-07	0.00e+00
 2.97316e+22	4.56e-18	2.60e-11	3.95e-07	3.93e-04	3.16e-02	2.68e-01	4.64e-01	1.93e-01	4.04e-02	3.06e-03	3.15e-04	0.00e+00	0.00e+00
 3.06315e+22	6.93e-18	3.61e-11	5.12e-07	4.79e-04	3.60e-02	2.86e-01	4.61e-01	1.79e-01	3.54e-02	2.54e-03	2.51e-04	0.00e+00	0.00e+00
 3.13616e+22	9.50e-18	4.64e-11	6.26e-07	5.57e-04	3.98e-02	3.01e-01	4.57e-01	1.68e-01	3.18e-02	2.19e-03	2.10e-04	0.00e+00	0.00e+00
 3.21270e+22	1.37e-17	5.99e-11	7.69e-07	6.50e-04	4.40e-02	3.16e-01	4.52e-01	1.57e-01	2.84e-02	1.88e-03	1.74e-04	0.00e+00	0.00e+00
 3.31220e+22	2.12e-17	8.30e-11	9.97e-07	7.90e-04	4.98e-02	3.35e-01	4.45e-01	1.43e-01	2.46e-02	1.54e-03	1.37e-04	0.00e+00	0.00e+00
 3.40415e+22	3.09e-17	1.11e-10	1.26e-06	9.39e-04	5.57e-02	3.52e-01	4.37e-01	1.32e-01	2.14e-02	1.28e-03	1.10e-04	0.00e+00	0.00e+00
 3.46763e+22	3.93e-17	1.35e-10	1.46e-06	1.05e-03	6.00e-02	3.64e-01	4.30e-01	1.24e-01	1.95e-02	1.13e-03	9.50e-05	0.00e+00	0.00e+00
 3.53153e+22	5.03e-17	1.63e-10	1.71e-06	1.18e-03	6.44e-02	3.75e-01	4.24e-01	1.17e-01	1.77e-02	9.94e-04	8.20e-05	0.00e+00	0.00e+00
 3.61459e+22	7.13e-17	2.08e-10	2.08e-06	1.37e-03	7.05e-02	3.89e-01	4.14e-01	1.08e-01	1.57e-02	8.44e-04	6.77e-05	0.00e+00	0.00e+00
 3.70364e+22	9.96e-17	2.70e-10	2.55e-06	1.59e-03	7.74e-02	4.04e-01	4.04e-01	9.89e-02	1.37e-02	7.09e-04	5.52e-05	0.00e+00	0.00e+00
 3.78214e+22	1.32e-16	3.35e-10	3.03e-06	1.81e-03	8.37e-02	4.16e-01	3.94e-01	9.16e-02	1.22e-02	6.09e-04	4.63e-05	0.00e+00	0.00e+00
 3.86584e+22	1.79e-16	4.22e-10	3.64e-06	2.07e-03	9.08e-02	4.29e-01	3.83e-01	8.43e-02	1.08e-02	5.19e-04	3.84e-05	0.00e+00	0.00e+00
 3.97466e+22	2.63e-16	5.62e-10	4.57e-06	2.44e-03	1.00e-01	4.43e-01	3.69e-01	7.58e-02	9.23e-03	4.23e-04	3.04e-05	0.00e+00	0.00e+00
 4.08432e+22	3.83e-16	7.54e-10	5.76e-06	2.89e-03	1.11e-01	4.58e-01	3.53e-01	6.76e-02	7.81e-03	3.42e-04	2.38e-05	0.00e+00	0.00e+00
 4.16841e+22	4.95e-16	9.31e-10	6.81e-06	3.26e-03	1.19e-01	4.67e-01	3.41e-01	6.21e-02	6.90e-03	2.92e-04	1.98e-05	0.00e+00	0.00e+00
 4.25107e+22	6.58e-16	1.14e-09	8.04e-06	3.67e-03	1.27e-01	4.76e-01	3.29e-01	5.70e-02	6.10e-03	2.50e-04	1.66e-05	0.00e+00	0.00e+00
 4.35853e+22	9.40e-16	1.50e-09	9.93e-06	4.27e-03	1.38e-01	4.87e-01	3.14e-01	5.09e-02	5.21e-03	2.05e-04	1.33e-05	0.00e+00	0.00e+00
 4.47168e+22	1.34e-15	1.97e-09	1.23e-05	4.99e-03	1.51e-01	4.96e-01	2.98e-01	4.52e-02	4.40e-03	1.66e-04	1.04e-05	0.00e+00	0.00e+00
 4.56648e+22	1.79e-15	2.47e-09	1.47e-05	5.66e-03	1.62e-01	5.03e-01	2.85e-01	4.09e-02	3.82e-03	1.40e-04	8.58e-06	0.00e+00	0.00e+00
 4.66399e+22	2.43e-15	3.10e-09	1.77e-05	6.42e-03	1.73e-01	5.09e-01	2.71e-01	3.68e-02	3.31e-03	1.17e-04	7.03e-06	0.00e+00	0.00e+00
 4.79074e+22	3.60e-15	4.17e-09	2.23e-05	7.54e-03	1.88e-01	5.15e-01	2.54e-01	3.21e-02	2.75e-03	9.34e-05	5.44e-06	0.00e+00	0.00e+00
 4.91657e+22	5.24e-15	5.57e-09	2.80e-05	8.83e-03	2.04e-01	5.19e-01	2.38e-01	2.80e-02	2.28e-03	7.44e-05	4.22e-06	0.00e+00	0.00e+00
 5.01310e+22	7.00e-15	6.93e-09	3.33e-05	9.94e-03	2.17e-01	5.21e-01	2.25e-01	2.51e-02	1.97e-03	6.25e-05	3.47e-06	0.00e+00	0.00e+00
 5.11047e+22	9.39e-15	8.63e-09	3.95e-05	1.12e-02	2.29e-01	5.22e-01	2.13e-01	2.26e-02	1.71e-03	5.28e-05	2.87e-06	0.00e+00	0.00e+00
 5.23705e+22	1.38e-14	1.15e-08	4.95e-05	1.30e-02	2.46e-01	5.22e-01	1.98e-01	1.96e-02	1.42e-03	4.23e-05	2.24e-06	0.00e+00	0.00e+00
 5.36454e+22	2.03e-14	1.54e-08	6.19e-05	1.50e-02	2.64e-01	5.20e-01	1.83e-01	1.70e-02	1.18e-03	3.38e-05	1.75e-06	0.00e+00	0.00e+00
 5.46688e+22	2.76e-14	1.93e-08	7.40e-05	1.69e-02	2.78e-01	5.17e-01	1.72e-01	1.51e-02	1.01e-03	2.83e-05	1.44e-06	0.00e+00	0.00e+00
 5.57362e+22	3.89e-14	2.48e-08	8.98e-05	1.91e-02	2.94e-01	5.13e-01	1.60e-01	1.33e-02	8.64e-04	2.35e-05	1.17e-06	0.00e+00	0.00e+00
 5.69260e+22	5.70e-14	3.27e-08	1.11e-04	2.18e-02	3.11e-01	5.07e-01	1.48e-01	1.16e-02	7.25e-04	1.92e-05	9.29e-07	0.00e+00	0.00e+00
 5.80166e+22	8.13e-14	4.21e-08	1.35e-04	2.46e-02	3.27e-01	5.00e-01	1.37e-01	1.02e-02	6.17e-04	1.59e-05	0.00e+00	0.00e+00	0.00e+00
 5.89485e+22	1.11e-13	5.27e-08	1.61e-04	2.74e-02	3.41e-01	4.93e-01	1.29e-01	9.15e-03	5.37e-04	1.35e-05	0.00e+00	0.00e+00	0.00e+00
 5.99324e+22	1.56e-13	6.70e-08	1.93e-04	3.05e-02	3.55e-01	4.85e-01	1.20e-01	8.14e-03	4.64e-04	1.14e-05	0.00e+00	0.00e+00	0.00e+00
 6.10131e+22	2.29e-13	8.74e-08	2.36e-04	3.43e-02	3.71e-01	4.76e-01	1.11e-01	7.15e-03	3.95e-04	9.50e-06	0.00e+00	0.00e+00	0.00e+00
 6.19706e+22	3.27e-13	1.12e-07	2.84e-04	3.82e-02	3.86e-01	4.66e-01	1.03e-01	6.35e-03	3.42e-04	8.05e-06	0.00e+00	0.00e+00	0.00e+00
 6.27756e+22	4.51e-13	1.39e-07	3.35e-04	4.18e-02	3.98e-01	4.58e-01	9.66e-02	5.74e-03	3.03e-04	7.00e-06	0.00e+00	0.00e+00	0.00e+00
 6.34639e+22	5.96e-13	1.67e-07	3.86e-04	4.52e-02	4.08e-01	4.50e-01	9.14e-02	5.26e-03	2.72e-04	6.21e-06	0.00e+00	0.00e+00	0.00e+00
 6.40864e+22	7.78e-13	2.00e-07	4.41e-04	4.86e-02	4.17e-01	4.42e-01	8.68e-02	4.86e-03	2.48e-04	5.57e-06	0.00e+00	0.00e+00	0.00e+00
 6.47905e+22	1.04e-12	2.44e-07	5.13e-04	5.27e-02	4.27e-01	4.33e-01	8.17e-02	4.43e-03	2.22e-04	4.92e-06	0.00e+00	0.00e+00	0.00e+00
 6.55423e+22	1.52e-12	3.07e-07	6.08e-04	5.75e-02	4.38e-01	4.23e-01	7.66e-02	4.02e-03	1.97e-04	4.31e-06	0.00e+00	0.00e+00	0.00e+00
 6.61602e+22	2.01e-12	3.72e-07	7.05e-04	6.20e-02	4.47e-01	4.14e-01	7.24e-02	3.69e-03	1.79e-04	3.86e-06	0.00e+00	0.00e+00	0.00e+00
 6.66574e+22	2.72e-12	4.41e-07	7.99e-04	6.59e-02	4.54e-01	4.06e-01	6.92e-02	3.45e-03	1.65e-04	3.52e-06	0.00e+00	0.00e+00	0.00e+00
 6.71938e+22	3.64e-12	5.30e-07	9.17e-04	7.05e-02	4.62e-01	3.98e-01	6.56e-02	3.19e-03	1.51e-04	3.19e-06	0.00e+00	0.00e+00	0.00e+00
 6.77734e+22	4.97e-12	6.50e-07	1.07e-03	7.60e-02	4.70e-01	3.88e-01	6.19e-02	2.93e-03	1.37e-04	2.86e-06	0.00e+00	0.00e+00	0.00e+00
 6.82665e+22	7.04e-12	7.84e-07	1.23e-03	8.10e-02	4.76e-01	3.80e-01	5.90e-02	2.74e-03	1.26e-04	2.62e-06	0.00e+00	0.00e+00	0.00e+00
 6.86638e+22	9.20e-12	9.20e-07	1.39e-03	8.57e-02	4.82e-01	3.72e-01	5.64e-02	2.57e-03	1.17e-04	2.42e-06	0.00e+00	0.00e+00	0.00e+00
 6.90791e+22	1.23e-11	1.09e-06	1.59e-03	9.09e-02	4.87e-01	3.64e-01	5.38e-02	2.41e-03	1.09e-04	2.22e-06	0.00e+00	0.00e+00	0.00e+00
 6.95362e+22	1.73e-11	1.33e-06	1.85e-03	9.72e-02	4.93e-01	3.55e-01	5.10e-02	2.23e-03	1.00e-04	2.03e-06	0.00e+00	0.00e+00	0.00e+00
 6.99332e+22	2.31e-11	1.60e-06	2.14e-03	1.04e-01	4.98e-01	3.46e-01	4.85e-02	2.08e-03	9.25e-05	1.86e-06	0.00e+00	0.00e+00	0.00e+00
 7.02564e+22	3.16e-11	1.88e-06	2.42e-03	1.09e-01	5.01e-01	3.39e-01	4.65e-02	1.97e-03	8.70e-05	1.74e-06	0.00e+00	0.00e+00	0.00e+00
 7.05495e+22	4.11e-11	2.18e-06	2.72e-03	1.15e-01	5.04e-01	3.32e-01	4.47e-02	1.87e-03	8.19e-05	1.63e-06	0.00e+00	0.00e+00	0.00e+00
 7.08824e+22	5.59e-11	2.60e-06	3.13e-03	1.22e-01	5.08e-01	3.23e-01	4.25e-02	1.75e-03	7.62e-05	1.50e-06	0.00e+00	0.00e+00	0.00e+00
 7.12394e+22	8.03e-11	3.18e-06	3.68e-03	1.30e-01	5.11e-01	3.14e-01	4.02e-02	1.62e-03	7.04e-05	1.38e-06	0.00e+00	0.00e+00	0.00e+00
 7.15366e+22	1.11e-10	3.83e-06	4.29e-03	1.38e-01	5.13e-01	3.05e-01	3.82e-02	1.52e-03	6.54e-05	1.28e-06	0.00e+00	0.00e+00	0.00e+00
 7.17734e+22	1.43e-10	4.45e-06	4.86e-03	1.45e-01	5.15e-01	2.97e-01	3.66e-02	1.43e-03	6.15e-05	1.19e-06	0.00e+00	0.00e+00	0.00e+00
 7.20232e+22	1.92e-10	5.26e-06	5.58e-03	1.53e-01	5.16e-01	2.89e-01	3.48e-02	1.35e-03	5.75e-05	1.11e-06	0.00e+00	0.00e+00	0.00e+00
 7.23017e+22	2.79e-10	6.39e-06	6.56e-03	1.63e-01	5.16e-01	2.80e-01	3.30e-02	1.26e-03	5.35e-05	1.03e-06	0.00e+00	0.00e+00	0.00e+00
 7.25511e+22	3.91e-10	7.72e-06	7.70e-03	1.73e-01	5.16e-01	2.70e-01	3.11e-02	1.17e-03	4.96e-05	9.51e-07	0.00e+00	0.00e+00	0.00e+00
 7.27590e+22	5.22e-10	9.13e-06	8.89e-03	1.83e-01	5.16e-01	2.62e-01	2.95e-02	1.10e-03	4.63e-05	0.00e+00	0.00e+00	0.00e+00	0.00e+00
 7.29794e+22	7.19e-10	1.09e-05	1.04e-02	1.94e-01	5.14e-01	2.53e-01	2.78e-02	1.02e-03	4.29e-05	0.00e+00	0.00e+00	0.00e+00	0.00e+00
 7.32230e+22	1.04e-09	1.35e-05	1.25e-02	2.08e-01	5.11e-01	2.42e-01	2.59e-02	9.34e-04	3.92e-05	0.00e+00	0.00e+00	0.00e+00	0.00e+00
 7.34399e+22	1.47e-09	1.64e-05	1.48e-02	2.21e-01	5.08e-01	2.31e-01	2.42e-02	8.57e-04	3.59e-05	0.00e+00	0.00e+00	0.00e+00	0.00e+00
 7.36247e+22	1.98e-09	1.96e-05	1.73e-02	2.34e-01	5.04e-01	2.21e-01	2.26e-02	7.90e-04	3.30e-05	0.00e+00	0.00e+00	0.00e+00	0.00e+00
 7.38252e+22	2.75e-09	2.38e-05	2.05e-02	2.49e-01	4.98e-01	2.10e-01	2.09e-02	7.19e-04	3.00e-05	0.00e+00	0.00e+00	0.00e+00	0.00e+00
 7.40510e+22	3.98e-09	2.98e-05	2.50e-02	2.67e-01	4.90e-01	1.98e-01	1.90e-02	6.43e-04	2.68e-05	0.00e+00	0.00e+00	0.00e+00	0.00e+00
 7.42614e+22	5.68e-09	3.69e-05	3.03e-02	2.86e-01	4.81e-01	1.85e-01	1.73e-02	5.72e-04	2.38e-05	0.00e+00	0.00e+00	0.00e+00	0.00e+00
 7.44512e+22	7.80e-09	4.47e-05	3.59e-02	3.03e-01	4.71e-01	1.74e-01	1.57e-02	5.12e-04	2.13e-05	0.00e+00	0.00e+00	0.00e+00	0.00e+00
 7.46625e+22	1.10e-08	5.55e-05	4.35e-02	3.24e-01	4.58e-01	1.60e-01	1.39e-02	4.45e-04	1.85e-05	0.00e+00	0.00e+00	0.00e+00	0.00e+00
 7.48950e+22	1.59e-08	7.01e-05	5.35e-02	3.47e-01	4.41e-01	1.46e-01	1.21e-02	3.79e-04	1.57e-05	0.00e+00	0.00e+00	0.00e+00	0.00e+00
 7.51065e+22	2.21e-08	8.64e-05	6.43e-02	3.68e-01	4.24e-01	1.32e-01	1.06e-02	3.23e-04	1.33e-05	0.00e+00	0.00e+00	0.00e+00	0.00e+00
 7.53025e+22	2.96e-08	1.04e-04	7.57e-02	3.87e-01	4.07e-01	1.20e-01	9.28e-03	2.77e-04	1.14e-05	0.00e+00	0.00e+00	0.00e+00	0.00e+00
 7.55267e+22	4.04e-08	1.27e-04	9.03e-02	4.08e-01	3.86e-01	1.07e-01	7.90e-03	2.30e-04	9.43e-06	0.00e+00	0.00e+00	0.00e+00	0.00e+00
 7.58182e+22	5.87e-08	1.63e-04	1.12e-01	4.32e-01	3.58e-01	9.17e-02	6.35e-03	1.79e-04	7.29e-06	0.00e+00	0.00e+00	0.00e+00	0.00e+00
 7.61224e+22	8.42e-08	2.06e-04	1.37e-01	4.53e-01	3.28e-01	7.71e-02	5.01e-03	1.37e-04	5.53e-06	0.00e+00	0.00e+00	0.00e+00	0.00e+00
 7.63860e+22	1.12e-07	2.48e-04	1.60e-01	4.67e-01	3.02e-01	6.60e-02	4.05e-03	1.07e-04	4.32e-06	0.00e+00	0.00e+00	0.00e+00	0.00e+00
 7.66717e+22	1.47e-07	2.98e-04	1.87e-01	4.79e-01	2.75e-01	5.54e-02	3.21e-03	8.25e-05	3.30e-06	0.00e+00	0.00e+00	0.00e+00	0.00e+00
 7.70303e+22	2.00e-07	3.65e-04	2.21e-01	4.88e-01	2.44e-01	4.45e-02	2.39e-03	5.94e-05	2.35e-06	0.00e+00	0.00e+00	0.00e+00	0.00e+00
 7.74309e+22	2.71e-07	4.45e-04	2.60e-01	4.91e-01	2.12e-01	3.48e-02	1.73e-03	4.14e-05	1.61e-06	0.00e+00	0.00e+00	0.00e+00	0.00e+00
 7.78379e+22	3.54e-07	5.31e-04	2.99e-01	4.88e-01	1.84e-01	2.72e-02	1.25e-03	2.89e-05	1.11e-06	0.00e+00	0.00e+00	0.00e+00	0.00e+00
 7.82578e+22	4.51e-07	6.21e-04	3.39e-01	4.80e-01	1.58e-01	2.11e-02	9.02e-04	2.02e-05	7.65e-07	0.00e+00	0.00e+00	0.00e+00	0.00e+00
 7.87155e+22	5.69e-07	7.21e-04	3.80e-01	4.68e-01	1.35e-01	1.62e-02	6.40e-04	1.38e-05	0.00e+00	0.00e+00	0.00e+00	0.00e+00	0.00e+00
 7.92231e+22	7.13e-07	8.32e-04	4.23e-01	4.51e-01	1.13e-01	1.22e-02	4.44e-04	9.31e-06	0.00e+00	0.00e+00	0.00e+00	0.00e+00	0.00e+00
 7.97800e+22	8.84e-07	9.53e-04	4.67e-01	4.29e-01	9.38e-02	9.08e-03	3.04e-04	6.17e-06	0.00e+00	0.00e+00	0.00e+00	0.00e+00	0.00e+00
 8.03918e+22	1.08e-06	1.08e-03	5.11e-01	4.05e-01	7.69e-02	6.66e-03	2.05e-04	4.04e-06	0.00e+00	0.00e+00	0.00e+00	0.00e+00	0.00e+00
 8.10637e+22	1.31e-06	1.22e-03	5.54e-01	3.77e-01	6.23e-02	4.84e-03	1.37e-04	2.62e-06	0.00e+00	0.00e+00	0.00e+00	0.00e+00	0.00e+00
 8.18088e+22	1.56e-06	1.37e-03	5.97e-01	3.48e-01	4.99e-02	3.49e-03	9.08e-05	1.69e-06	0.00e+00	0.00e+00	0.00e+00	0.00e+00	0.00e+00
 8.26531e+22	1.83e-06	1.53e-03	6.39e-01	3.18e-01	3.94e-02	2.48e-03	5.93e-05	1.07e-06	0.00e+00	0.00e+00	0.00e+00	0.00e+00	0.00e+00
 8.36135e+22	2.12e-06	1.71e-03	6.80e-01	2.86e-01	3.06e-02	1.74e-03	3.82e-05	6.76e-07	0.00e+00	0.00e+00	0.00e+00	0.00e+00	0.00e+00
 8.47043e+22	2.42e-06	1.90e-03	7.19e-01	2.54e-01	2.35e-02	1.22e-03	2.45e-05	0.00e+00	0.00e+00	0.00e+00	0.00e+00	0.00e+00	0.00e+00
 8.59560e+22	2.72e-06	2.11e-03	7.56e-01	2.23e-01	1.78e-02	8.45e-04	1.56e-05	0.00e+00	0.00e+00	0.00e+00	0.00e+00	0.00e+00	0.00e+00
 8.74108e+22	3.04e-06	2.33e-03	7.91e-01	1.93e-01	1.33e-02	5.85e-04	9.94e-06	0.00e+00	0.00e+00	0.00e+00	0.00e+00	0.00e+00	0.00e+00
 8.91370e+22	3.36e-06	2.59e-03	8.24e-01	1.63e-01	9.76e-03	4.02e-04	6.23e-06	0.00e+00	0.00e+00	0.00e+00	0.00e+00	0.00e+00	0.00e+00
 9.11539e+22	3.75e-06	2.88e-03	8.53e-01	1.37e-01	7.17e-03	2.78e-04	3.94e-06	0.00e+00	0.00e+00	0.00e+00	0.00e+00	0.00e+00	0.00e+00
 9.36238e+22	4.23e-06	3.22e-03	8.80e-01	1.11e-01	5.25e-03	1.91e-04	2.48e-06	0.00e+00	0.00e+00	0.00e+00	0.00e+00	0.00e+00	0.00e+00
 9.68348e+22	4.92e-06	3.65e-03	9.05e-01	8.79e-02	3.81e-03	1.28e-04	1.54e-06	0.00e+00	0.00e+00	0.00e+00	0.00e+00	0.00e+00	0.00e+00
 1.00278e+23	5.84e-06	4.13e-03	9.23e-01	6.95e-02	2.92e-03	8.92e-05	1.02e-06	0.00e+00	0.00e+00	0.00e+00	0.00e+00	0.00e+00	0.00e+00
 1.03015e+23	6.75e-06	4.51e-03	9.34e-01	5.87e-02	2.47e-03	6.93e-05	7.85e-07	0.00e+00	0.00e+00	0.00e+00	0.00e+00	0.00e+00	0.00e+00
 1.05110e+23	7.52e-06	4.79e-03	9.41e-01	5.20e-02	2.23e-03	5.83e-05	0.00e+00	0.00e+00	0.00e+00	0.00e+00	0.00e+00	0.00e+00	0.00e+00
 1.07376e+23	8.46e-06	5.11e-03	9.47e-01	4.60e-02	2.03e-03	4.90e-05	0.00e+00	0.00e+00	0.00e+00	0.00e+00	0.00e+00	0.00e+00	0.00e+00
 1.10321e+23	9.97e-06	5.55e-03	9.53e-01	3.95e-02	1.83e-03	3.98e-05	0.00e+00	0.00e+00	0.00e+00	0.00e+00	0.00e+00	0.00e+00	0.00e+00
 1.14151e+23	1.25e-05	6.21e-03	9.59e-01	3.28e-02	1.65e-03	3.11e-05	0.00e+00	0.00e+00	0.00e+00	0.00e+00	0.00e+00	0.00e+00	0.00e+00
 1.17964e+23	1.64e-05	7.00e-03	9.64e-01	2.75e-02	1.50e-03	2.44e-05	0.00e+00	0.00e+00	0.00e+00	0.00e+00	0.00e+00	0.00e+00	0.00e+00
 1.20730e+23	2.00e-05	7.64e-03	9.67e-01	2.42e-02	1.41e-03	2.06e-05	0.00e+00	0.00e+00	0.00e+00	0.00e+00	0.00e+00	0.00e+00	0.00e+00
 1.22853e+23	2.33e-05	8.16e-03	9.69e-01	2.19e-02	1.36e-03	1.81e-05	0.00e+00	0.00e+00	0.00e+00	0.00e+00	0.00e+00	0.00e+00	0.00e+00
 1.25166e+23	2.75e-05	8.79e-03	9.70e-01	1.97e-02	1.30e-03	1.58e-05	0.00e+00	0.00e+00	0.00e+00	0.00e+00	0.00e+00	0.00e+00	0.00e+00
 1.28173e+23	3.44e-05	9.76e-03	9.72e-01	1.71e-02	1.24e-03	1.32e-05	0.00e+00	0.00e+00	0.00e+00	0.00e+00	0.00e+00	0.00e+00	0.00e+00
 1.31338e+23	4.46e-05	1.11e-02	9.73e-01	1.45e-02	1.17e-03	1.08e-05	0.00e+00	0.00e+00	0.00e+00	0.00e+00	0.00e+00	0.00e+00	0.00e+00
 1.33826e+23	5.58e-05	1.23e-02	9.74e-01	1.26e-02	1.11e-03	9.05e-06	0.00e+00	0.00e+00	0.00e+00	0.00e+00	0.00e+00	0.00e+00	0.00e+00
 1.35674e+23	6.54e-05	1.34e-02	9.74e-01	1.12e-02	1.06e-03	7.87e-06	0.00e+00	0.00e+00	0.00e+00	0.00e+00	0.00e+00	0.00e+00	0.00e+00
 1.37572e+23	7.69e-05	1.46e-02	9.74e-01	9.96e-03	1.02e-03	6.82e-06	0.00e+00	0.00e+00	0.00e+00	0.00e+00	0.00e+00	0.00e+00	0.00e+00
 1.40039e+23	9.51e-05	1.64e-02	9.74e-01	8.38e-03	9.52e-04	5.56e-06	0.00e+00	0.00e+00	0.00e+00	0.00e+00	0.00e+00	0.00e+00	0.00e+00
 1.42502e+23	1.22e-04	1.91e-02	9.73e-01	6.81e-03	8.73e-04	4.33e-06	0.00e+00	0.00e+00	0.00e+00	0.00e+00	0.00e+00	0.00e+00	0.00e+00
 1.44235e+23	1.48e-04	2.14e-02	9.72e-01	5.74e-03	8.07e-04	3.50e-06	0.00e+00	0.00e+00	0.00e+00	0.00e+00	0.00e+00	0.00e+00	0.00e+00
 1.45418e+23	1.69e-04	2.32e-02	9.71e-01	5.07e-03	7.59e-04	3.00e-06	0.00e+00	0.00e+00	0.00e+00	0.00e+00	0.00e+00	0.00e+00	0.00e+00
 1.46612e+23	1.92e-04	2.52e-02	9.69e-01	4.46e-03	7.12e-04	2.56e-06	0.00e+00	0.00e+00	0.00e+00	0.00e+00	0.00e+00	0.00e+00	0.00e+00
 1.48163e+23	2.30e-04	2.84e-02	9.67e-01	3.72e-03	6.48e-04	2.04e-06	0.00e+00	0.00e+00	0.00e+00	0.00e+00	0.00e+00	0.00e+00	0.00e+00
 1.49708e+23	2.83e-04	3.28e-02	9.63e-01	2.97e-03	5.69e-04	1.52e-06	0.00e+00	0.00e+00	0.00e+00	0.00e+00	0.00e+00	0.00e+00	0.00e+00
 1.50777e+23	3.34e-04	3.66e-02	9.60e-01	2.48e-03	5.07e-04	1.18e-06	0.00e+00	0.00e+00	0.00e+00	0.00e+00	0.00e+00	0.00e+00	0.00e+00
 1.51308e+23	3.64e-04	3.90e-02	9.58e-01	2.23e-03	4.72e-04	1.02e-06	0.00e+00	0.00e+00	0.00e+00	0.00e+00	0.00e+00	0.00e+00	0.00e+00
 1.51518e+23	3.75e-04	3.97e-02	9.57e-01	2.15e-03	4.60e-04	9.65e-07	0.00e+00	0.00e+00	0.00e+00	0.00e+00	0.00e+00	0.00e+00	0.00e+00
 1.51701e+23	3.84e-04	4.05e-02	9.57e-01	2.08e-03	4.50e-04	0.00e+00	0.00e+00	0.00e+00	0.00e+00	0.00e+00	0.00e+00	0.00e+00	0.00e+00
 1.51939e+23	3.98e-04	4.16e-02	9.56e-01	2.00e-03	4.37e-04	0.00e+00	0.00e+00	0.00e+00	0.00e+00	0.00e+00	0.00e+00	0.00e+00	0.00e+00
 1.52248e+23	4.18e-04	4.31e-02	9.54e-01	1.89e-03	4.21e-04	0.00e+00	0.00e+00	0.00e+00	0.00e+00	0.00e+00	0.00e+00	0.00e+00	0.00e+00
 1.52649e+23	4.45e-04	4.52e-02	9.52e-01	1.76e-03	3.99e-04	0.00e+00	0.00e+00	0.00e+00	0.00e+00	0.00e+00	0.00e+00	0.00e+00	0.00e+00
 1.53065e+23	4.78e-04	4.78e-02	9.50e-01	1.61e-03	3.75e-04	0.00e+00	0.00e+00	0.00e+00	0.00e+00	0.00e+00	0.00e+00	0.00e+00	0.00e+00
 1.53383e+23	5.05e-04	5.00e-02	9.48e-01	1.50e-03	3.55e-04	0.00e+00	0.00e+00	0.00e+00	0.00e+00	0.00e+00	0.00e+00	0.00e+00	0.00e+00
 1.53623e+23	5.27e-04	5.17e-02	9.46e-01	1.42e-03	3.41e-04	0.00e+00	0.00e+00	0.00e+00	0.00e+00	0.00e+00	0.00e+00	0.00e+00	0.00e+00
 1.53876e+23	5.49e-04	5.35e-02	9.44e-01	1.34e-03	3.27e-04	0.00e+00	0.00e+00	0.00e+00	0.00e+00	0.00e+00	0.00e+00	0.00e+00	0.00e+00
 1.54205e+23	5.82e-04	5.62e-02	9.42e-01	1.25e-03	3.09e-04	0.00e+00	0.00e+00	0.00e+00	0.00e+00	0.00e+00	0.00e+00	0.00e+00	0.00e+00
 1.54543e+23	6.24e-04	5.93e-02	9.39e-01	1.14e-03	2.89e-04	0.00e+00	0.00e+00	0.00e+00	0.00e+00	0.00e+00	0.00e+00	0.00e+00	0.00e+00
 1.54797e+23	6.56e-04	6.20e-02	9.36e-01	1.07e-03	2.74e-04	0.00e+00	0.00e+00	0.00e+00	0.00e+00	0.00e+00	0.00e+00	0.00e+00	0.00e+00
 1.54987e+23	6.80e-04	6.39e-02	9.34e-01	1.01e-03	2.63e-04	0.00e+00	0.00e+00	0.00e+00	0.00e+00	0.00e+00	0.00e+00	0.00e+00	0.00e+00
 1.55189e+23	7.07e-04	6.61e-02	9.32e-01	9.64e-04	2.52e-04	0.00e+00	0.00e+00	0.00e+00	0.00e+00	0.00e+00	0.00e+00	0.00e+00	0.00e+00
 1.55451e+23	7.45e-04	6.94e-02	9.29e-01	8.98e-04	2.38e-04	0.00e+00	0.00e+00	0.00e+00	0.00e+00	0.00e+00	0.00e+00	0.00e+00	0.00e+00
 1.55724e+23	7.94e-04	7.33e-02	9.25e-01	8.27e-04	2.22e-04	0.00e+00	0.00e+00	0.00e+00	0.00e+00	0.00e+00	0.00e+00	0.00e+00	0.00e+00
 1.55936e+23	8.33e-04	7.66e-02	9.22e-01	7.72e-04	2.09e-04	0.00e+00	0.00e+00	0.00e+00	0.00e+00	0.00e+00	0.00e+00	0.00e+00	0.00e+00
 1.56096e+23	8.62e-04	7.91e-02	9.19e-01	7.33e-04	2.00e-04	0.00e+00	0.00e+00	0.00e+00	0.00e+00	0.00e+00	0.00e+00	0.00e+00	0.00e+00
 1.56265e+23	8.94e-04	8.19e-02	9.16e-01	6.96e-04	1.92e-04	0.00e+00	0.00e+00	0.00e+00	0.00e+00	0.00e+00	0.00e+00	0.00e+00	0.00e+00
 1.56485e+23	9.41e-04	8.61e-02	9.12e-01	6.49e-04	1.80e-04	0.00e+00	0.00e+00	0.00e+00	0.00e+00	0.00e+00	0.00e+00	0.00e+00	0.00e+00
 1.56713e+23	1.00e-03	9.12e-02	9.07e-01	5.96e-04	1.67e-04	0.00e+00	0.00e+00	0.00e+00	0.00e+00	0.00e+00	0.00e+00	0.00e+00	0.00e+00
 1.56889e+23	1.05e-03	9.55e-02	9.03e-01	5.56e-04	1.57e-04	0.00e+00	0.00e+00	0.00e+00	0.00e+00	0.00e+00	0.00e+00	0.00e+00	0.00e+00
 1.57022e+23	1.08e-03	9.86e-02	9.00e-01	5.29e-04	1.50e-04	0.00e+00	0.00e+00	0.00e+00	0.00e+00	0.00e+00	0.00e+00	0.00e+00	0.00e+00
 1.57163e+23	1.12e-03	1.02e-01	8.96e-01	5.02e-04	1.44e-04	0.00e+00	0.00e+00	0.00e+00	0.00e+00	0.00e+00	0.00e+00	0.00e+00	0.00e+00
 1.57348e+23	1.18e-03	1.08e-01	8.90e-01	4.67e-04	1.34e-04	0.00e+00	0.00e+00	0.00e+00	0.00e+00	0.00e+00	0.00e+00	0.00e+00	0.00e+00
 1.57540e+23	1.25e-03	1.15e-01	8.83e-01	4.28e-04	1.24e-04	0.00e+00	0.00e+00	0.00e+00	0.00e+00	0.00e+00	0.00e+00	0.00e+00	0.00e+00
 1.57690e+23	1.31e-03	1.20e-01	8.78e-01	3.98e-04	1.16e-04	0.00e+00	0.00e+00	0.00e+00	0.00e+00	0.00e+00	0.00e+00	0.00e+00	0.00e+00
 1.57805e+23	1.36e-03	1.25e-01	8.73e-01	3.76e-04	1.10e-04	0.00e+00	0.00e+00	0.00e+00	0.00e+00	0.00e+00	0.00e+00	0.00e+00	0.00e+00
 1.57928e+23	1.40e-03	1.30e-01	8.68e-01	3.55e-04	1.05e-04	0.00e+00	0.00e+00	0.00e+00	0.00e+00	0.00e+00	0.00e+00	0.00e+00	0.00e+00
 1.58088e+23	1.48e-03	1.37e-01	8.61e-01	3.29e-04	9.72e-05	0.00e+00	0.00e+00	0.00e+00	0.00e+00	0.00e+00	0.00e+00	0.00e+00	0.00e+00
 1.58257e+23	1.57e-03	1.47e-01	8.51e-01	2.98e-04	8.85e-05	0.00e+00	0.00e+00	0.00e+00	0.00e+00	0.00e+00	0.00e+00	0.00e+00	0.00e+00
 1.58391e+23	1.65e-03	1.56e-01	8.42e-01	2.73e-04	8.15e-05	0.00e+00	0.00e+00	0.00e+00	0.00e+00	0.00e+00	0.00e+00	0.00e+00	0.00e+00
 1.58497e+23	1.71e-03	1.63e-01	8.35e-01	2.55e-04	7.65e-05	0.00e+00	0.00e+00	0.00e+00	0.00e+00	0.00e+00	0.00e+00	0.00e+00	0.00e+00
 1.58610e+23	1.78e-03	1.71e-01	8.27e-01	2.38e-04	7.15e-05	0.00e+00	0.00e+00	0.00e+00	0.00e+00	0.00e+00	0.00e+00	0.00e+00	0.00e+00
 1.58757e+23	1.89e-03	1.83e-01	8.14e-01	2.16e-04	6.49e-05	0.00e+00	0.00e+00	0.00e+00	0.00e+00	0.00e+00	0.00e+00	0.00e+00	0.00e+00
 1.58905e+23	2.02e-03	1.99e-01	7.99e-01	1.91e-04	5.75e-05	0.00e+00	0.00e+00	0.00e+00	0.00e+00	0.00e+00	0.00e+00	0.00e+00	0.00e+00
 1.59012e+23	2.12e-03	2.12e-01	7.86e-01	1.72e-04	5.21e-05	0.00e+00	0.00e+00	0.00e+00	0.00e+00	0.00e+00	0.00e+00	0.00e+00	0.00e+00
 1.59088e+23	2.18e-03	2.20e-01	7.77e-01	1.61e-04	4.88e-05	0.00e+00	0.00e+00	0.00e+00	0.00e+00	0.00e+00	0.00e+00	0.00e+00	0.00e+00
 1.59168e+23	2.25e-03	2.31e-01	7.67e-01	1.50e-04	4.55e-05	0.00e+00	0.00e+00	0.00e+00	0.00e+00	0.00e+00	0.00e+00	0.00e+00	0.00e+00
 1.59271e+23	2.36e-03	2.46e-01	7.51e-01	1.36e-04	4.11e-05	0.00e+00	0.00e+00	0.00e+00	0.00e+00	0.00e+00	0.00e+00	0.00e+00	0.00e+00
 1.59378e+23	2.50e-03	2.66e-01	7.31e-01	1.20e-04	3.61e-05	0.00e+00	0.00e+00	0.00e+00	0.00e+00	0.00e+00	0.00e+00	0.00e+00	0.00e+00
 1.59461e+23	2.60e-03	2.83e-01	7.14e-01	1.07e-04	3.22e-05	0.00e+00	0.00e+00	0.00e+00	0.00e+00	0.00e+00	0.00e+00	0.00e+00	0.00e+00
 1.59521e+23	2.66e-03	2.95e-01	7.02e-01	9.90e-05	2.98e-05	0.00e+00	0.00e+00	0.00e+00	0.00e+00	0.00e+00	0.00e+00	0.00e+00	0.00e+00
 1.59582e+23	2.72e-03	3.09e-01	6.88e-01	9.15e-05	2.75e-05	0.00e+00	0.00e+00	0.00e+00	0.00e+00	0.00e+00	0.00e+00	0.00e+00	0.00e+00
 1.59661e+23	2.82e-03	3.29e-01	6.68e-01	8.18e-05	2.45e-05	0.00e+00	0.00e+00	0.00e+00	0.00e+00	0.00e+00	0.00e+00	0.00e+00	0.00e+00
 1.59742e+23	2.94e-03	3.55e-01	6.42e-01	7.10e-05	2.11e-05	0.00e+00	0.00e+00	0.00e+00	0.00e+00	0.00e+00	0.00e+00	0.00e+00	0.00e+00
 1.59802e+23	3.01e-03	3.75e-01	6.22e-01	6.32e-05	1.87e-05	0.00e+00	0.00e+00	0.00e+00	0.00e+00	0.00e+00	0.00e+00	0.00e+00	0.00e+00
 1.59845e+23	3.04e-03	3.88e-01	6.09e-01	5.84e-05	1.73e-05	0.00e+00	0.00e+00	0.00e+00	0.00e+00	0.00e+00	0.00e+00	0.00e+00	0.00e+00
 1.59889e+23	3.06e-03	4.04e-01	5.93e-01	5.40e-05	1.59e-05	0.00e+00	0.00e+00	0.00e+00	0.00e+00	0.00e+00	0.00e+00	0.00e+00	0.00e+00
 1.59945e+23	3.11e-03	4.27e-01	5.70e-01	4.83e-05	1.41e-05	0.00e+00	0.00e+00	0.00e+00	0.00e+00	0.00e+00	0.00e+00	0.00e+00	0.00e+00
 1.60006e+23	3.16e-03	4.55e-01	5.42e-01	4.21e-05	1.22e-05	0.00e+00	0.00e+00	0.00e+00	0.00e+00	0.00e+00	0.00e+00	0.00e+00	0.00e+00
